0 0
1 13
2 24
3 35
4 46
5 57
6 68
7 79
8 90
9 101
10 112
11 123
12 134
13 145
14 156
15 167
16 178
17 189
18 200
19 211
20 222
21 233
22 244
23 255
24 266
25 277
26 288
27 299
28 310
29 321
30 332
31 343
32 354
33 365
34 376
35 387
36 398
37 409
38 420
39 431
40 442
41 453
42 464
43 475
44 486
45 497
46 508
47 519
48 530
49 541
50 552
51 563
52 574
53 585
54 596
55 607
56 618
57 629
58 640
59 651
60 662
61 673
62 684
63 695
64 706
65 717
66 728
67 739
68 750
69 761
70 772
71 783
72 794
73 805
74 816
75 827
76 838
77 849
78 860
79 871
80 882
81 893
82 904
83 915
84 926
85 937
86 948
87 959
88 970
89 981
90 992
91 1003
92 1014
93 1025
94 1036
95 1047
96 1058
97 1069
98 1080
99 1091
100 1102
101 1113
102 1124
103 1135
104 1146
105 1157
106 1168
107 1179
108 1190
109 1201
110 1212
111 1223
112 1234
113 1245
114 1256
115 1267
116 1278
117 1289
118 1300
119 1311
120 1322
121 1333
122 1344
123 1355
124 1366
125 1377
126 1388
127 1399
128 1410
129 1421
130 1432
131 1443
132 1454
133 1465
134 1476
135 1487
136 1498
137 1509
138 1520
139 1531
140 1542
141 1553
142 1564
143 1575
144 1586
145 1597
146 1608
147 1619
148 1630
149 1641
150 1652
151 1663
152 1674
153 1685
154 1696
155 1707
156 1718
157 1729
158 1740
159 1751
160 1762
161 1773
162 1784
163 1795
164 1806
165 1817
166 1828
167 1839
168 1850
169 1861
170 1872
171 1883
172 1894
173 1905
174 1916
175 1927
176 1938
177 1949
178 1960
179 1971
180 1982
181 1993
182 2004
183 2015
184 2026
185 2037
186 2048
187 2059
188 2070
189 2081
190 2092
191 2103
192 2114
193 2125
194 2136
195 2147
196 2158
197 2169
198 2180
199 2191
200 2202
201 2213
202 2224
203 2235
204 2246
205 2257
206 2268
207 2279
208 2290
209 2301
210 2312
211 2323
212 2334
213 2345
214 2356
215 2367
216 2378
217 2389
218 2400
219 2411
220 2422
221 2433
222 2444
223 2455
224 2466
225 2477
226 2488
227 2499
228 2510
229 2521
230 2532
231 2543
232 2554
233 2565
234 2576
235 2587
236 2598
237 2609
238 2620
239 2631
240 2642
241 2653
242 2664
243 2675
244 2686
245 2697
246 2708
247 2719
248 2730
249 2741
250 2752
251 2763
252 2774
253 2785
254 2796
255 2807
256 2818
257 2829
258 2840
259 2851
260 2862
261 2873
262 2884
263 2895
264 2906
265 2917
266 2928
267 2939
268 2950
269 2961
270 2972
271 2983
272 2994
273 3005
274 3016
275 3027
276 3038
277 3049
278 3060
279 3071
280 3082
281 3093
282 3104
283 3115
284 3126
285 3137
286 3148
287 3159
288 3170
289 3181
290 3192
291 3203
292 3214
293 3225
294 3236
295 3247
296 3258
297 3269
298 3280
299 3291
300 3302
301 3313
302 3324
303 3335
304 3346
305 3357
306 3368
307 3379
308 3390
309 3401
310 3412
311 3423
312 3434
313 3445
314 3456
315 3467
316 3478
317 3489
318 3500
319 3511
320 3522
321 3533
322 3544
323 3555
324 3566
325 3577
326 3588
327 3599
328 3610
329 3621
330 3632
331 3643
332 3654
333 3665
334 3676
335 3687
336 3698
337 3709
338 3720
339 3731
340 3742
341 3753
342 3764
343 3775
344 3786
345 3797
346 3808
347 3819
348 3830
349 3841
350 3852
351 3863
352 3874
353 3885
354 3896
355 3907
356 3918
357 3929
358 3940
359 3951
360 3962
361 3973
362 3984
363 3995
364 4006
365 4017
366 4028
367 4039
368 4050
369 4061
370 4072
371 4083
372 4094
373 4105
374 4116
375 4127
376 4138
377 4149
378 4160
379 4171
380 4182
381 4193
382 4204
383 4215
384 4226
385 4237
386 4248
387 4259
388 4270
389 4281
390 4292
391 4303
392 4314
393 4325
394 4336
395 4347
396 4358
397 4369
398 4380
399 4391
400 4402
401 4413
402 4424
403 4435
404 4446
405 4457
406 4468
407 4479
408 4490
409 4501
410 4512
411 4523
412 4534
413 4545
414 4556
415 4567
416 4578
417 4589
418 4600
419 4611
420 4622
421 4633
422 4644
423 4655
424 4666
425 4677
426 4688
427 4699
428 4710
429 4721
430 4732
431 4743
432 4754
433 4765
434 4776
435 4787
436 4798
437 4809
438 4820
439 4831
440 4842
441 4853
442 4864
443 4875
444 4886
445 4897
446 4908
447 4919
448 4930
449 4941
450 4952
451 4963
452 4974
453 4985
454 4996
455 5007
456 5018
457 5029
458 5040
459 5051
460 5062
461 5073
462 5084
463 5095
464 5106
465 5117
466 5128
467 5139
468 5150
469 5161
470 5172
471 5183
472 5194
473 5205
474 5216
475 5227
476 5238
477 5249
478 5260
479 5271
480 5282
481 5293
482 5304
483 5315
484 5326
485 5337
486 5348
487 5359
488 5370
489 5381
490 5392
491 5403
492 5414
493 5425
494 5436
495 5447
496 5458
497 5469
498 5480
499 5491
500 5502
501 5513
502 5524
503 5535
504 5546
505 5557
506 5568
507 5579
508 5590
509 5601
510 5612
511 5623
512 5634
513 5645
514 5656
515 5667
516 5678
517 5689
518 5700
519 5711
520 5722
521 5733
522 5744
523 5755
524 5766
525 5777
526 5788
527 5799
528 5810
529 5821
530 5832
531 5843
532 5854
533 5865
534 5876
535 5887
536 5898
537 5909
538 5920
539 5931
540 5942
541 5953
542 5964
543 5975
544 5986
545 5997
546 6008
547 6019
548 6030
549 6041
550 6052
551 6063
552 6074
553 6085
554 6096
555 6107
556 6118
557 6129
558 6140
559 6151
560 6162
561 6173
562 6184
563 6195
564 6206
565 6217
566 6228
567 6239
568 6250
569 6261
570 6272
571 6283
572 6294
573 6305
574 6316
575 6327
576 6338
577 6349
578 6360
579 6371
580 6382
581 6393
582 6404
583 6415
584 6426
585 6437
586 6448
587 6459
588 6470
589 6481
590 6492
591 6503
592 6514
593 6525
594 6536
595 6547
596 6558
597 6569
598 6580
599 6591
600 6602
601 6613
602 6624
603 6635
604 6646
605 6657
606 6668
607 6679
608 6690
609 6701
610 6712
611 6723
612 6734
613 6745
614 6756
615 6767
616 6778
617 6789
618 6800
619 6811
620 6822
621 6833
622 6844
623 6855
624 6866
625 6877
626 6888
627 6899
628 6910
629 6921
630 6932
631 6943
632 6954
633 6965
634 6976
635 6987
636 6998
637 7009
638 7020
639 7031
640 7042
641 7053
642 7064
643 7075
644 7086
645 7097
646 7108
647 7119
648 7130
649 7141
650 7152
651 7163
652 7174
653 7185
654 7196
655 7207
656 7218
657 7229
658 7240
659 7251
660 7262
661 7273
662 7284
663 7295
664 7306
665 7317
666 7328
667 7339
668 7350
669 7361
670 7372
671 7383
672 7394
673 7405
674 7416
675 7427
676 7438
677 7449
678 7460
679 7471
680 7482
681 7493
682 7504
683 7515
684 7526
685 7537
686 7548
687 7559
688 7570
689 7581
690 7592
691 7603
692 7614
693 7625
694 7636
695 7647
696 7658
697 7669
698 7680
699 7691
700 7702
701 7713
702 7724
703 7735
704 7746
705 7757
706 7768
707 7779
708 7790
709 7801
710 7812
711 7823
712 7834
713 7845
714 7856
715 7867
716 7878
717 7889
718 7900
719 7911
720 7922
721 7933
722 7944
723 7955
724 7966
725 7977
726 7988
727 7999
728 8010
729 8021
730 8032
731 8043
732 8054
733 8065
734 8076
735 8087
736 8098
737 8109
738 8120
739 8131
740 8142
741 8153
742 8164
743 8175
744 8186
745 8197
746 8208
747 8219
748 8230
749 8241
750 8252
751 8263
752 8274
753 8285
754 8296
755 8307
756 8318
757 8329
758 8340
759 8351
760 8362
761 8373
762 8384
763 8395
764 8406
765 8417
766 8428
767 8439
768 8450
769 8461
770 8472
771 8483
772 8494
773 8505
774 8516
775 8527
776 8538
777 8549
778 8560
779 8571
780 8582
781 8593
782 8604
783 8615
784 8626
785 8637
786 8648
787 8659
788 8670
789 8681
790 8692
791 8703
792 8714
793 8725
794 8736
795 8747
796 8758
797 8769
798 8780
799 8791
800 8802
801 8813
802 8824
803 8835
804 8846
805 8857
806 8868
807 8879
808 8890
809 8901
810 8912
811 8923
812 8934
813 8945
814 8956
815 8967
816 8978
817 8989
818 9000
819 9011
820 9022
821 9033
822 9044
823 9055
824 9066
825 9077
826 9088
827 9099
828 9110
829 9121
830 9132
831 9143
832 9154
833 9165
834 9176
835 9187
836 9198
837 9209
838 9220
839 9231
840 9242
841 9253
842 9264
843 9275
844 9286
845 9297
846 9308
847 9319
848 9330
849 9341
850 9352
851 9363
852 9374
853 9385
854 9396
855 9407
856 9418
857 9429
858 9440
859 9451
860 9462
861 9473
862 9484
863 9495
864 9506
865 9517
866 9528
867 9539
868 9550
869 9561
870 9572
871 9583
872 9594
873 9605
874 9616
875 9627
876 9638
877 9649
878 9660
879 9671
880 9682
881 9693
882 9704
883 9715
884 9726
885 9737
886 9748
887 9759
888 9770
889 9781
890 9792
891 9803
892 9814
893 9825
894 9836
895 9847
896 9858
897 9869
898 9880
899 9891
900 9902
901 9913
902 9924
903 9935
904 9946
905 9957
906 9968
907 9979
908 9990
909 10001
910 10012
911 10023
912 10034
913 10045
914 10056
915 10067
916 10078
917 10089
918 10100
919 10111
920 10122
921 10133
922 10144
923 10155
924 10166
925 10177
926 10188
927 10199
928 10210
929 10221
930 10232
931 10243
932 10254
933 10265
934 10276
935 10287
936 10298
937 10309
938 10320
939 10331
940 10342
941 10353
942 10364
943 10375
944 10386
945 10397
946 10408
947 10419
948 10430
949 10441
950 10452
951 10463
952 10474
953 10485
954 10496
955 10507
956 10518
957 10529
958 10540
959 10551
960 10562
961 10573
962 10584
963 10595
964 10606
965 10617
966 10628
967 10639
968 10650
969 10661
970 10672
971 10683
972 10694
973 10705
974 10716
975 10727
976 10738
977 10749
978 10760
979 10771
980 10782
981 10793
982 10804
983 10815
984 10826
985 10837
986 10848
987 10859
988 10870
989 10881
990 10892
991 10903
992 10914
993 10925
994 10936
995 10947
996 10958
997 10969
998 10980
999 10991
1000 11002
