0 1
1 0
2 0
3 1
4 0
5 1
6 1
7 1
8 1
9 2
10 2
11 1
12 3
13 2
14 3
15 4
16 3
17 4
18 5
19 5
20 5
21 7
22 6
23 7
24 9
25 8
26 9
27 11
28 11
29 11
30 14
31 13
32 14
33 17
34 16
35 18
36 20
37 20
38 21
39 24
40 24
41 25
42 29
43 28
44 30
45 34
46 33
47 35
48 39
49 39
50 41
51 45
52 45
53 47
54 52
55 52
56 54
57 59
58 59
59 62
60 67
61 67
62 70
63 76
64 76
65 79
66 85
67 85
68 89
69 95
70 96
71 99
72 106
73 107
74 110
75 118
76 118
77 123
78 130
79 131
80 136
81 143
82 145
83 149
84 158
85 159
86 164
87 173
88 174
89 180
90 189
91 191
92 196
93 206
94 208
95 214
96 224
97 226
98 233
99 243
100 246
101 252
102 263
103 266
104 273
105 285
106 287
107 295
108 307
109 310
110 318
111 330
112 334
113 342
114 355
115 359
116 367
117 381
118 385
119 394
120 408
121 412
122 422
123 436
124 441
125 451
126 466
127 471
128 481
129 497
130 502
131 513
132 529
133 535
134 546
135 563
136 569
137 580
138 598
139 604
140 617
141 634
142 641
143 654
144 672
145 680
146 692
147 712
148 719
149 733
150 753
151 760
152 775
153 795
154 804
155 818
156 839
157 848
158 863
159 885
160 894
161 910
162 932
163 942
164 958
165 981
166 991
167 1008
168 1032
169 1042
170 1060
171 1084
172 1095
173 1113
174 1138
175 1150
176 1168
177 1194
178 1206
179 1225
180 1252
181 1264
182 1284
183 1311
184 1324
185 1345
186 1372
187 1386
188 1407
189 1436
190 1450
191 1471
192 1501
193 1515
194 1538
195 1568
196 1583
197 1606
198 1637
199 1653
200 1676
201 1708
202 1724
203 1749
204 1781
205 1798
206 1823
207 1856
208 1874
209 1899
210 1934
211 1951
212 1978
213 2013
214 2031
215 2059
216 2094
217 2114
218 2141
219 2178
220 2198
221 2226
222 2264
223 2284
224 2314
225 2352
226 2373
227 2403
228 2442
229 2464
230 2495
231 2535
232 2557
233 2589
234 2630
235 2653
236 2685
237 2727
238 2751
239 2784
240 2827
241 2851
242 2885
243 2929
244 2954
245 2989
246 3033
247 3059
248 3095
249 3140
250 3167
251 3203
252 3250
253 3277
254 3314
255 3362
256 3389
257 3428
258 3476
259 3505
260 3544
261 3593
262 3623
263 3662
264 3713
265 3743
266 3784
267 3835
268 3866
269 3908
270 3960
271 3992
272 4034
273 4088
274 4120
275 4164
276 4218
277 4251
278 4296
279 4351
280 4386
281 4430
282 4487
283 4522
284 4568
285 4626
286 4661
287 4709
288 4767
289 4804
290 4852
291 4911
292 4949
293 4998
294 5059
295 5097
296 5147
297 5209
298 5248
299 5299
300 5362
301 5402
302 5454
303 5518
304 5559
305 5612
306 5677
307 5719
308 5773
309 5839
310 5882
311 5937
312 6004
313 6048
314 6104
315 6173
316 6217
317 6274
318 6344
319 6389
320 6448
321 6518
322 6565
323 6624
324 6696
325 6744
326 6803
327 6877
328 6925
329 6987
330 7061
331 7110
332 7173
333 7248
334 7299
335 7362
336 7439
337 7490
338 7555
339 7633
340 7685
341 7751
342 7830
343 7884
344 7950
345 8031
346 8085
347 8153
348 8235
349 8290
350 8360
351 8442
352 8499
353 8569
354 8653
355 8711
356 8782
357 8868
358 8926
359 8999
360 9086
361 9145
362 9219
363 9307
364 9368
365 9443
366 9532
367 9594
368 9670
369 9761
370 9824
371 9901
372 9993
373 10057
374 10136
375 10229
376 10294
377 10374
378 10469
379 10535
380 10616
381 10712
382 10779
383 10862
384 10959
385 11028
386 11111
387 11210
388 11280
389 11364
390 11465
391 11535
392 11622
393 11723
394 11795
395 11883
396 11985
397 12059
398 12147
399 12252
400 12326
401 12416
402 12522
403 12597
404 12689
405 12796
406 12873
407 12965
408 13074
409 13152
410 13246
411 13356
412 13435
413 13531
414 13642
415 13723
416 13819
417 13932
418 14014
419 14112
420 14227
421 14309
422 14409
423 14525
424 14609
425 14710
426 14827
427 14913
428 15015
429 15134
430 15221
431 15324
432 15445
433 15533
434 15638
435 15760
436 15849
437 15956
438 16079
439 16170
440 16278
441 16403
442 16495
443 16604
444 16731
445 16824
446 16935
447 17063
448 17158
449 17270
450 17400
451 17496
452 17609
453 17741
454 17838
455 17954
456 18086
457 18185
458 18302
459 18436
460 18537
461 18654
462 18791
463 18892
464 19012
465 19150
466 19252
467 19374
468 19513
469 19618
470 19740
471 19881
472 19987
473 20111
474 20254
475 20361
476 20487
477 20631
478 20740
479 20867
480 21013
481 21123
482 21252
483 21400
484 21511
485 21642
486 21791
487 21904
488 22036
489 22187
490 22302
491 22435
492 22588
493 22704
494 22839
495 22994
496 23111
497 23248
498 23404
499 23523
500 23662
501 23819
502 23940
503 24080
504 24240
505 24362
506 24503
507 24665
508 24788
509 24932
510 25095
511 25220
512 25365
513 25530
514 25657
515 25803
516 25970
517 26098
518 26247
519 26415
520 26545
521 26695
522 26865
523 26997
524 27148
525 27321
526 27453
527 27607
528 27781
529 27915
530 28071
531 28246
532 28383
533 28539
534 28717
535 28855
536 29013
537 29193
538 29332
539 29493
540 29674
541 29815
542 29977
543 30160
544 30303
545 30467
546 30652
547 30796
548 30962
549 31149
550 31295
551 31462
552 31651
553 31799
554 31968
555 32159
556 32308
557 32479
558 32672
559 32823
560 32996
561 33190
562 33343
563 33518
564 33714
565 33869
566 34045
567 34244
568 34400
569 34578
570 34779
571 34936
572 35117
573 35319
574 35479
575 35661
576 35865
577 36027
578 36210
579 36417
580 36580
581 36766
582 36974
583 37139
584 37327
585 37537
586 37704
587 37893
588 38106
589 38274
590 38466
591 38680
592 38850
593 39044
594 39260
595 39433
596 39627
597 39846
598 40020
599 40217
600 40438
601 40613
602 40813
603 41035
604 41213
605 41414
606 41638
607 41818
608 42021
609 42248
610 42429
611 42634
612 42863
613 43046
614 43253
615 43484
616 43669
617 43878
618 44111
619 44298
620 44509
621 44744
622 44933
623 45146
624 45383
625 45574
626 45789
627 46028
628 46221
629 46438
630 46680
631 46874
632 47093
633 47337
634 47533
635 47755
636 48000
637 48199
638 48422
639 48670
640 48871
641 49095
642 49346
643 49548
644 49776
645 50028
646 50232
647 50462
648 50716
649 50923
650 51154
651 51411
652 51619
653 51853
654 52112
655 52322
656 52558
657 52819
658 53032
659 53269
660 53533
661 53747
662 53987
663 54253
664 54469
665 54712
666 54979
667 55198
668 55442
669 55712
670 55933
671 56179
672 56452
673 56674
674 56923
675 57198
676 57422
677 57673
678 57950
679 58177
680 58430
681 58709
682 58938
683 59193
684 59475
685 59706
686 59963
687 60247
688 60480
689 60740
690 61026
691 61261
692 61523
693 61812
694 62049
695 62313
696 62604
697 62843
698 63110
699 63403
700 63645
701 63913
702 64209
703 64453
704 64723
705 65022
706 65267
707 65541
708 65841
709 66089
710 66365
711 66667
712 66918
713 67195
714 67501
715 67753
716 68033
717 68341
718 68595
719 68878
720 69188
721 69445
722 69729
723 70042
724 70301
725 70588
726 70903
727 71164
728 71454
729 71771
730 72035
731 72326
732 72646
733 72912
734 73206
735 73529
736 73796
737 74093
738 74418
739 74688
740 74987
741 75314
742 75587
743 75888
744 76218
745 76493
746 76796
747 77129
748 77406
749 77712
750 78047
751 78326
752 78635
753 78972
754 79254
755 79565
756 79905
757 80189
758 80502
759 80845
760 81131
761 81447
762 81792
763 82081
764 82399
765 82747
766 83038
767 83358
768 83709
769 84002
770 84326
771 84678
772 84974
773 85300
774 85655
775 85954
776 86281
777 86640
778 86940
779 87271
780 87632
781 87934
782 88268
783 88631
784 88937
785 89272
786 89638
787 89946
788 90284
789 90653
790 90963
791 91304
792 91675
793 91988
794 92331
795 92705
796 93020
797 93366
798 93743
799 94060
800 94409
801 94788
802 95108
803 95459
804 95841
805 96164
806 96517
807 96902
808 97227
809 97583
810 97971
811 98298
812 98657
813 99047
814 99377
815 99739
816 100131
817 100464
818 100828
819 101224
820 101559
821 101925
822 102324
823 102661
824 103031
825 103432
826 103772
827 104144
828 104548
829 104891
830 105265
831 105672
832 106017
833 106395
834 106804
835 107152
836 107532
837 107944
838 108295
839 108677
840 109093
841 109445
842 109831
843 110249
844 110604
845 110993
846 111413
847 111772
848 112162
849 112586
850 112947
851 113340
852 113767
853 114130
854 114527
855 114956
856 115322
857 115721
858 116153
859 116522
860 116924
861 117359
862 117730
863 118135
864 118573
865 118947
866 119354
867 119795
868 120172
869 120582
870 121026
871 121405
872 121818
873 122265
874 122647
875 123063
876 123512
877 123897
878 124316
879 124768
880 125156
881 125577
882 126033
883 126423
884 126847
885 127306
886 127698
887 128126
888 128587
889 128983
890 129413
891 129877
892 130276
893 130708
894 131176
895 131577
896 132013
897 132483
898 132887
899 133326
900 133799
901 134206
902 134647
903 135124
904 135533
905 135978
906 136457
907 136869
908 137317
909 137799
910 138215
911 138664
912 139150
913 139568
914 140021
915 140510
916 140930
917 141387
918 141878
919 142302
920 142761
921 143255
922 143682
923 144144
924 144642
925 145071
926 145536
927 146037
928 146469
929 146937
930 147441
931 147876
932 148347
933 148854
934 149292
935 149766
936 150276
937 150717
938 151194
939 151707
940 152151
941 152631
942 153147
943 153594
944 154077
945 154597
946 155046
947 155532
948 156055
949 156507
950 156997
951 157522
952 157978
953 158470
954 158999
955 159458
956 159952
957 160485
958 160946
959 161445
960 161980
961 162444
962 162946
963 163484
964 163952
965 164456
966 164998
967 165468
968 165976
969 166521
970 166994
971 167505
972 168053
973 168530
974 169043
975 169595
976 170074
977 170591
978 171146
979 171628
980 172149
981 172706
982 173192
983 173715
984 174276
985 174765
986 175291
987 175856
988 176347
989 176877
990 177445
991 177939
992 178472
993 179043
994 179541
995 180077
996 180651
997 181152
998 181691
999 182269
1000 182773
