0 1
1 1
2 1
3 1
4 1
5 2
6 2
7 2
8 2
9 2
10 4
11 4
12 4
13 4
14 4
15 6
16 6
17 6
18 6
19 6
20 9
21 9
22 9
23 9
24 9
25 13
26 13
27 13
28 13
29 13
30 18
31 18
32 18
33 18
34 18
35 24
36 24
37 24
38 24
39 24
40 31
41 31
42 31
43 31
44 31
45 39
46 39
47 39
48 39
49 39
50 50
51 50
52 50
53 50
54 50
55 62
56 62
57 62
58 62
59 62
60 77
61 77
62 77
63 77
64 77
65 93
66 93
67 93
68 93
69 93
70 112
71 112
72 112
73 112
74 112
75 134
76 134
77 134
78 134
79 134
80 159
81 159
82 159
83 159
84 159
85 187
86 187
87 187
88 187
89 187
90 218
91 218
92 218
93 218
94 218
95 252
96 252
97 252
98 252
99 252
100 292
101 292
102 292
103 292
104 292
105 335
106 335
107 335
108 335
109 335
110 384
111 384
112 384
113 384
114 384
115 436
116 436
117 436
118 436
119 436
120 494
121 494
122 494
123 494
124 494
125 558
126 558
127 558
128 558
129 558
130 628
131 628
132 628
133 628
134 628
135 704
136 704
137 704
138 704
139 704
140 786
141 786
142 786
143 786
144 786
145 874
146 874
147 874
148 874
149 874
150 972
151 972
152 972
153 972
154 972
155 1076
156 1076
157 1076
158 1076
159 1076
160 1190
161 1190
162 1190
163 1190
164 1190
165 1310
166 1310
167 1310
168 1310
169 1310
170 1440
171 1440
172 1440
173 1440
174 1440
175 1580
176 1580
177 1580
178 1580
179 1580
180 1730
181 1730
182 1730
183 1730
184 1730
185 1890
186 1890
187 1890
188 1890
189 1890
190 2060
191 2060
192 2060
193 2060
194 2060
195 2240
196 2240
197 2240
198 2240
199 2240
200 2435
201 2435
202 2435
203 2435
204 2435
205 2640
206 2640
207 2640
208 2640
209 2640
210 2860
211 2860
212 2860
213 2860
214 2860
215 3090
216 3090
217 3090
218 3090
219 3090
220 3335
221 3335
222 3335
223 3335
224 3335
225 3595
226 3595
227 3595
228 3595
229 3595
230 3870
231 3870
232 3870
233 3870
234 3870
235 4160
236 4160
237 4160
238 4160
239 4160
240 4465
241 4465
242 4465
243 4465
244 4465
245 4785
246 4785
247 4785
248 4785
249 4785
250 5126
251 5126
252 5126
253 5126
254 5126
255 5482
256 5482
257 5482
258 5482
259 5482
260 5859
261 5859
262 5859
263 5859
264 5859
265 6251
266 6251
267 6251
268 6251
269 6251
270 6664
271 6664
272 6664
273 6664
274 6664
275 7098
276 7098
277 7098
278 7098
279 7098
280 7553
281 7553
282 7553
283 7553
284 7553
285 8029
286 8029
287 8029
288 8029
289 8029
290 8526
291 8526
292 8526
293 8526
294 8526
295 9044
296 9044
297 9044
298 9044
299 9044
300 9590
301 9590
302 9590
303 9590
304 9590
305 10157
306 10157
307 10157
308 10157
309 10157
310 10752
311 10752
312 10752
313 10752
314 10752
315 11368
316 11368
317 11368
318 11368
319 11368
320 12012
321 12012
322 12012
323 12012
324 12012
325 12684
326 12684
327 12684
328 12684
329 12684
330 13384
331 13384
332 13384
333 13384
334 13384
335 14112
336 14112
337 14112
338 14112
339 14112
340 14868
341 14868
342 14868
343 14868
344 14868
345 15652
346 15652
347 15652
348 15652
349 15652
350 16472
351 16472
352 16472
353 16472
354 16472
355 17320
356 17320
357 17320
358 17320
359 17320
360 18204
361 18204
362 18204
363 18204
364 18204
365 19116
366 19116
367 19116
368 19116
369 19116
370 20064
371 20064
372 20064
373 20064
374 20064
375 21048
376 21048
377 21048
378 21048
379 21048
380 22068
381 22068
382 22068
383 22068
384 22068
385 23124
386 23124
387 23124
388 23124
389 23124
390 24216
391 24216
392 24216
393 24216
394 24216
395 25344
396 25344
397 25344
398 25344
399 25344
400 26517
401 26517
402 26517
403 26517
404 26517
405 27726
406 27726
407 27726
408 27726
409 27726
410 28980
411 28980
412 28980
413 28980
414 28980
415 30270
416 30270
417 30270
418 30270
419 30270
420 31605
421 31605
422 31605
423 31605
424 31605
425 32985
426 32985
427 32985
428 32985
429 32985
430 34410
431 34410
432 34410
433 34410
434 34410
435 35880
436 35880
437 35880
438 35880
439 35880
440 37395
441 37395
442 37395
443 37395
444 37395
445 38955
446 38955
447 38955
448 38955
449 38955
450 40570
451 40570
452 40570
453 40570
454 40570
455 42230
456 42230
457 42230
458 42230
459 42230
460 43945
461 43945
462 43945
463 43945
464 43945
465 45705
466 45705
467 45705
468 45705
469 45705
470 47520
471 47520
472 47520
473 47520
474 47520
475 49390
476 49390
477 49390
478 49390
479 49390
480 51315
481 51315
482 51315
483 51315
484 51315
485 53295
486 53295
487 53295
488 53295
489 53295
490 55330
491 55330
492 55330
493 55330
494 55330
495 57420
496 57420
497 57420
498 57420
499 57420
500 59576
501 59576
502 59576
503 59576
504 59576
505 61787
506 61787
507 61787
508 61787
509 61787
510 64064
511 64064
512 64064
513 64064
514 64064
515 66396
516 66396
517 66396
518 66396
519 66396
520 68794
521 68794
522 68794
523 68794
524 68794
525 71258
526 71258
527 71258
528 71258
529 71258
530 73788
531 73788
532 73788
533 73788
534 73788
535 76384
536 76384
537 76384
538 76384
539 76384
540 79046
541 79046
542 79046
543 79046
544 79046
545 81774
546 81774
547 81774
548 81774
549 81774
550 84580
551 84580
552 84580
553 84580
554 84580
555 87452
556 87452
557 87452
558 87452
559 87452
560 90402
561 90402
562 90402
563 90402
564 90402
565 93418
566 93418
567 93418
568 93418
569 93418
570 96512
571 96512
572 96512
573 96512
574 96512
575 99684
576 99684
577 99684
578 99684
579 99684
580 102934
581 102934
582 102934
583 102934
584 102934
585 106262
586 106262
587 106262
588 106262
589 106262
590 109668
591 109668
592 109668
593 109668
594 109668
595 113152
596 113152
597 113152
598 113152
599 113152
600 116727
601 116727
602 116727
603 116727
604 116727
605 120380
606 120380
607 120380
608 120380
609 120380
610 124124
611 124124
612 124124
613 124124
614 124124
615 127946
616 127946
617 127946
618 127946
619 127946
620 131859
621 131859
622 131859
623 131859
624 131859
625 135863
626 135863
627 135863
628 135863
629 135863
630 139958
631 139958
632 139958
633 139958
634 139958
635 144144
636 144144
637 144144
638 144144
639 144144
640 148421
641 148421
642 148421
643 148421
644 148421
645 152789
646 152789
647 152789
648 152789
649 152789
650 157262
651 157262
652 157262
653 157262
654 157262
655 161826
656 161826
657 161826
658 161826
659 161826
660 166495
661 166495
662 166495
663 166495
664 166495
665 171255
666 171255
667 171255
668 171255
669 171255
670 176120
671 176120
672 176120
673 176120
674 176120
675 181090
676 181090
677 181090
678 181090
679 181090
680 186165
681 186165
682 186165
683 186165
684 186165
685 191345
686 191345
687 191345
688 191345
689 191345
690 196630
691 196630
692 196630
693 196630
694 196630
695 202020
696 202020
697 202020
698 202020
699 202020
700 207530
701 207530
702 207530
703 207530
704 207530
705 213145
706 213145
707 213145
708 213145
709 213145
710 218880
711 218880
712 218880
713 218880
714 218880
715 224720
716 224720
717 224720
718 224720
719 224720
720 230680
721 230680
722 230680
723 230680
724 230680
725 236760
726 236760
727 236760
728 236760
729 236760
730 242960
731 242960
732 242960
733 242960
734 242960
735 249280
736 249280
737 249280
738 249280
739 249280
740 255720
741 255720
742 255720
743 255720
744 255720
745 262280
746 262280
747 262280
748 262280
749 262280
750 268976
751 268976
752 268976
753 268976
754 268976
755 275792
756 275792
757 275792
758 275792
759 275792
760 282744
761 282744
762 282744
763 282744
764 282744
765 289816
766 289816
767 289816
768 289816
769 289816
770 297024
771 297024
772 297024
773 297024
774 297024
775 304368
776 304368
777 304368
778 304368
779 304368
780 311848
781 311848
782 311848
783 311848
784 311848
785 319464
786 319464
787 319464
788 319464
789 319464
790 327216
791 327216
792 327216
793 327216
794 327216
795 335104
796 335104
797 335104
798 335104
799 335104
800 343145
801 343145
802 343145
803 343145
804 343145
805 351322
806 351322
807 351322
808 351322
809 351322
810 359652
811 359652
812 359652
813 359652
814 359652
815 368118
816 368118
817 368118
818 368118
819 368118
820 376737
821 376737
822 376737
823 376737
824 376737
825 385509
826 385509
827 385509
828 385509
829 385509
830 394434
831 394434
832 394434
833 394434
834 394434
835 403512
836 403512
837 403512
838 403512
839 403512
840 412743
841 412743
842 412743
843 412743
844 412743
845 422127
846 422127
847 422127
848 422127
849 422127
850 431682
851 431682
852 431682
853 431682
854 431682
855 441390
856 441390
857 441390
858 441390
859 441390
860 451269
861 451269
862 451269
863 451269
864 451269
865 461301
866 461301
867 461301
868 461301
869 461301
870 471504
871 471504
872 471504
873 471504
874 471504
875 481878
876 481878
877 481878
878 481878
879 481878
880 492423
881 492423
882 492423
883 492423
884 492423
885 503139
886 503139
887 503139
888 503139
889 503139
890 514026
891 514026
892 514026
893 514026
894 514026
895 525084
896 525084
897 525084
898 525084
899 525084
900 536332
901 536332
902 536332
903 536332
904 536332
905 547751
906 547751
907 547751
908 547751
909 547751
910 559360
911 559360
912 559360
913 559360
914 559360
915 571140
916 571140
917 571140
918 571140
919 571140
920 583110
921 583110
922 583110
923 583110
924 583110
925 595270
926 595270
927 595270
928 595270
929 595270
930 607620
931 607620
932 607620
933 607620
934 607620
935 620160
936 620160
937 620160
938 620160
939 620160
940 632890
941 632890
942 632890
943 632890
944 632890
945 645810
946 645810
947 645810
948 645810
949 645810
950 658940
951 658940
952 658940
953 658940
954 658940
955 672260
956 672260
957 672260
958 672260
959 672260
960 685790
961 685790
962 685790
963 685790
964 685790
965 699510
966 699510
967 699510
968 699510
969 699510
970 713440
971 713440
972 713440
973 713440
974 713440
975 727580
976 727580
977 727580
978 727580
979 727580
980 741930
981 741930
982 741930
983 741930
984 741930
985 756490
986 756490
987 756490
988 756490
989 756490
990 771260
991 771260
992 771260
993 771260
994 771260
995 786240
996 786240
997 786240
998 786240
999 786240
1000 801451
