0 0
1 16
2 28
3 40
4 52
5 64
6 76
7 88
8 100
9 112
10 124
11 136
12 148
13 160
14 172
15 184
16 196
17 208
18 220
19 232
20 244
21 256
22 268
23 280
24 292
25 304
26 316
27 328
28 340
29 352
30 364
31 376
32 388
33 400
34 412
35 424
36 436
37 448
38 460
39 472
40 484
41 496
42 508
43 520
44 532
45 544
46 556
47 568
48 580
49 592
50 604
51 616
52 628
53 640
54 652
55 664
56 676
57 688
58 700
59 712
60 724
61 736
62 748
63 760
64 772
65 784
66 796
67 808
68 820
69 832
70 844
71 856
72 868
73 880
74 892
75 904
76 916
77 928
78 940
79 952
80 964
81 976
82 988
83 1000
84 1012
85 1024
86 1036
87 1048
88 1060
89 1072
90 1084
91 1096
92 1108
93 1120
94 1132
95 1144
96 1156
97 1168
98 1180
99 1192
100 1204
101 1216
102 1228
103 1240
104 1252
105 1264
106 1276
107 1288
108 1300
109 1312
110 1324
111 1336
112 1348
113 1360
114 1372
115 1384
116 1396
117 1408
118 1420
119 1432
120 1444
121 1456
122 1468
123 1480
124 1492
125 1504
126 1516
127 1528
128 1540
129 1552
130 1564
131 1576
132 1588
133 1600
134 1612
135 1624
136 1636
137 1648
138 1660
139 1672
140 1684
141 1696
142 1708
143 1720
144 1732
145 1744
146 1756
147 1768
148 1780
149 1792
150 1804
151 1816
152 1828
153 1840
154 1852
155 1864
156 1876
157 1888
158 1900
159 1912
160 1924
161 1936
162 1948
163 1960
164 1972
165 1984
166 1996
167 2008
168 2020
169 2032
170 2044
171 2056
172 2068
173 2080
174 2092
175 2104
176 2116
177 2128
178 2140
179 2152
180 2164
181 2176
182 2188
183 2200
184 2212
185 2224
186 2236
187 2248
188 2260
189 2272
190 2284
191 2296
192 2308
193 2320
194 2332
195 2344
196 2356
197 2368
198 2380
199 2392
200 2404
201 2416
202 2428
203 2440
204 2452
205 2464
206 2476
207 2488
208 2500
209 2512
210 2524
211 2536
212 2548
213 2560
214 2572
215 2584
216 2596
217 2608
218 2620
219 2632
220 2644
221 2656
222 2668
223 2680
224 2692
225 2704
226 2716
227 2728
228 2740
229 2752
230 2764
231 2776
232 2788
233 2800
234 2812
235 2824
236 2836
237 2848
238 2860
239 2872
240 2884
241 2896
242 2908
243 2920
244 2932
245 2944
246 2956
247 2968
248 2980
249 2992
250 3004
251 3016
252 3028
253 3040
254 3052
255 3064
256 3076
257 3088
258 3100
259 3112
260 3124
261 3136
262 3148
263 3160
264 3172
265 3184
266 3196
267 3208
268 3220
269 3232
270 3244
271 3256
272 3268
273 3280
274 3292
275 3304
276 3316
277 3328
278 3340
279 3352
280 3364
281 3376
282 3388
283 3400
284 3412
285 3424
286 3436
287 3448
288 3460
289 3472
290 3484
291 3496
292 3508
293 3520
294 3532
295 3544
296 3556
297 3568
298 3580
299 3592
300 3604
301 3616
302 3628
303 3640
304 3652
305 3664
306 3676
307 3688
308 3700
309 3712
310 3724
311 3736
312 3748
313 3760
314 3772
315 3784
316 3796
317 3808
318 3820
319 3832
320 3844
321 3856
322 3868
323 3880
324 3892
325 3904
326 3916
327 3928
328 3940
329 3952
330 3964
331 3976
332 3988
333 4000
334 4012
335 4024
336 4036
337 4048
338 4060
339 4072
340 4084
341 4096
342 4108
343 4120
344 4132
345 4144
346 4156
347 4168
348 4180
349 4192
350 4204
351 4216
352 4228
353 4240
354 4252
355 4264
356 4276
357 4288
358 4300
359 4312
360 4324
361 4336
362 4348
363 4360
364 4372
365 4384
366 4396
367 4408
368 4420
369 4432
370 4444
371 4456
372 4468
373 4480
374 4492
375 4504
376 4516
377 4528
378 4540
379 4552
380 4564
381 4576
382 4588
383 4600
384 4612
385 4624
386 4636
387 4648
388 4660
389 4672
390 4684
391 4696
392 4708
393 4720
394 4732
395 4744
396 4756
397 4768
398 4780
399 4792
400 4804
401 4816
402 4828
403 4840
404 4852
405 4864
406 4876
407 4888
408 4900
409 4912
410 4924
411 4936
412 4948
413 4960
414 4972
415 4984
416 4996
417 5008
418 5020
419 5032
420 5044
421 5056
422 5068
423 5080
424 5092
425 5104
426 5116
427 5128
428 5140
429 5152
430 5164
431 5176
432 5188
433 5200
434 5212
435 5224
436 5236
437 5248
438 5260
439 5272
440 5284
441 5296
442 5308
443 5320
444 5332
445 5344
446 5356
447 5368
448 5380
449 5392
450 5404
451 5416
452 5428
453 5440
454 5452
455 5464
456 5476
457 5488
458 5500
459 5512
460 5524
461 5536
462 5548
463 5560
464 5572
465 5584
466 5596
467 5608
468 5620
469 5632
470 5644
471 5656
472 5668
473 5680
474 5692
475 5704
476 5716
477 5728
478 5740
479 5752
480 5764
481 5776
482 5788
483 5800
484 5812
485 5824
486 5836
487 5848
488 5860
489 5872
490 5884
491 5896
492 5908
493 5920
494 5932
495 5944
496 5956
497 5968
498 5980
499 5992
500 6004
501 6016
502 6028
503 6040
504 6052
505 6064
506 6076
507 6088
508 6100
509 6112
510 6124
511 6136
512 6148
513 6160
514 6172
515 6184
516 6196
517 6208
518 6220
519 6232
520 6244
521 6256
522 6268
523 6280
524 6292
525 6304
526 6316
527 6328
528 6340
529 6352
530 6364
531 6376
532 6388
533 6400
534 6412
535 6424
536 6436
537 6448
538 6460
539 6472
540 6484
541 6496
542 6508
543 6520
544 6532
545 6544
546 6556
547 6568
548 6580
549 6592
550 6604
551 6616
552 6628
553 6640
554 6652
555 6664
556 6676
557 6688
558 6700
559 6712
560 6724
561 6736
562 6748
563 6760
564 6772
565 6784
566 6796
567 6808
568 6820
569 6832
570 6844
571 6856
572 6868
573 6880
574 6892
575 6904
576 6916
577 6928
578 6940
579 6952
580 6964
581 6976
582 6988
583 7000
584 7012
585 7024
586 7036
587 7048
588 7060
589 7072
590 7084
591 7096
592 7108
593 7120
594 7132
595 7144
596 7156
597 7168
598 7180
599 7192
600 7204
601 7216
602 7228
603 7240
604 7252
605 7264
606 7276
607 7288
608 7300
609 7312
610 7324
611 7336
612 7348
613 7360
614 7372
615 7384
616 7396
617 7408
618 7420
619 7432
620 7444
621 7456
622 7468
623 7480
624 7492
625 7504
626 7516
627 7528
628 7540
629 7552
630 7564
631 7576
632 7588
633 7600
634 7612
635 7624
636 7636
637 7648
638 7660
639 7672
640 7684
641 7696
642 7708
643 7720
644 7732
645 7744
646 7756
647 7768
648 7780
649 7792
650 7804
651 7816
652 7828
653 7840
654 7852
655 7864
656 7876
657 7888
658 7900
659 7912
660 7924
661 7936
662 7948
663 7960
664 7972
665 7984
666 7996
667 8008
668 8020
669 8032
670 8044
671 8056
672 8068
673 8080
674 8092
675 8104
676 8116
677 8128
678 8140
679 8152
680 8164
681 8176
682 8188
683 8200
684 8212
685 8224
686 8236
687 8248
688 8260
689 8272
690 8284
691 8296
692 8308
693 8320
694 8332
695 8344
696 8356
697 8368
698 8380
699 8392
700 8404
701 8416
702 8428
703 8440
704 8452
705 8464
706 8476
707 8488
708 8500
709 8512
710 8524
711 8536
712 8548
713 8560
714 8572
715 8584
716 8596
717 8608
718 8620
719 8632
720 8644
721 8656
722 8668
723 8680
724 8692
725 8704
726 8716
727 8728
728 8740
729 8752
730 8764
731 8776
732 8788
733 8800
734 8812
735 8824
736 8836
737 8848
738 8860
739 8872
740 8884
741 8896
742 8908
743 8920
744 8932
745 8944
746 8956
747 8968
748 8980
749 8992
750 9004
751 9016
752 9028
753 9040
754 9052
755 9064
756 9076
757 9088
758 9100
759 9112
760 9124
761 9136
762 9148
763 9160
764 9172
765 9184
766 9196
767 9208
768 9220
769 9232
770 9244
771 9256
772 9268
773 9280
774 9292
775 9304
776 9316
777 9328
778 9340
779 9352
780 9364
781 9376
782 9388
783 9400
784 9412
785 9424
786 9436
787 9448
788 9460
789 9472
790 9484
791 9496
792 9508
793 9520
794 9532
795 9544
796 9556
797 9568
798 9580
799 9592
800 9604
801 9616
802 9628
803 9640
804 9652
805 9664
806 9676
807 9688
808 9700
809 9712
810 9724
811 9736
812 9748
813 9760
814 9772
815 9784
816 9796
817 9808
818 9820
819 9832
820 9844
821 9856
822 9868
823 9880
824 9892
825 9904
826 9916
827 9928
828 9940
829 9952
830 9964
831 9976
832 9988
833 10000
834 10012
835 10024
836 10036
837 10048
838 10060
839 10072
840 10084
841 10096
842 10108
843 10120
844 10132
845 10144
846 10156
847 10168
848 10180
849 10192
850 10204
851 10216
852 10228
853 10240
854 10252
855 10264
856 10276
857 10288
858 10300
859 10312
860 10324
861 10336
862 10348
863 10360
864 10372
865 10384
866 10396
867 10408
868 10420
869 10432
870 10444
871 10456
872 10468
873 10480
874 10492
875 10504
876 10516
877 10528
878 10540
879 10552
880 10564
881 10576
882 10588
883 10600
884 10612
885 10624
886 10636
887 10648
888 10660
889 10672
890 10684
891 10696
892 10708
893 10720
894 10732
895 10744
896 10756
897 10768
898 10780
899 10792
900 10804
901 10816
902 10828
903 10840
904 10852
905 10864
906 10876
907 10888
908 10900
909 10912
910 10924
911 10936
912 10948
913 10960
914 10972
915 10984
916 10996
917 11008
918 11020
919 11032
920 11044
921 11056
922 11068
923 11080
924 11092
925 11104
926 11116
927 11128
928 11140
929 11152
930 11164
931 11176
932 11188
933 11200
934 11212
935 11224
936 11236
937 11248
938 11260
939 11272
940 11284
941 11296
942 11308
943 11320
944 11332
945 11344
946 11356
947 11368
948 11380
949 11392
950 11404
951 11416
952 11428
953 11440
954 11452
955 11464
956 11476
957 11488
958 11500
959 11512
960 11524
961 11536
962 11548
963 11560
964 11572
965 11584
966 11596
967 11608
968 11620
969 11632
970 11644
971 11656
972 11668
973 11680
974 11692
975 11704
976 11716
977 11728
978 11740
979 11752
980 11764
981 11776
982 11788
983 11800
984 11812
985 11824
986 11836
987 11848
988 11860
989 11872
990 11884
991 11896
992 11908
993 11920
994 11932
995 11944
996 11956
997 11968
998 11980
999 11992
1000 12004
