0 0
1 16
2 27
3 38
4 49
5 60
6 71
7 82
8 93
9 104
10 115
11 126
12 137
13 148
14 159
15 170
16 181
17 192
18 203
19 214
20 225
21 236
22 247
23 258
24 269
25 280
26 291
27 302
28 313
29 324
30 335
31 346
32 357
33 368
34 379
35 390
36 401
37 412
38 423
39 434
40 445
41 456
42 467
43 478
44 489
45 500
46 511
47 522
48 533
49 544
50 555
51 566
52 577
53 588
54 599
55 610
56 621
57 632
58 643
59 654
60 665
61 676
62 687
63 698
64 709
65 720
66 731
67 742
68 753
69 764
70 775
71 786
72 797
73 808
74 819
75 830
76 841
77 852
78 863
79 874
80 885
81 896
82 907
83 918
84 929
85 940
86 951
87 962
88 973
89 984
90 995
91 1006
92 1017
93 1028
94 1039
95 1050
96 1061
97 1072
98 1083
99 1094
100 1105
101 1116
102 1127
103 1138
104 1149
105 1160
106 1171
107 1182
108 1193
109 1204
110 1215
111 1226
112 1237
113 1248
114 1259
115 1270
116 1281
117 1292
118 1303
119 1314
120 1325
121 1336
122 1347
123 1358
124 1369
125 1380
126 1391
127 1402
128 1413
129 1424
130 1435
131 1446
132 1457
133 1468
134 1479
135 1490
136 1501
137 1512
138 1523
139 1534
140 1545
141 1556
142 1567
143 1578
144 1589
145 1600
146 1611
147 1622
148 1633
149 1644
150 1655
151 1666
152 1677
153 1688
154 1699
155 1710
156 1721
157 1732
158 1743
159 1754
160 1765
161 1776
162 1787
163 1798
164 1809
165 1820
166 1831
167 1842
168 1853
169 1864
170 1875
171 1886
172 1897
173 1908
174 1919
175 1930
176 1941
177 1952
178 1963
179 1974
180 1985
181 1996
182 2007
183 2018
184 2029
185 2040
186 2051
187 2062
188 2073
189 2084
190 2095
191 2106
192 2117
193 2128
194 2139
195 2150
196 2161
197 2172
198 2183
199 2194
200 2205
201 2216
202 2227
203 2238
204 2249
205 2260
206 2271
207 2282
208 2293
209 2304
210 2315
211 2326
212 2337
213 2348
214 2359
215 2370
216 2381
217 2392
218 2403
219 2414
220 2425
221 2436
222 2447
223 2458
224 2469
225 2480
226 2491
227 2502
228 2513
229 2524
230 2535
231 2546
232 2557
233 2568
234 2579
235 2590
236 2601
237 2612
238 2623
239 2634
240 2645
241 2656
242 2667
243 2678
244 2689
245 2700
246 2711
247 2722
248 2733
249 2744
250 2755
251 2766
252 2777
253 2788
254 2799
255 2810
256 2821
257 2832
258 2843
259 2854
260 2865
261 2876
262 2887
263 2898
264 2909
265 2920
266 2931
267 2942
268 2953
269 2964
270 2975
271 2986
272 2997
273 3008
274 3019
275 3030
276 3041
277 3052
278 3063
279 3074
280 3085
281 3096
282 3107
283 3118
284 3129
285 3140
286 3151
287 3162
288 3173
289 3184
290 3195
291 3206
292 3217
293 3228
294 3239
295 3250
296 3261
297 3272
298 3283
299 3294
300 3305
301 3316
302 3327
303 3338
304 3349
305 3360
306 3371
307 3382
308 3393
309 3404
310 3415
311 3426
312 3437
313 3448
314 3459
315 3470
316 3481
317 3492
318 3503
319 3514
320 3525
321 3536
322 3547
323 3558
324 3569
325 3580
326 3591
327 3602
328 3613
329 3624
330 3635
331 3646
332 3657
333 3668
334 3679
335 3690
336 3701
337 3712
338 3723
339 3734
340 3745
341 3756
342 3767
343 3778
344 3789
345 3800
346 3811
347 3822
348 3833
349 3844
350 3855
351 3866
352 3877
353 3888
354 3899
355 3910
356 3921
357 3932
358 3943
359 3954
360 3965
361 3976
362 3987
363 3998
364 4009
365 4020
366 4031
367 4042
368 4053
369 4064
370 4075
371 4086
372 4097
373 4108
374 4119
375 4130
376 4141
377 4152
378 4163
379 4174
380 4185
381 4196
382 4207
383 4218
384 4229
385 4240
386 4251
387 4262
388 4273
389 4284
390 4295
391 4306
392 4317
393 4328
394 4339
395 4350
396 4361
397 4372
398 4383
399 4394
400 4405
401 4416
402 4427
403 4438
404 4449
405 4460
406 4471
407 4482
408 4493
409 4504
410 4515
411 4526
412 4537
413 4548
414 4559
415 4570
416 4581
417 4592
418 4603
419 4614
420 4625
421 4636
422 4647
423 4658
424 4669
425 4680
426 4691
427 4702
428 4713
429 4724
430 4735
431 4746
432 4757
433 4768
434 4779
435 4790
436 4801
437 4812
438 4823
439 4834
440 4845
441 4856
442 4867
443 4878
444 4889
445 4900
446 4911
447 4922
448 4933
449 4944
450 4955
451 4966
452 4977
453 4988
454 4999
455 5010
456 5021
457 5032
458 5043
459 5054
460 5065
461 5076
462 5087
463 5098
464 5109
465 5120
466 5131
467 5142
468 5153
469 5164
470 5175
471 5186
472 5197
473 5208
474 5219
475 5230
476 5241
477 5252
478 5263
479 5274
480 5285
481 5296
482 5307
483 5318
484 5329
485 5340
486 5351
487 5362
488 5373
489 5384
490 5395
491 5406
492 5417
493 5428
494 5439
495 5450
496 5461
497 5472
498 5483
499 5494
500 5505
501 5516
502 5527
503 5538
504 5549
505 5560
506 5571
507 5582
508 5593
509 5604
510 5615
511 5626
512 5637
513 5648
514 5659
515 5670
516 5681
517 5692
518 5703
519 5714
520 5725
521 5736
522 5747
523 5758
524 5769
525 5780
526 5791
527 5802
528 5813
529 5824
530 5835
531 5846
532 5857
533 5868
534 5879
535 5890
536 5901
537 5912
538 5923
539 5934
540 5945
541 5956
542 5967
543 5978
544 5989
545 6000
546 6011
547 6022
548 6033
549 6044
550 6055
551 6066
552 6077
553 6088
554 6099
555 6110
556 6121
557 6132
558 6143
559 6154
560 6165
561 6176
562 6187
563 6198
564 6209
565 6220
566 6231
567 6242
568 6253
569 6264
570 6275
571 6286
572 6297
573 6308
574 6319
575 6330
576 6341
577 6352
578 6363
579 6374
580 6385
581 6396
582 6407
583 6418
584 6429
585 6440
586 6451
587 6462
588 6473
589 6484
590 6495
591 6506
592 6517
593 6528
594 6539
595 6550
596 6561
597 6572
598 6583
599 6594
600 6605
601 6616
602 6627
603 6638
604 6649
605 6660
606 6671
607 6682
608 6693
609 6704
610 6715
611 6726
612 6737
613 6748
614 6759
615 6770
616 6781
617 6792
618 6803
619 6814
620 6825
621 6836
622 6847
623 6858
624 6869
625 6880
626 6891
627 6902
628 6913
629 6924
630 6935
631 6946
632 6957
633 6968
634 6979
635 6990
636 7001
637 7012
638 7023
639 7034
640 7045
641 7056
642 7067
643 7078
644 7089
645 7100
646 7111
647 7122
648 7133
649 7144
650 7155
651 7166
652 7177
653 7188
654 7199
655 7210
656 7221
657 7232
658 7243
659 7254
660 7265
661 7276
662 7287
663 7298
664 7309
665 7320
666 7331
667 7342
668 7353
669 7364
670 7375
671 7386
672 7397
673 7408
674 7419
675 7430
676 7441
677 7452
678 7463
679 7474
680 7485
681 7496
682 7507
683 7518
684 7529
685 7540
686 7551
687 7562
688 7573
689 7584
690 7595
691 7606
692 7617
693 7628
694 7639
695 7650
696 7661
697 7672
698 7683
699 7694
700 7705
701 7716
702 7727
703 7738
704 7749
705 7760
706 7771
707 7782
708 7793
709 7804
710 7815
711 7826
712 7837
713 7848
714 7859
715 7870
716 7881
717 7892
718 7903
719 7914
720 7925
721 7936
722 7947
723 7958
724 7969
725 7980
726 7991
727 8002
728 8013
729 8024
730 8035
731 8046
732 8057
733 8068
734 8079
735 8090
736 8101
737 8112
738 8123
739 8134
740 8145
741 8156
742 8167
743 8178
744 8189
745 8200
746 8211
747 8222
748 8233
749 8244
750 8255
751 8266
752 8277
753 8288
754 8299
755 8310
756 8321
757 8332
758 8343
759 8354
760 8365
761 8376
762 8387
763 8398
764 8409
765 8420
766 8431
767 8442
768 8453
769 8464
770 8475
771 8486
772 8497
773 8508
774 8519
775 8530
776 8541
777 8552
778 8563
779 8574
780 8585
781 8596
782 8607
783 8618
784 8629
785 8640
786 8651
787 8662
788 8673
789 8684
790 8695
791 8706
792 8717
793 8728
794 8739
795 8750
796 8761
797 8772
798 8783
799 8794
800 8805
801 8816
802 8827
803 8838
804 8849
805 8860
806 8871
807 8882
808 8893
809 8904
810 8915
811 8926
812 8937
813 8948
814 8959
815 8970
816 8981
817 8992
818 9003
819 9014
820 9025
821 9036
822 9047
823 9058
824 9069
825 9080
826 9091
827 9102
828 9113
829 9124
830 9135
831 9146
832 9157
833 9168
834 9179
835 9190
836 9201
837 9212
838 9223
839 9234
840 9245
841 9256
842 9267
843 9278
844 9289
845 9300
846 9311
847 9322
848 9333
849 9344
850 9355
851 9366
852 9377
853 9388
854 9399
855 9410
856 9421
857 9432
858 9443
859 9454
860 9465
861 9476
862 9487
863 9498
864 9509
865 9520
866 9531
867 9542
868 9553
869 9564
870 9575
871 9586
872 9597
873 9608
874 9619
875 9630
876 9641
877 9652
878 9663
879 9674
880 9685
881 9696
882 9707
883 9718
884 9729
885 9740
886 9751
887 9762
888 9773
889 9784
890 9795
891 9806
892 9817
893 9828
894 9839
895 9850
896 9861
897 9872
898 9883
899 9894
900 9905
901 9916
902 9927
903 9938
904 9949
905 9960
906 9971
907 9982
908 9993
909 10004
910 10015
911 10026
912 10037
913 10048
914 10059
915 10070
916 10081
917 10092
918 10103
919 10114
920 10125
921 10136
922 10147
923 10158
924 10169
925 10180
926 10191
927 10202
928 10213
929 10224
930 10235
931 10246
932 10257
933 10268
934 10279
935 10290
936 10301
937 10312
938 10323
939 10334
940 10345
941 10356
942 10367
943 10378
944 10389
945 10400
946 10411
947 10422
948 10433
949 10444
950 10455
951 10466
952 10477
953 10488
954 10499
955 10510
956 10521
957 10532
958 10543
959 10554
960 10565
961 10576
962 10587
963 10598
964 10609
965 10620
966 10631
967 10642
968 10653
969 10664
970 10675
971 10686
972 10697
973 10708
974 10719
975 10730
976 10741
977 10752
978 10763
979 10774
980 10785
981 10796
982 10807
983 10818
984 10829
985 10840
986 10851
987 10862
988 10873
989 10884
990 10895
991 10906
992 10917
993 10928
994 10939
995 10950
996 10961
997 10972
998 10983
999 10994
1000 11005
