0 1
1 2
2 2
3 3
4 4
5 5
6 7
7 9
8 11
9 14
10 18
11 22
12 27
13 33
14 40
15 49
16 59
17 70
18 84
19 100
20 118
21 140
22 165
23 193
24 226
25 264
26 307
27 357
28 414
29 478
30 552
31 636
32 730
33 838
34 960
35 1097
36 1253
37 1428
38 1624
39 1846
40 2095
41 2373
42 2686
43 3036
44 3426
45 3864
46 4352
47 4894
48 5500
49 6174
50 6922
51 7755
52 8679
53 9702
54 10838
55 12096
56 13486
57 15025
58 16725
59 18600
60 20672
61 22956
62 25470
63 28242
64 31292
65 34644
66 38332
67 42382
68 46826
69 51706
70 57057
71 62919
72 69344
73 76378
74 84072
75 92492
76 101696
77 111749
78 122733
79 134722
80 147800
81 162068
82 177620
83 194562
84 213020
85 233114
86 254976
87 278762
88 304624
89 332728
90 363268
91 396434
92 432433
93 471505
94 513888
95 559842
96 609662
97 663644
98 722112
99 785430
100 853967
101 928123
102 1008346
103 1095094
104 1188862
105 1290202
106 1399678
107 1517900
108 1645546
109 1783312
110 1931950
111 2092288
112 2265182
113 2451556
114 2652422
115 2868832
116 3101916
117 3352909
118 3623099
119 3913868
120 4226722
121 4563232
122 4925084
123 5314110
124 5732226
125 6181486
126 6664113
127 7182437
128 7738954
129 8336360
130 8977486
131 9665358
132 10403238
133 11194558
134 12042982
135 12952454
136 13927124
137 14971420
138 16090102
139 17288182
140 18571006
141 19944306
142 21414124
143 22986902
144 24669536
145 26469301
146 28393943
147 30451746
148 32651454
149 35002370
150 37514434
151 40198136
152 43064632
153 46125830
154 49394300
155 52883403
156 56607381
157 60581274
158 64821060
159 69343754
160 74167328
161 79310860
162 84794650
163 90640142
164 96870088
165 103508680
166 110581468
167 118115548
168 126139712
169 134684366
170 143781742
171 153466060
172 163773458
173 174742228
174 186412996
175 198828664
176 212034663
177 226079165
178 241013038
179 256890124
180 273767482
181 291705348
182 310767456
183 331021312
184 352538168
185 375393386
186 399666738
187 425442411
188 452809413
189 481861914
190 512699278
191 545426510
192 580154656
193 617000864
194 656088886
195 697549534
196 741520772
197 788148290
198 837586024
199 889996290
200 945550434
201 1004429416
202 1066824006
203 1132935520
204 1202976480
205 1277170880
206 1355755008
207 1438978210
208 1527103232
209 1620407146
210 1719182229
211 1823736381
212 1934394188
213 2051497926
214 2175408078
215 2306504544
216 2445187776
217 2591879430
218 2747023736
219 2911088794
220 3084567374
221 3267978458
222 3461868735
223 3666813567
224 3883418740
225 4112322176
226 4354195080
227 4609743946
228 4879712514
229 5164883136
230 5466079062
231 5784166666
232 6120057082
233 6474708806
234 6849130240
235 7244381630
236 7661578014
237 8101892146
238 8566556782
239 9056868030
240 9574188698
241 10119950968
242 10695660224
243 11302898880
244 11943329506
245 12618699196
246 13330843926
247 14081692223
248 14873270141
249 15707706234
250 16587235840
251 17514206730
252 18491084810
253 19520459098
254 20605048154
255 21747706602
256 22951430886
257 24219366612
258 25554815992
259 26961244510
260 28442289287
261 30001767561
262 31643684416
263 33372242304
264 35191850718
265 37107135120
266 39122947766
267 41244378756
268 43476766328
269 45825709176
270 48297079054
271 50897032610
272 53632025422
273 56508826368
274 59534531224
275 62716578642
276 66062766504
277 69581267560
278 73280647602
279 77169884082
280 81258384064
281 85556004864
282 90073075272
283 94820416126
284 99809363766
285 105051794194
286 110560146606
287 116347450071
288 122427351011
289 128814140112
290 135522782642
291 142568949674
292 149969048864
293 157740258880
294 165900564886
295 174468793690
296 183464652808
297 192908770806
298 202822737394
299 213229147754
300 224151648362
301 235614982671
302 247645041423
303 260268914664
304 273514943778
305 287412778548
306 301993436154
307 317289360426
308 333334486532
309 350164307884
310 367815943546
311 386328211516
312 405741704602
313 426098867046
314 447444077526
315 469823735156
316 493286346494
317 517882619560
318 543665561256
319 570690576128
320 599015572798
321 628701074238
322 659810329856
323 692409435914
324 726567460330
325 762356569780
326 799852165862
327 839133026322
328 880281449082
329 923383406182
330 968528703491
331 1015811143799
332 1065328700832
333 1117183699782
334 1171483001908
335 1228338201134
336 1287865828004
337 1350187558558
338 1415430436346
339 1483727102776
340 1555216033310
341 1630041788050
342 1708355271830
343 1790314001160
344 1876082386974
345 1965832028165
346 2059742013093
347 2157999238550
348 2260798740888
349 2368344036424
350 2480847481102
351 2598530643838
352 2721624690710
353 2850370790336
354 2985020534684
355 3125836372446
356 3273092065726
357 3427073164220
358 3588077493824
359 3756415670968
360 3932411636694
361 4116403207250
362 4308742653182
363 4509797300620
364 4719950151488
365 4939600535224
366 5169164785434
367 5409076938272
368 5659789465606
369 5921774036230
370 6195522301888
371 6481546721728
372 6780381418366
373 7092583062166
374 7418731798040
375 7759432207786
376 8115314304453
377 8487034573865
378 8875277056014
379 9280754462784
380 9704209347944
381 10146415321832
382 10608178307300
383 11090337853528
384 11593768499956
385 12119381186958
386 12668124730574
387 13240987353544
388 13838998269128
389 14463229335918
390 15114796775790
391 15794862951380
392 16504638222391
393 17245382872561
394 18018409103764
395 18825083117574
396 19666827275868
397 20545122337180
398 21461509790016
399 22417594274624
400 23415046090050
401 24455603808706
402 25541076989998
403 26673348989806
404 27854379889246
405 29086209534232
406 30370960682678
407 31710842284166
408 33108152883410
409 34565284144558
410 36084724522534
411 37669063072620
412 39320993395724
413 41043317746784
414 42838951297536
415 44710926551448
416 46662397939636
417 48696646589226
418 50817085262134
419 53027263494696
420 55330872929792
421 57731752839680
422 60233895871880
423 62841454009736
424 65558744746338
425 68390257506051
426 71340660305351
427 74414806652390
428 77617742721282
429 80954714793146
430 84431176964006
431 88052799157466
432 91825475434794
433 95755332603006
434 99848739161152
435 104112314577940
436 108552938901972
437 113177762747392
438 117994217648426
439 123010026785066
440 128233216125312
441 133672125977992
442 139335422959657
443 145232112423537
444 151371551345398
445 157763461671046
446 164417944176292
447 171345492835362
448 178557009703652
449 186063820368838
450 193877689967512
451 202010839774598
452 210475964423214
453 219286249753216
454 228455391297408
455 237997613466880
456 247927689434976
457 258260961731080
458 269013363609430
459 280201441194158
460 291842376414016
461 303954010796116
462 316554870122068
463 329664189962142
464 343301942161502
465 357488862284146
466 372246478032718
467 387597138723548
468 403564045824768
469 420171284578778
470 437443856793918
471 455407714815844
472 474089796703546
473 493518062700488
474 513721533014598
475 534730326935928
476 556575703388662
477 579290102935033
478 602907191263971
479 627461904268106
480 652990494730794
481 679530580660524
482 707121195384108
483 735802839424586
484 765617534206476
485 796608877708026
486 828822102091260
487 862304133358566
488 897103653164066
489 933271162816262
490 970859049527302
491 1009921655046476
492 1050515346721110
493 1092698591047108
494 1136532029857210
495 1182078559197349
496 1229403410961097
497 1278574237441964
498 1329661198861502
499 1382737053952118
500 1437877253766816
501 1495160038782368
502 1554666539384982
503 1616480879923788
504 1680690286408508
505 1747385197951302
506 1816659382152544
507 1888610054518112
508 1963338002019840
509 2040947711014912
510 2121547499623954
511 2205249654692530
512 2292170573569510
513 2382430910815182
514 2476155729978514
515 2573474660696074
516 2674522061240132
517 2779437186671882
518 2888364362872624
519 3001453166596928
520 3118858611721758
521 3240741341986632
522 3367267830387456
523 3498610585417410
524 3634948364474560
525 3776466394619172
526 3923356600895566
527 4075817842565416
528 4234056157457408
529 4398285014672142
530 4568725576018584
531 4745606966411350
532 4929166553494587
533 5119650236900271
534 5317312747397544
535 5522417956228114
536 5735239195070090
537 5956059586917394
538 6185172388201458
539 6422881342635712
540 6669501047103296
541 6925357329949772
542 7190787642203322
543 7466141462079032
544 7751780713168010
545 8048080196879336
546 8355428039531492
547 8674226154537212
548 9004890720298936
549 9347852674256010
550 9703558223574738
551 10072469373152345
552 10455064471425363
553 10851838774524858
554 11263305029508750
555 11689994077215790
556 12132455475340128
557 12591258142521804
558 13066991024056588
559 13560263779886602
560 14071707495737860
561 14601975418072974
562 15151743713589588
563 15721712254207362
564 16312605428283484
565 16925172978862810
566 17560190869989376
567 18218462181898584
568 18900818035978358
569 19608118550618230
570 20341253828852386
571 21101144978775358
572 21888745167950518
573 22705040712811970
574 23551052204138240
575 24427835669928000
576 25336483776782504
577 26278127070982920
578 27253935260712398
579 28265118540642286
580 29312928960190630
581 30398661837033714
582 31523657217216332
583 32689301383299816
584 33897028412272040
585 35148321784703232
586 36444716046730248
587 37787798526750740
588 39179211108461868
589 40620652061984032
590 42113877935122447
591 43660705506566691
592 45263013802942164
593 46922746181952704
594 48641912483596412
595 50422591251558214
596 52266932027222158
597 54177157718485444
598 56155567045684488
599 58204537067299144
600 60326525787835642
601 62524074850425140
602 64799812317048268
603 67156455539024722
604 69596814120553472
605 72123792978480192
606 74740395501192348
607 77449726809700188
608 80254997124370106
609 83159525240497594
610 86166742116075817
611 89280194575543049
612 92503549133010592
613 95840595938652114
614 99295252852384100
615 102871569648682534
616 106573732356572376
617 110406067739298244
618 114373047917896384
619 118479295143093952
620 122729586720456896
621 127128860093416864
622 131682218089029522
623 136394934331835378
624 141272458830902784
625 146320423745371080
626 151544649334356054
627 156951150096789178
628 162546141107016454
629 168336044552555554
630 174327496480119774
631 180527353756289686
632 186942701249817312
633 193580859242257210
634 200449391073912420
635 207556111032718984
636 214909092493403774
637 222516676314567378
638 230387479502011584
639 238530404146346496
640 246954646643253260
641 255669707205481210
642 264685399675379968
643 274011861647132160
644 283659564908594432
645 293639326212382464
646 303962318386228064
647 314640081793420532
648 325684536153878748
649 337107992736824072
650 348923166936851850
651 361143191244942439
652 373781628626410423
653 386852486318663346
654 400370230061396856
655 414349798772346584
656 428806619682638584
657 443756623945550912
658 459216262733029184
659 475202523835274430
660 491732948778508750
661 508825650476595216
662 526499331433222294
663 544773302511167348
664 563667502285770788
665 583202517000847302
666 603399601145085568
667 624280698667655448
668 645868464852899770
669 668186288873838664
670 691258317044935270
671 715109476795798452
672 739765501387379117
673 765252955392993061
674 791599260967806004
675 818832724930329800
676 846982566680316352
677 876078946978820454
678 906152997616150548
679 937236851994332526
680 969363676652182528
681 1002567703761072608
682 1036884264620454038
683 1072349824183764160
684 1109002016645377968
685 1146879682120325798
686 1186022904450157824
687 1226473050168424672
688 1268272808660387574
689 1311466233553338390
690 1356098785374056306
691 1402217375511164210
692 1449870411522030784
693 1499107843824073158
694 1549981213811653080
695 1602543703441765930
696 1656850186332001048
697 1712957280415701106
698 1770923402201384850
699 1830808822683857184
700 1892675724955998620
701 1956588263572503674
702 2022612625717287550
703 2090817094227974560
704 2161272112533313600
705 2234050351559913458
706 2309226778666522670
707 2386878728666677372
708 2467085977001193214
709 2549930815123961598
710 2635498128167286674
711 2723875474953769670
712 2815153170423896884
713 2909424370551452352
714 3006785159819778634
715 3107334641334236085
716 3211175029649380267
717 3318411746390425646
718 3429153518751080110
719 3543512480953227178
720 3661604278755139818
721 3783548177097632908
722 3909467170981194572
723 4039488099668515328
724 4173741764309783718
725 4312363049092007892
726 4455491046015191086
727 4603269183401384938
728 4755845358246810318
729 4913372072529014642
730 5076006573584495494
731 5243910998676683780
732 5417252523876190758
733 5596203517378968110
734 5780941697392817564
735 5971650294724949384
736 6168518220207342724
737 6371740237101798559
738 6581517138629110929
739 6798055930771173620
740 7021570020500352740
741 7252279409593289810
742 7490410894191058092
743 7736198270273510080
744 7989882545218818584
745 8251712155624366526
746 8521943191571490986
747 8800839627520113082
748 9088673560024862070
749 9385725452471125478
750 9692284387033375014
751 10008648324064155944
752 10335124369129462118
753 10672029047910561118
754 11019688589198874610
755 11378439216218402448
756 11748627446514985918
757 12130610400658790930
758 12524756120014864914
759 12931443893841937502
760 13351064595987307870
761 13784021031454772480
762 14230728293128419126
763 14691614128943418572
764 15167119319804747734
765 15657698068561253440
766 16163818400351457412
767 16685962574648053636
768 17224627509335176994
769 17780325217162259988
770 18353583254929649704
771 18944945185768996418
772 19554971054891972260
773 20184237879193098546
774 20833340151101077466
775 21502890357084443456
776 22193519511230505368
777 22905877704326014360
778 23640634668880352256
779 24398480360546205224
780 25180125556403068468
781 25986302470582306828
782 26817765387727762247
783 27675291314797272425
784 28559680651724951082
785 29471757881480526376
786 30412372280074487648
787 31382398647073474944
788 32382738057208062174
789 33414318633668715306
790 34478096343702684300
791 35575055817143677484
792 36706211188521075886
793 37872606963413817082
794 39075318909734655096
795 40315454974646795798
796 41594156227834789658
797 42912597831873747204
798 44271990040458732928
799 45673579225277713112
800 47118648932335348056
801 48608520968554335622
802 50144556519504304340
803 51728157299134034384
804 53360766732403968642
805 55043871171741179683
806 56779001148266753851
807 58567732658768655088
808 60411688489420397272
809 62312539577275829638
810 64272006410595515864
811 66291860469089685330
812 68373925705195066010
813 70520080067530327450
814 72732257067706777432
815 75012447391705825504
816 77362700557064577740
817 79785126617145455826
818 82281897913803338706
819 84855250879796215396
820 87507487892322686650
821 90240979179110213882
822 93058164778513362720
823 95961556555121680502
824 98953740272420602740
825 102037377724087223460
826 105215208925546446502
827 108490054367460239808
828 111864817332864495616
829 115342486279715240852
830 118926137290656866004
831 122618936591870439500
832 126424143142911261964
833 130345111299499747406
834 134385293551279036302
835 138548243336607983462
836 142837617936517424362
837 147257181450011182622
838 151810807852952996528
839 156502484142844478998
840 161336313571857367482
841 166316518970547872730
842 171447446164749918808
843 176733567488207159098
844 182179485393573434306
845 187789936164485763072
846 193569793731482402944
847 199524073594613947764
848 205657936855675716538
849 211976694363063930566
850 218485810972339695616
851 225190909925671424512
852 232097777353406841359
853 239212366901113798735
854 246540804485522591608
855 254089393182889722138
856 261864618253398254306
857 269873152305310722304
858 278121860602685130230
859 286617806520567428130
860 295368257151682621870
861 304380689068749140662
862 313662794246652203828
863 323222486148829266592
864 333067905982331622048
865 343207429126146273600
866 353649671737488770844
867 364403497540897914010
868 375478024805092886558
869 386882633512689924518
870 398626972728005789254
871 410720968168315342848
872 423174829984077826682
873 435999060753787333754
874 449204463699254198976
875 462802151127282921526
876 476803553103864711103
877 491220426367166067289
878 506064863485766177744
879 521349302268760912862
880 537086535434527538944
881 553289720545129112430
882 569972390213516016922
883 587148462590872490192
884 604832252141655349360
885 623038480714065191278
886 641782288913895874236
887 661079247789923100604
888 680945370839201701410
889 701397126340863087586
890 722451450027236209920
891 744125758101341105408
892 766437960610043582536
893 789406475182409642202
894 813050241143042261138
895 837388734010441618122
896 862441980390699467466
897 888230573277102126322
898 914775687766495445274
899 942099097203555860006
900 970223189764396656832
901 999170985491239530570
902 1028966153790194981110
903 1059633031404503059920
904 1091196640875910684706
905 1123682709507199700736
906 1157117688839212556132
907 1191528774656072771268
908 1226943927532661718688
909 1263391893938772578086
910 1300902227914740226612
911 1339505313333738574810
912 1379232386766324943500
913 1420115560963218680256
914 1462187848972724575090
915 1505483188909630683880
916 1550036469392849777074
917 1595883555669529960700
918 1643061316443812423488
919 1691607651428888355456
920 1741561519641498908672
921 1792962968458510423604
922 1845853163455708376294
923 1900274419049483539368
924 1956270229962610937078
925 2013885303535873396529
926 2073165592907852681769
927 2134158331085780011768
928 2196912065930932038846
929 2261476696082673854878
930 2327903507845864344544
931 2396245213066979841024
932 2466555988024975227038
933 2538891513363563764692
934 2613309015092287494258
935 2689867306684464563474
936 2768626832300814101434
937 2849649711168303549668
938 2932999783144533126656
939 3018742655498742474024
940 3106945750941326672904
941 3197678356934578038548
942 3291011676318200895540
943 3387018879284010922176
944 3485775156735123862720
945 3587357775065834239040
946 3691846132399316072512
947 3799321816321239695360
948 3909868663148364560832
949 4023572818772171442182
950 4140522801118633557783
951 4260809564266267331633
952 4384526564265684562820
953 4511769826704983611428
954 4642638016066439471384
955 4777232506921117129626
956 4915657457009234172034
957 5058019882255308120904
958 5204429733768378299122
959 5354999976878885799756
960 5509846672265098544928
961 5669089059223319311998
962 5832849641137507580928
963 6001254273205350453068
964 6174432252479272681804
965 6352516410282375501056
966 6535643207060806978980
967 6723952829735633157254
968 6917589291618893581418
969 7116700534960154740552
970 7321438536191561629144
971 7531959413941125327576
972 7748423539885740110784
973 7970995652517239489810
974 8199844973896670896166
975 8435145329473859504460
976 8677075271051286506766
977 8925818202973320040662
978 9181562511623873099470
979 9444501698317666940568
980 9714834515672444664522
981 9992765107551672040704
982 10278503152669527420736
983 10572264011952313475294
984 10874268879752783917214
985 11184744939016315740160
986 11503925520500365463556
987 11832050266151188931074
988 12169365296744427080190
989 12516123383898858371736
990 12872584126575353773322
991 13239014132175892433522
992 13615687202360398970524
993 14002884523702107161654
994 14400894863305191328684
995 14810014769511529250322
996 15230548777826628545568
997 15662809622198015219854
998 16107118451782741699438
999 16563805053344080781090
1000 17033208079420986043332
