0 1
1 0
2 2
3 0
4 3
5 0
6 4
7 0
8 5
9 1
10 6
11 2
12 7
13 3
14 8
15 4
16 9
17 5
18 11
19 6
20 13
21 7
22 15
23 8
24 17
25 9
26 19
27 11
28 21
29 13
30 23
31 15
32 25
33 17
34 27
35 19
36 30
37 21
38 33
39 23
40 36
41 25
42 39
43 27
44 42
45 30
46 45
47 33
48 48
49 36
50 51
51 39
52 54
53 42
54 58
55 45
56 62
57 48
58 66
59 51
60 70
61 54
62 74
63 58
64 78
65 62
66 82
67 66
68 86
69 70
70 90
71 74
72 95
73 78
74 100
75 82
76 105
77 86
78 110
79 90
80 115
81 95
82 120
83 100
84 125
85 105
86 130
87 110
88 135
89 115
90 141
91 120
92 147
93 125
94 153
95 130
96 159
97 135
98 165
99 141
100 171
101 147
102 177
103 153
104 183
105 159
106 189
107 165
108 196
109 171
110 203
111 177
112 210
113 183
114 217
115 189
116 224
117 196
118 231
119 203
120 238
121 210
122 245
123 217
124 252
125 224
126 260
127 231
128 268
129 238
130 276
131 245
132 284
133 252
134 292
135 260
136 300
137 268
138 308
139 276
140 316
141 284
142 324
143 292
144 333
145 300
146 342
147 308
148 351
149 316
150 360
151 324
152 369
153 333
154 378
155 342
156 387
157 351
158 396
159 360
160 405
161 369
162 415
163 378
164 425
165 387
166 435
167 396
168 445
169 405
170 455
171 415
172 465
173 425
174 475
175 435
176 485
177 445
178 495
179 455
180 506
181 465
182 517
183 475
184 528
185 485
186 539
187 495
188 550
189 506
190 561
191 517
192 572
193 528
194 583
195 539
196 594
197 550
198 606
199 561
200 618
201 572
202 630
203 583
204 642
205 594
206 654
207 606
208 666
209 618
210 678
211 630
212 690
213 642
214 702
215 654
216 715
217 666
218 728
219 678
220 741
221 690
222 754
223 702
224 767
225 715
226 780
227 728
228 793
229 741
230 806
231 754
232 819
233 767
234 833
235 780
236 847
237 793
238 861
239 806
240 875
241 819
242 889
243 833
244 903
245 847
246 917
247 861
248 931
249 875
250 945
251 889
252 960
253 903
254 975
255 917
256 990
257 931
258 1005
259 945
260 1020
261 960
262 1035
263 975
264 1050
265 990
266 1065
267 1005
268 1080
269 1020
270 1096
271 1035
272 1112
273 1050
274 1128
275 1065
276 1144
277 1080
278 1160
279 1096
280 1176
281 1112
282 1192
283 1128
284 1208
285 1144
286 1224
287 1160
288 1241
289 1176
290 1258
291 1192
292 1275
293 1208
294 1292
295 1224
296 1309
297 1241
298 1326
299 1258
300 1343
301 1275
302 1360
303 1292
304 1377
305 1309
306 1395
307 1326
308 1413
309 1343
310 1431
311 1360
312 1449
313 1377
314 1467
315 1395
316 1485
317 1413
318 1503
319 1431
320 1521
321 1449
322 1539
323 1467
324 1558
325 1485
326 1577
327 1503
328 1596
329 1521
330 1615
331 1539
332 1634
333 1558
334 1653
335 1577
336 1672
337 1596
338 1691
339 1615
340 1710
341 1634
342 1730
343 1653
344 1750
345 1672
346 1770
347 1691
348 1790
349 1710
350 1810
351 1730
352 1830
353 1750
354 1850
355 1770
356 1870
357 1790
358 1890
359 1810
360 1911
361 1830
362 1932
363 1850
364 1953
365 1870
366 1974
367 1890
368 1995
369 1911
370 2016
371 1932
372 2037
373 1953
374 2058
375 1974
376 2079
377 1995
378 2101
379 2016
380 2123
381 2037
382 2145
383 2058
384 2167
385 2079
386 2189
387 2101
388 2211
389 2123
390 2233
391 2145
392 2255
393 2167
394 2277
395 2189
396 2300
397 2211
398 2323
399 2233
400 2346
401 2255
402 2369
403 2277
404 2392
405 2300
406 2415
407 2323
408 2438
409 2346
410 2461
411 2369
412 2484
413 2392
414 2508
415 2415
416 2532
417 2438
418 2556
419 2461
420 2580
421 2484
422 2604
423 2508
424 2628
425 2532
426 2652
427 2556
428 2676
429 2580
430 2700
431 2604
432 2725
433 2628
434 2750
435 2652
436 2775
437 2676
438 2800
439 2700
440 2825
441 2725
442 2850
443 2750
444 2875
445 2775
446 2900
447 2800
448 2925
449 2825
450 2951
451 2850
452 2977
453 2875
454 3003
455 2900
456 3029
457 2925
458 3055
459 2951
460 3081
461 2977
462 3107
463 3003
464 3133
465 3029
466 3159
467 3055
468 3186
469 3081
470 3213
471 3107
472 3240
473 3133
474 3267
475 3159
476 3294
477 3186
478 3321
479 3213
480 3348
481 3240
482 3375
483 3267
484 3402
485 3294
486 3430
487 3321
488 3458
489 3348
490 3486
491 3375
492 3514
493 3402
494 3542
495 3430
496 3570
497 3458
498 3598
499 3486
500 3626
501 3514
502 3654
503 3542
504 3683
505 3570
506 3712
507 3598
508 3741
509 3626
510 3770
511 3654
512 3799
513 3683
514 3828
515 3712
516 3857
517 3741
518 3886
519 3770
520 3915
521 3799
522 3945
523 3828
524 3975
525 3857
526 4005
527 3886
528 4035
529 3915
530 4065
531 3945
532 4095
533 3975
534 4125
535 4005
536 4155
537 4035
538 4185
539 4065
540 4216
541 4095
542 4247
543 4125
544 4278
545 4155
546 4309
547 4185
548 4340
549 4216
550 4371
551 4247
552 4402
553 4278
554 4433
555 4309
556 4464
557 4340
558 4496
559 4371
560 4528
561 4402
562 4560
563 4433
564 4592
565 4464
566 4624
567 4496
568 4656
569 4528
570 4688
571 4560
572 4720
573 4592
574 4752
575 4624
576 4785
577 4656
578 4818
579 4688
580 4851
581 4720
582 4884
583 4752
584 4917
585 4785
586 4950
587 4818
588 4983
589 4851
590 5016
591 4884
592 5049
593 4917
594 5083
595 4950
596 5117
597 4983
598 5151
599 5016
600 5185
601 5049
602 5219
603 5083
604 5253
605 5117
606 5287
607 5151
608 5321
609 5185
610 5355
611 5219
612 5390
613 5253
614 5425
615 5287
616 5460
617 5321
618 5495
619 5355
620 5530
621 5390
622 5565
623 5425
624 5600
625 5460
626 5635
627 5495
628 5670
629 5530
630 5706
631 5565
632 5742
633 5600
634 5778
635 5635
636 5814
637 5670
638 5850
639 5706
640 5886
641 5742
642 5922
643 5778
644 5958
645 5814
646 5994
647 5850
648 6031
649 5886
650 6068
651 5922
652 6105
653 5958
654 6142
655 5994
656 6179
657 6031
658 6216
659 6068
660 6253
661 6105
662 6290
663 6142
664 6327
665 6179
666 6365
667 6216
668 6403
669 6253
670 6441
671 6290
672 6479
673 6327
674 6517
675 6365
676 6555
677 6403
678 6593
679 6441
680 6631
681 6479
682 6669
683 6517
684 6708
685 6555
686 6747
687 6593
688 6786
689 6631
690 6825
691 6669
692 6864
693 6708
694 6903
695 6747
696 6942
697 6786
698 6981
699 6825
700 7020
701 6864
702 7060
703 6903
704 7100
705 6942
706 7140
707 6981
708 7180
709 7020
710 7220
711 7060
712 7260
713 7100
714 7300
715 7140
716 7340
717 7180
718 7380
719 7220
720 7421
721 7260
722 7462
723 7300
724 7503
725 7340
726 7544
727 7380
728 7585
729 7421
730 7626
731 7462
732 7667
733 7503
734 7708
735 7544
736 7749
737 7585
738 7791
739 7626
740 7833
741 7667
742 7875
743 7708
744 7917
745 7749
746 7959
747 7791
748 8001
749 7833
750 8043
751 7875
752 8085
753 7917
754 8127
755 7959
756 8170
757 8001
758 8213
759 8043
760 8256
761 8085
762 8299
763 8127
764 8342
765 8170
766 8385
767 8213
768 8428
769 8256
770 8471
771 8299
772 8514
773 8342
774 8558
775 8385
776 8602
777 8428
778 8646
779 8471
780 8690
781 8514
782 8734
783 8558
784 8778
785 8602
786 8822
787 8646
788 8866
789 8690
790 8910
791 8734
792 8955
793 8778
794 9000
795 8822
796 9045
797 8866
798 9090
799 8910
800 9135
801 8955
802 9180
803 9000
804 9225
805 9045
806 9270
807 9090
808 9315
809 9135
810 9361
811 9180
812 9407
813 9225
814 9453
815 9270
816 9499
817 9315
818 9545
819 9361
820 9591
821 9407
822 9637
823 9453
824 9683
825 9499
826 9729
827 9545
828 9776
829 9591
830 9823
831 9637
832 9870
833 9683
834 9917
835 9729
836 9964
837 9776
838 10011
839 9823
840 10058
841 9870
842 10105
843 9917
844 10152
845 9964
846 10200
847 10011
848 10248
849 10058
850 10296
851 10105
852 10344
853 10152
854 10392
855 10200
856 10440
857 10248
858 10488
859 10296
860 10536
861 10344
862 10584
863 10392
864 10633
865 10440
866 10682
867 10488
868 10731
869 10536
870 10780
871 10584
872 10829
873 10633
874 10878
875 10682
876 10927
877 10731
878 10976
879 10780
880 11025
881 10829
882 11075
883 10878
884 11125
885 10927
886 11175
887 10976
888 11225
889 11025
890 11275
891 11075
892 11325
893 11125
894 11375
895 11175
896 11425
897 11225
898 11475
899 11275
900 11526
901 11325
902 11577
903 11375
904 11628
905 11425
906 11679
907 11475
908 11730
909 11526
910 11781
911 11577
912 11832
913 11628
914 11883
915 11679
916 11934
917 11730
918 11986
919 11781
920 12038
921 11832
922 12090
923 11883
924 12142
925 11934
926 12194
927 11986
928 12246
929 12038
930 12298
931 12090
932 12350
933 12142
934 12402
935 12194
936 12455
937 12246
938 12508
939 12298
940 12561
941 12350
942 12614
943 12402
944 12667
945 12455
946 12720
947 12508
948 12773
949 12561
950 12826
951 12614
952 12879
953 12667
954 12933
955 12720
956 12987
957 12773
958 13041
959 12826
960 13095
961 12879
962 13149
963 12933
964 13203
965 12987
966 13257
967 13041
968 13311
969 13095
970 13365
971 13149
972 13420
973 13203
974 13475
975 13257
976 13530
977 13311
978 13585
979 13365
980 13640
981 13420
982 13695
983 13475
984 13750
985 13530
986 13805
987 13585
988 13860
989 13640
990 13916
991 13695
992 13972
993 13750
994 14028
995 13805
996 14084
997 13860
998 14140
999 13916
1000 14196
