0 1
1 2
2 3
3 4
4 5
5 6
6 7
7 8
8 9
9 10
10 11
11 13
12 15
13 17
14 19
15 21
16 23
17 25
18 27
19 29
20 31
21 33
22 36
23 39
24 42
25 45
26 48
27 51
28 54
29 57
30 60
31 63
32 66
33 70
34 74
35 78
36 82
37 86
38 90
39 94
40 98
41 102
42 106
43 110
44 115
45 120
46 125
47 130
48 135
49 140
50 145
51 150
52 155
53 160
54 165
55 171
56 177
57 183
58 189
59 195
60 201
61 207
62 213
63 219
64 225
65 231
66 238
67 245
68 252
69 259
70 266
71 273
72 280
73 287
74 294
75 301
76 308
77 316
78 324
79 332
80 340
81 348
82 356
83 364
84 372
85 380
86 388
87 396
88 405
89 414
90 423
91 432
92 441
93 450
94 459
95 468
96 477
97 486
98 495
99 505
100 515
101 525
102 535
103 545
104 555
105 565
106 575
107 585
108 595
109 605
110 616
111 627
112 638
113 649
114 660
115 671
116 682
117 693
118 704
119 715
120 726
121 738
122 750
123 762
124 774
125 786
126 798
127 810
128 822
129 834
130 846
131 858
132 871
133 884
134 897
135 910
136 923
137 936
138 949
139 962
140 975
141 988
142 1001
143 1015
144 1029
145 1043
146 1057
147 1071
148 1085
149 1099
150 1113
151 1127
152 1141
153 1155
154 1170
155 1185
156 1200
157 1215
158 1230
159 1245
160 1260
161 1275
162 1290
163 1305
164 1320
165 1336
166 1352
167 1368
168 1384
169 1400
170 1416
171 1432
172 1448
173 1464
174 1480
175 1496
176 1513
177 1530
178 1547
179 1564
180 1581
181 1598
182 1615
183 1632
184 1649
185 1666
186 1683
187 1701
188 1719
189 1737
190 1755
191 1773
192 1791
193 1809
194 1827
195 1845
196 1863
197 1881
198 1900
199 1919
200 1938
201 1957
202 1976
203 1995
204 2014
205 2033
206 2052
207 2071
208 2090
209 2110
210 2130
211 2150
212 2170
213 2190
214 2210
215 2230
216 2250
217 2270
218 2290
219 2310
220 2331
221 2352
222 2373
223 2394
224 2415
225 2436
226 2457
227 2478
228 2499
229 2520
230 2541
231 2563
232 2585
233 2607
234 2629
235 2651
236 2673
237 2695
238 2717
239 2739
240 2761
241 2783
242 2806
243 2829
244 2852
245 2875
246 2898
247 2921
248 2944
249 2967
250 2990
251 3013
252 3036
253 3060
254 3084
255 3108
256 3132
257 3156
258 3180
259 3204
260 3228
261 3252
262 3276
263 3300
264 3325
265 3350
266 3375
267 3400
268 3425
269 3450
270 3475
271 3500
272 3525
273 3550
274 3575
275 3601
276 3627
277 3653
278 3679
279 3705
280 3731
281 3757
282 3783
283 3809
284 3835
285 3861
286 3888
287 3915
288 3942
289 3969
290 3996
291 4023
292 4050
293 4077
294 4104
295 4131
296 4158
297 4186
298 4214
299 4242
300 4270
301 4298
302 4326
303 4354
304 4382
305 4410
306 4438
307 4466
308 4495
309 4524
310 4553
311 4582
312 4611
313 4640
314 4669
315 4698
316 4727
317 4756
318 4785
319 4815
320 4845
321 4875
322 4905
323 4935
324 4965
325 4995
326 5025
327 5055
328 5085
329 5115
330 5146
331 5177
332 5208
333 5239
334 5270
335 5301
336 5332
337 5363
338 5394
339 5425
340 5456
341 5488
342 5520
343 5552
344 5584
345 5616
346 5648
347 5680
348 5712
349 5744
350 5776
351 5808
352 5841
353 5874
354 5907
355 5940
356 5973
357 6006
358 6039
359 6072
360 6105
361 6138
362 6171
363 6205
364 6239
365 6273
366 6307
367 6341
368 6375
369 6409
370 6443
371 6477
372 6511
373 6545
374 6580
375 6615
376 6650
377 6685
378 6720
379 6755
380 6790
381 6825
382 6860
383 6895
384 6930
385 6966
386 7002
387 7038
388 7074
389 7110
390 7146
391 7182
392 7218
393 7254
394 7290
395 7326
396 7363
397 7400
398 7437
399 7474
400 7511
401 7548
402 7585
403 7622
404 7659
405 7696
406 7733
407 7771
408 7809
409 7847
410 7885
411 7923
412 7961
413 7999
414 8037
415 8075
416 8113
417 8151
418 8190
419 8229
420 8268
421 8307
422 8346
423 8385
424 8424
425 8463
426 8502
427 8541
428 8580
429 8620
430 8660
431 8700
432 8740
433 8780
434 8820
435 8860
436 8900
437 8940
438 8980
439 9020
440 9061
441 9102
442 9143
443 9184
444 9225
445 9266
446 9307
447 9348
448 9389
449 9430
450 9471
451 9513
452 9555
453 9597
454 9639
455 9681
456 9723
457 9765
458 9807
459 9849
460 9891
461 9933
462 9976
463 10019
464 10062
465 10105
466 10148
467 10191
468 10234
469 10277
470 10320
471 10363
472 10406
473 10450
474 10494
475 10538
476 10582
477 10626
478 10670
479 10714
480 10758
481 10802
482 10846
483 10890
484 10935
485 10980
486 11025
487 11070
488 11115
489 11160
490 11205
491 11250
492 11295
493 11340
494 11385
495 11431
496 11477
497 11523
498 11569
499 11615
500 11661
501 11707
502 11753
503 11799
504 11845
505 11891
506 11938
507 11985
508 12032
509 12079
510 12126
511 12173
512 12220
513 12267
514 12314
515 12361
516 12408
517 12456
518 12504
519 12552
520 12600
521 12648
522 12696
523 12744
524 12792
525 12840
526 12888
527 12936
528 12985
529 13034
530 13083
531 13132
532 13181
533 13230
534 13279
535 13328
536 13377
537 13426
538 13475
539 13525
540 13575
541 13625
542 13675
543 13725
544 13775
545 13825
546 13875
547 13925
548 13975
549 14025
550 14076
551 14127
552 14178
553 14229
554 14280
555 14331
556 14382
557 14433
558 14484
559 14535
560 14586
561 14638
562 14690
563 14742
564 14794
565 14846
566 14898
567 14950
568 15002
569 15054
570 15106
571 15158
572 15211
573 15264
574 15317
575 15370
576 15423
577 15476
578 15529
579 15582
580 15635
581 15688
582 15741
583 15795
584 15849
585 15903
586 15957
587 16011
588 16065
589 16119
590 16173
591 16227
592 16281
593 16335
594 16390
595 16445
596 16500
597 16555
598 16610
599 16665
600 16720
601 16775
602 16830
603 16885
604 16940
605 16996
606 17052
607 17108
608 17164
609 17220
610 17276
611 17332
612 17388
613 17444
614 17500
615 17556
616 17613
617 17670
618 17727
619 17784
620 17841
621 17898
622 17955
623 18012
624 18069
625 18126
626 18183
627 18241
628 18299
629 18357
630 18415
631 18473
632 18531
633 18589
634 18647
635 18705
636 18763
637 18821
638 18880
639 18939
640 18998
641 19057
642 19116
643 19175
644 19234
645 19293
646 19352
647 19411
648 19470
649 19530
650 19590
651 19650
652 19710
653 19770
654 19830
655 19890
656 19950
657 20010
658 20070
659 20130
660 20191
661 20252
662 20313
663 20374
664 20435
665 20496
666 20557
667 20618
668 20679
669 20740
670 20801
671 20863
672 20925
673 20987
674 21049
675 21111
676 21173
677 21235
678 21297
679 21359
680 21421
681 21483
682 21546
683 21609
684 21672
685 21735
686 21798
687 21861
688 21924
689 21987
690 22050
691 22113
692 22176
693 22240
694 22304
695 22368
696 22432
697 22496
698 22560
699 22624
700 22688
701 22752
702 22816
703 22880
704 22945
705 23010
706 23075
707 23140
708 23205
709 23270
710 23335
711 23400
712 23465
713 23530
714 23595
715 23661
716 23727
717 23793
718 23859
719 23925
720 23991
721 24057
722 24123
723 24189
724 24255
725 24321
726 24388
727 24455
728 24522
729 24589
730 24656
731 24723
732 24790
733 24857
734 24924
735 24991
736 25058
737 25126
738 25194
739 25262
740 25330
741 25398
742 25466
743 25534
744 25602
745 25670
746 25738
747 25806
748 25875
749 25944
750 26013
751 26082
752 26151
753 26220
754 26289
755 26358
756 26427
757 26496
758 26565
759 26635
760 26705
761 26775
762 26845
763 26915
764 26985
765 27055
766 27125
767 27195
768 27265
769 27335
770 27406
771 27477
772 27548
773 27619
774 27690
775 27761
776 27832
777 27903
778 27974
779 28045
780 28116
781 28188
782 28260
783 28332
784 28404
785 28476
786 28548
787 28620
788 28692
789 28764
790 28836
791 28908
792 28981
793 29054
794 29127
795 29200
796 29273
797 29346
798 29419
799 29492
800 29565
801 29638
802 29711
803 29785
804 29859
805 29933
806 30007
807 30081
808 30155
809 30229
810 30303
811 30377
812 30451
813 30525
814 30600
815 30675
816 30750
817 30825
818 30900
819 30975
820 31050
821 31125
822 31200
823 31275
824 31350
825 31426
826 31502
827 31578
828 31654
829 31730
830 31806
831 31882
832 31958
833 32034
834 32110
835 32186
836 32263
837 32340
838 32417
839 32494
840 32571
841 32648
842 32725
843 32802
844 32879
845 32956
846 33033
847 33111
848 33189
849 33267
850 33345
851 33423
852 33501
853 33579
854 33657
855 33735
856 33813
857 33891
858 33970
859 34049
860 34128
861 34207
862 34286
863 34365
864 34444
865 34523
866 34602
867 34681
868 34760
869 34840
870 34920
871 35000
872 35080
873 35160
874 35240
875 35320
876 35400
877 35480
878 35560
879 35640
880 35721
881 35802
882 35883
883 35964
884 36045
885 36126
886 36207
887 36288
888 36369
889 36450
890 36531
891 36613
892 36695
893 36777
894 36859
895 36941
896 37023
897 37105
898 37187
899 37269
900 37351
901 37433
902 37516
903 37599
904 37682
905 37765
906 37848
907 37931
908 38014
909 38097
910 38180
911 38263
912 38346
913 38430
914 38514
915 38598
916 38682
917 38766
918 38850
919 38934
920 39018
921 39102
922 39186
923 39270
924 39355
925 39440
926 39525
927 39610
928 39695
929 39780
930 39865
931 39950
932 40035
933 40120
934 40205
935 40291
936 40377
937 40463
938 40549
939 40635
940 40721
941 40807
942 40893
943 40979
944 41065
945 41151
946 41238
947 41325
948 41412
949 41499
950 41586
951 41673
952 41760
953 41847
954 41934
955 42021
956 42108
957 42196
958 42284
959 42372
960 42460
961 42548
962 42636
963 42724
964 42812
965 42900
966 42988
967 43076
968 43165
969 43254
970 43343
971 43432
972 43521
973 43610
974 43699
975 43788
976 43877
977 43966
978 44055
979 44145
980 44235
981 44325
982 44415
983 44505
984 44595
985 44685
986 44775
987 44865
988 44955
989 45045
990 45136
991 45227
992 45318
993 45409
994 45500
995 45591
996 45682
997 45773
998 45864
999 45955
1000 46046
