0 0
1 15
2 24
3 33
4 42
5 51
6 60
7 69
8 78
9 87
10 96
11 105
12 114
13 123
14 132
15 141
16 150
17 159
18 168
19 177
20 186
21 195
22 204
23 213
24 222
25 231
26 240
27 249
28 258
29 267
30 276
31 285
32 294
33 303
34 312
35 321
36 330
37 339
38 348
39 357
40 366
41 375
42 384
43 393
44 402
45 411
46 420
47 429
48 438
49 447
50 456
51 465
52 474
53 483
54 492
55 501
56 510
57 519
58 528
59 537
60 546
61 555
62 564
63 573
64 582
65 591
66 600
67 609
68 618
69 627
70 636
71 645
72 654
73 663
74 672
75 681
76 690
77 699
78 708
79 717
80 726
81 735
82 744
83 753
84 762
85 771
86 780
87 789
88 798
89 807
90 816
91 825
92 834
93 843
94 852
95 861
96 870
97 879
98 888
99 897
100 906
101 915
102 924
103 933
104 942
105 951
106 960
107 969
108 978
109 987
110 996
111 1005
112 1014
113 1023
114 1032
115 1041
116 1050
117 1059
118 1068
119 1077
120 1086
121 1095
122 1104
123 1113
124 1122
125 1131
126 1140
127 1149
128 1158
129 1167
130 1176
131 1185
132 1194
133 1203
134 1212
135 1221
136 1230
137 1239
138 1248
139 1257
140 1266
141 1275
142 1284
143 1293
144 1302
145 1311
146 1320
147 1329
148 1338
149 1347
150 1356
151 1365
152 1374
153 1383
154 1392
155 1401
156 1410
157 1419
158 1428
159 1437
160 1446
161 1455
162 1464
163 1473
164 1482
165 1491
166 1500
167 1509
168 1518
169 1527
170 1536
171 1545
172 1554
173 1563
174 1572
175 1581
176 1590
177 1599
178 1608
179 1617
180 1626
181 1635
182 1644
183 1653
184 1662
185 1671
186 1680
187 1689
188 1698
189 1707
190 1716
191 1725
192 1734
193 1743
194 1752
195 1761
196 1770
197 1779
198 1788
199 1797
200 1806
201 1815
202 1824
203 1833
204 1842
205 1851
206 1860
207 1869
208 1878
209 1887
210 1896
211 1905
212 1914
213 1923
214 1932
215 1941
216 1950
217 1959
218 1968
219 1977
220 1986
221 1995
222 2004
223 2013
224 2022
225 2031
226 2040
227 2049
228 2058
229 2067
230 2076
231 2085
232 2094
233 2103
234 2112
235 2121
236 2130
237 2139
238 2148
239 2157
240 2166
241 2175
242 2184
243 2193
244 2202
245 2211
246 2220
247 2229
248 2238
249 2247
250 2256
251 2265
252 2274
253 2283
254 2292
255 2301
256 2310
257 2319
258 2328
259 2337
260 2346
261 2355
262 2364
263 2373
264 2382
265 2391
266 2400
267 2409
268 2418
269 2427
270 2436
271 2445
272 2454
273 2463
274 2472
275 2481
276 2490
277 2499
278 2508
279 2517
280 2526
281 2535
282 2544
283 2553
284 2562
285 2571
286 2580
287 2589
288 2598
289 2607
290 2616
291 2625
292 2634
293 2643
294 2652
295 2661
296 2670
297 2679
298 2688
299 2697
300 2706
301 2715
302 2724
303 2733
304 2742
305 2751
306 2760
307 2769
308 2778
309 2787
310 2796
311 2805
312 2814
313 2823
314 2832
315 2841
316 2850
317 2859
318 2868
319 2877
320 2886
321 2895
322 2904
323 2913
324 2922
325 2931
326 2940
327 2949
328 2958
329 2967
330 2976
331 2985
332 2994
333 3003
334 3012
335 3021
336 3030
337 3039
338 3048
339 3057
340 3066
341 3075
342 3084
343 3093
344 3102
345 3111
346 3120
347 3129
348 3138
349 3147
350 3156
351 3165
352 3174
353 3183
354 3192
355 3201
356 3210
357 3219
358 3228
359 3237
360 3246
361 3255
362 3264
363 3273
364 3282
365 3291
366 3300
367 3309
368 3318
369 3327
370 3336
371 3345
372 3354
373 3363
374 3372
375 3381
376 3390
377 3399
378 3408
379 3417
380 3426
381 3435
382 3444
383 3453
384 3462
385 3471
386 3480
387 3489
388 3498
389 3507
390 3516
391 3525
392 3534
393 3543
394 3552
395 3561
396 3570
397 3579
398 3588
399 3597
400 3606
401 3615
402 3624
403 3633
404 3642
405 3651
406 3660
407 3669
408 3678
409 3687
410 3696
411 3705
412 3714
413 3723
414 3732
415 3741
416 3750
417 3759
418 3768
419 3777
420 3786
421 3795
422 3804
423 3813
424 3822
425 3831
426 3840
427 3849
428 3858
429 3867
430 3876
431 3885
432 3894
433 3903
434 3912
435 3921
436 3930
437 3939
438 3948
439 3957
440 3966
441 3975
442 3984
443 3993
444 4002
445 4011
446 4020
447 4029
448 4038
449 4047
450 4056
451 4065
452 4074
453 4083
454 4092
455 4101
456 4110
457 4119
458 4128
459 4137
460 4146
461 4155
462 4164
463 4173
464 4182
465 4191
466 4200
467 4209
468 4218
469 4227
470 4236
471 4245
472 4254
473 4263
474 4272
475 4281
476 4290
477 4299
478 4308
479 4317
480 4326
481 4335
482 4344
483 4353
484 4362
485 4371
486 4380
487 4389
488 4398
489 4407
490 4416
491 4425
492 4434
493 4443
494 4452
495 4461
496 4470
497 4479
498 4488
499 4497
500 4506
501 4515
502 4524
503 4533
504 4542
505 4551
506 4560
507 4569
508 4578
509 4587
510 4596
511 4605
512 4614
513 4623
514 4632
515 4641
516 4650
517 4659
518 4668
519 4677
520 4686
521 4695
522 4704
523 4713
524 4722
525 4731
526 4740
527 4749
528 4758
529 4767
530 4776
531 4785
532 4794
533 4803
534 4812
535 4821
536 4830
537 4839
538 4848
539 4857
540 4866
541 4875
542 4884
543 4893
544 4902
545 4911
546 4920
547 4929
548 4938
549 4947
550 4956
551 4965
552 4974
553 4983
554 4992
555 5001
556 5010
557 5019
558 5028
559 5037
560 5046
561 5055
562 5064
563 5073
564 5082
565 5091
566 5100
567 5109
568 5118
569 5127
570 5136
571 5145
572 5154
573 5163
574 5172
575 5181
576 5190
577 5199
578 5208
579 5217
580 5226
581 5235
582 5244
583 5253
584 5262
585 5271
586 5280
587 5289
588 5298
589 5307
590 5316
591 5325
592 5334
593 5343
594 5352
595 5361
596 5370
597 5379
598 5388
599 5397
600 5406
601 5415
602 5424
603 5433
604 5442
605 5451
606 5460
607 5469
608 5478
609 5487
610 5496
611 5505
612 5514
613 5523
614 5532
615 5541
616 5550
617 5559
618 5568
619 5577
620 5586
621 5595
622 5604
623 5613
624 5622
625 5631
626 5640
627 5649
628 5658
629 5667
630 5676
631 5685
632 5694
633 5703
634 5712
635 5721
636 5730
637 5739
638 5748
639 5757
640 5766
641 5775
642 5784
643 5793
644 5802
645 5811
646 5820
647 5829
648 5838
649 5847
650 5856
651 5865
652 5874
653 5883
654 5892
655 5901
656 5910
657 5919
658 5928
659 5937
660 5946
661 5955
662 5964
663 5973
664 5982
665 5991
666 6000
667 6009
668 6018
669 6027
670 6036
671 6045
672 6054
673 6063
674 6072
675 6081
676 6090
677 6099
678 6108
679 6117
680 6126
681 6135
682 6144
683 6153
684 6162
685 6171
686 6180
687 6189
688 6198
689 6207
690 6216
691 6225
692 6234
693 6243
694 6252
695 6261
696 6270
697 6279
698 6288
699 6297
700 6306
701 6315
702 6324
703 6333
704 6342
705 6351
706 6360
707 6369
708 6378
709 6387
710 6396
711 6405
712 6414
713 6423
714 6432
715 6441
716 6450
717 6459
718 6468
719 6477
720 6486
721 6495
722 6504
723 6513
724 6522
725 6531
726 6540
727 6549
728 6558
729 6567
730 6576
731 6585
732 6594
733 6603
734 6612
735 6621
736 6630
737 6639
738 6648
739 6657
740 6666
741 6675
742 6684
743 6693
744 6702
745 6711
746 6720
747 6729
748 6738
749 6747
750 6756
751 6765
752 6774
753 6783
754 6792
755 6801
756 6810
757 6819
758 6828
759 6837
760 6846
761 6855
762 6864
763 6873
764 6882
765 6891
766 6900
767 6909
768 6918
769 6927
770 6936
771 6945
772 6954
773 6963
774 6972
775 6981
776 6990
777 6999
778 7008
779 7017
780 7026
781 7035
782 7044
783 7053
784 7062
785 7071
786 7080
787 7089
788 7098
789 7107
790 7116
791 7125
792 7134
793 7143
794 7152
795 7161
796 7170
797 7179
798 7188
799 7197
800 7206
801 7215
802 7224
803 7233
804 7242
805 7251
806 7260
807 7269
808 7278
809 7287
810 7296
811 7305
812 7314
813 7323
814 7332
815 7341
816 7350
817 7359
818 7368
819 7377
820 7386
821 7395
822 7404
823 7413
824 7422
825 7431
826 7440
827 7449
828 7458
829 7467
830 7476
831 7485
832 7494
833 7503
834 7512
835 7521
836 7530
837 7539
838 7548
839 7557
840 7566
841 7575
842 7584
843 7593
844 7602
845 7611
846 7620
847 7629
848 7638
849 7647
850 7656
851 7665
852 7674
853 7683
854 7692
855 7701
856 7710
857 7719
858 7728
859 7737
860 7746
861 7755
862 7764
863 7773
864 7782
865 7791
866 7800
867 7809
868 7818
869 7827
870 7836
871 7845
872 7854
873 7863
874 7872
875 7881
876 7890
877 7899
878 7908
879 7917
880 7926
881 7935
882 7944
883 7953
884 7962
885 7971
886 7980
887 7989
888 7998
889 8007
890 8016
891 8025
892 8034
893 8043
894 8052
895 8061
896 8070
897 8079
898 8088
899 8097
900 8106
901 8115
902 8124
903 8133
904 8142
905 8151
906 8160
907 8169
908 8178
909 8187
910 8196
911 8205
912 8214
913 8223
914 8232
915 8241
916 8250
917 8259
918 8268
919 8277
920 8286
921 8295
922 8304
923 8313
924 8322
925 8331
926 8340
927 8349
928 8358
929 8367
930 8376
931 8385
932 8394
933 8403
934 8412
935 8421
936 8430
937 8439
938 8448
939 8457
940 8466
941 8475
942 8484
943 8493
944 8502
945 8511
946 8520
947 8529
948 8538
949 8547
950 8556
951 8565
952 8574
953 8583
954 8592
955 8601
956 8610
957 8619
958 8628
959 8637
960 8646
961 8655
962 8664
963 8673
964 8682
965 8691
966 8700
967 8709
968 8718
969 8727
970 8736
971 8745
972 8754
973 8763
974 8772
975 8781
976 8790
977 8799
978 8808
979 8817
980 8826
981 8835
982 8844
983 8853
984 8862
985 8871
986 8880
987 8889
988 8898
989 8907
990 8916
991 8925
992 8934
993 8943
994 8952
995 8961
996 8970
997 8979
998 8988
999 8997
1000 9006
