0 1
1 10
2 55
3 220
4 715
5 2002
6 5005
7 11440
8 24310
9 48620
10 92378
11 167960
12 293930
13 497420
14 817190
15 1307504
16 2042975
17 3124550
18 4686825
19 6906900
20 10015005
21 14307150
22 20160075
23 28048800
24 38567100
25 52451256
26 70607460
27 94143280
28 124403620
29 163011640
30 211915132
31 273438880
32 350343565
33 445891810
34 563921995
35 708930508
36 886163135
37 1101716330
38 1362649145
39 1677106640
40 2054455634
41 2505433700
42 3042312350
43 3679075400
44 4431613550
45 5317936260
46 6358402050
47 7575968400
48 8996462475
49 10648873950
50 12565671261
51 14783142660
52 17341763505
53 20286591270
54 23667689815
55 27540584512
56 31966749880
57 37014131440
58 42757703560
59 49280065120
60 56672074888
61 65033528560
62 74473879480
63 85113005120
64 97082021465
65 110524147514
66 125595622175
67 142466675900
68 161322559475
69 182364632450
70 205811513765
71 231900297200
72 260887834350
73 293052087900
74 328693558050
75 368136785016
76 411731930610
77 459856441980
78 512916800670
79 571350360240
80 635627275767
81 706252528630
82 783768050065
83 868754947060
84 961835834245
85 1063677275518
86 1174992339235
87 1296543270880
88 1429144287220
89 1573664496040
90 1731030945644
91 1902231808400
92 2088319702700
93 2290415157800
94 2509710226100
95 2747472247520
96 3005047770725
97 3283866636050
98 3585446225075
99 3911395881900
100 4263421511271
101 4643330358810
102 5053035978705
103 5494563394320
104 5970054457290
105 6481773410772
106 7032112662630
107 7623598774440
108 8258898672310
109 8940826085620
110 9672348219898
111 10456592670160
112 11296854581155
113 12196604061070
114 13159493855365
115 14189367287524
116 15290266473625
117 16466440817750
118 17722355795375
119 19062702032000
120 20492404684400
121 22016633132000
122 23640810986000
123 25370626424000
124 27212042858000
125 29171309943776
126 31254974939760
127 33469894423680
128 35823246375345
129 38322542634090
130 40975641739527
131 43790762164380
132 46776495948315
133 49941822741810
134 53296124269245
135 56849199220528
136 60611278580710
137 64593041407180
138 68805631064170
139 73260671924440
140 77970286548154
141 82947113349100
142 88204324758550
143 93755645897200
144 99615373765775
145 105798396965030
146 112320215956025
147 119196963871700
148 126445427890925
149 134083071186350
150 142128055457531
151 150599264060960
152 159516325748780
153 168899639028120
154 178770397153140
155 189150613762032
156 200063149171380
157 211531737340440
158 223581013518060
159 236236542585120
160 249524848105533
161 263473442099010
162 278110855548955
163 293466669659020
164 309571547872015
165 326457268665034
166 344156759134825
167 362704129387600
168 382134707747650
169 402485076799300
170 423793110276910
171 446098010817800
172 469440348593150
173 493862100832100
174 519406692254450
175 546119036427536
176 574045578063035
177 603234336269630
178 633734948777645
179 665598717151940
180 698878653009537
181 733629525258630
182 769907908375815
183 807772231738560
184 847282830030120
185 888501994734288
186 931494026737560
187 976325290056480
188 1023064266708120
189 1071781612741840
190 1122550215450664
191 1175445251780800
192 1230544247958025
193 1287927140349850
194 1347676337582575
195 1409876783932540
196 1474616024011075
197 1541984268762850
198 1612074462797525
199 1684982353074800
200 1760806558963166
201 1839648643692860
202 1921613187223730
203 2006807860548920
204 2095343501455490
205 2187334191763292
206 2282897336063630
207 2382153741979440
208 2485227701968935
209 2592247076694870
210 2703343379981793
211 2818651865383860
212 2938311614386005
213 3062465626261470
214 3191260909608915
215 3324848575592544
216 3463383932908900
217 3607026584504200
218 3755940526066300
219 3910294246315600
220 4070260829119420
221 4236018057454600
222 4407748519243300
223 4585639715087200
224 4769884167925525
225 4960679534642546
226 5158228719650435
227 5362739990473580
228 5574427095360695
229 5793509382951290
230 6020211924023297
231 6254765635348880
232 6497407405685690
233 6748380223931060
234 7007933309466870
235 7276322244723048
236 7553809109987910
237 7840662620493780
238 8137158265806570
239 8443578451548240
240 8760212643481299
241 9087357513984750
242 9425317090951125
243 9774402909134500
244 10134934163979625
245 10507237867962550
246 10891649009473375
247 11288510714272000
248 11698174409548000
249 12120999990616000
250 12557355990278176
251 13007619750885760
252 13472177599131680
253 13951425023606720
254 14445766855151840
255 14955617450039552
256 15481400876017505
257 16023551101247690
258 16582512186174935
259 17158738478358620
260 17752694810301803
261 18364856700312210
262 18995710556429805
263 19645753883455920
264 20315495493119190
265 21005455717413804
266 21716166625145850
267 22448172241723800
268 23202028772229450
269 23978304827805900
270 24777581655399430
271 25600453370892400
272 26447527195664575
273 27319423696620550
274 28216777029721225
275 29140235187057556
276 30090460247505085
277 31068128630998030
278 32073931356461995
279 33108574303444640
280 34172778477483932
281 35267280279253880
282 36392831777527940
283 37550200986000560
284 38740172144007620
285 39963546001186808
286 41221140106119260
287 42513789098994080
288 43842345008337645
289 45207677551849890
290 46610674441390059
291 48052241692154700
292 49533303936090975
293 51054804739588650
294 52617706925494425
295 54222992899492560
296 55871664980896050
297 57564745737892900
298 59303278327292350
299 61088326838816200
300 62920976643980686
301 64802334749614660
302 66733530156060130
303 68715714220101520
304 70750061022670315
305 72837767741372062
306 74980055027883005
307 77178167390263940
308 79433373580239185
309 81746966985488870
310 84120266027003063
311 86554614561546560
312 89051382289283480
313 91611965166611120
314 94237785824252840
315 96930293990660064
316 99690966920773800
317 102521309830196400
318 105422856334824600
319 108397168895995200
320 111445839271195065
321 114570488970387450
322 117772769718006975
323 121054363920675900
324 124416985140694675
325 127862378575360066
326 131392321542164485
327 135008623969930480
328 138713128895934670
329 142507712969075740
330 146394286959141442
331 150374796272229880
332 154451221472380690
333 158625578809472060
334 162899920753439870
335 167276336534875568
336 171756952692059735
337 176343933624488630
338 181039482152951345
339 185845840086215540
340 190765288794380069
341 195800149788953150
342 200952785309715075
343 206225598918424800
344 211621036099430100
345 217141584867241320
346 222789776381129100
347 228568185566806800
348 234479431745258700
349 240526179268775400
350 246711138164258196
351 253037064783854560
352 259506762462987205
353 266123082185839570
354 272888923258360915
355 279807233988854572
356 286881012376213255
357 294113306805865690
358 301507216753499185
359 309065893496623120
360 316792540834038698
361 324690415813280660
362 332762829466097030
363 341013147552033320
364 349444791310187990
365 358061238219206324
366 366866022765580250
367 375862737220322000
368 385055032424079875
369 394446618580764750
370 404041266059756325
371 413842806206758500
372 423855132163373625
373 434082199695465750
374 444528028030383375
375 455196700703112576
376 466092366411431760
377 477219239880139680
378 488581602734428720
379 500183804382475840
380 512030262907323952
381 524125465968126880
382 536473971710831440
383 549080409688370560
384 561949481790441745
385 575085963182945578
386 588494703257159335
387 602180626588721180
388 616148733906500795
389 630404103071432690
390 644951890065388829
391 659797329990167600
392 674945738076676550
393 690402510704386700
394 706173126431136650
395 722263147033365080
396 738678218556850650
397 755424072378038700
398 772506526276034550
399 789931485515343600
400 807704943939438831
401 825832985075236710
402 844321783248562905
403 863177604710689620
404 882406808776026765
405 902015848971049582
406 922011274194545755
407 942399729889265440
408 963187959225058060
409 984382804293580120
410 1005991207314658708
411 1028020211854395760
412 1050476964055098580
413 1073368713877122520
414 1096702816352712140
415 1120486732851927584
416 1144728032360743325
417 1169434392771406850
418 1194613602185145275
419 1220273560227308300
420 1246422279375036335
421 1273067886297543050
422 1300218623209102025
423 1327882849234827600
424 1356069041789340450
425 1384785797968408836
426 1414041835953656910
427 1443845996430431880
428 1474207244018922270
429 1505134668718619940
430 1536637487366218962
431 1568725045107044880
432 1601406816880108315
433 1634692408916877310
434 1668591560253863245
435 1703114144259115588
436 1738270170172721185
437 1774069784661404230
438 1810523273387323495
439 1847641062591163840
440 1885433720689619464
441 1923911959887366800
442 1963086637803625400
443 2002968759113405600
444 2043569477203542200
445 2084900095843613840
446 2126972070871848200
447 2169797011896113600
448 2213386684010098025
449 2257753009524777050
450 2302908069715272591
451 2348864106583204860
452 2395633524634640355
453 2443228892673739170
454 2491662945612205365
455 2540948586294644592
456 2591098887339933630
457 2642127092998706940
458 2694046621027065810
459 2746871064576616120
460 2800614194100941218
461 2855289959278616860
462 2910912490952875630
463 2967496103088028720
464 3025055294742753415
465 3083604752060355094
466 3143159350276113025
467 3203734155741819700
468 3265344427967623925
469 3328005621681288350
470 3391733388904972595
471 3456543581049653600
472 3522452251027295300
473 3589475655380880200
474 3657630256432415900
475 3726932724449030096
476 3797399939827268060
477 3869048995295707080
478 3941897198136002820
479 4015962072422483040
480 4091261361280404597
481 4167813029162990130
482 4245635264147361315
483 4324746480249486060
484 4405165319758257495
485 4486910655588823098
486 4570001593655282785
487 4654457475262875280
488 4740297879519772570
489 4827542625768602740
490 4916211776037821974
491 5006325637513057000
492 5097904765028539750
493 5190969963578756500
494 5285542290850434250
495 5381643059774987600
496 5479293841101549875
497 5578516465990712750
498 5679333028629099125
499 5781765888864894500
500 5885837674864462601
501 5991571285790171510
502 6098989894499557055
503 6208116950265950720
504 6318976181520699840
505 6431591598617108352
506 6545987496616226880
507 6662188458094621440
508 6780219355974250560
509 6900105356374581120
510 7021871921487073728
511 7145544812472168960
512 7271150092378906305
513 7398714129087308170
514 7528263598273661815
515 7659825486398832604
516 7793427093719742475
517 7929096037324148050
518 8066860254188853325
519 8206748004261492400
520 8348787873566018230
521 8493008777332033900
522 8639439963148103450
523 8788111014139179800
524 8939051852168287850
525 9092292741062601356
526 9247864289864052710
527 9405797456104615280
528 9566123549106398495
529 9728874233306696390
530 9894081531608130857
531 10061777828754031380
532 10231995874729193565
533 10404768788186159310
534 10580130059897161995
535 10758113556231880608
536 10938753522661147260
537 11122084587286753080
538 11308141764397498020
539 11496960458051630640
540 11688576465685824484
541 11883025981750838200
542 12080345601374007100
543 12280572324048714400
544 12483743557350990925
545 12689897120683392610
546 12899071249046305675
547 13111304596836829900
548 13326636241675390975
549 13545105688260233450
550 13766752872249946361
551 13991618164174174160
552 14219742373372666130
553 14451166751962818020
554 14685932998835860190
555 14924083263681847112
556 15165660151043603630
557 15410706724399783940
558 15659266510277199810
559 15911383502392575120
560 16167102165823884363
561 16426467441211433310
562 16689524748988840605
563 16956319993644079620
564 17226899568010740465
565 17501310357589672614
566 17779599744901169175
567 18061815613867854400
568 18348006354228436600
569 18638220865982489200
570 18932508563866423240
571 19230919381860815200
572 19533503777729254600
573 19840312737588876400
574 20151397780512743800
575 20466810963164247616
576 20786604884463688985
577 21110832690287212730
578 21439548078198259295
579 21772805302211703740
580 22110659177590850867
581 22453165085677456130
582 22800378978754942565
583 23152357384944984560
584 23509157413137629870
585 23870836757955131868
586 24237453704749664610
587 24609067134635093880
588 24985736529552977970
589 25367521977372972540
590 25754484177027814494
591 26146684443683060400
592 26544184713941755575
593 26947047551084210550
594 27355336150343062225
595 27769114344213797620
596 28188446607800918725
597 28613398064199927550
598 29044034489915311075
599 29480422320314706400
600 29922628655119426996
601 30370721263931531560
602 30824768591797617580
603 31284839764809522320
604 31751004595742114540
605 32223333589728360872
606 32701897949971851380
607 33186769583496969440
608 33678021106936891685
609 34175725852359604370
610 34679957873132123123
611 35190791949823103660
612 35708303596144031655
613 36232569064929180570
614 36763665354154526865
615 37301670212995812624
616 37846662147925946250
617 38398720428851932500
618 38957925095291523750
619 39524356962589785000
620 40098097628175765750
621 40679229477859472500
622 41267835692169336250
623 41864000252730370000
624 42467807948683211875
625 43079344383144250126
626 43698695979707026885
627 44325949988985118180
628 44961194495196688345
629 45604518422790917590
630 46256011543116502127
631 46915764481132426880
632 47583868722161211440
633 48260416618684830560
634 48945501397183511120
635 49639217165017608128
636 50341658917352762960
637 51052922544128547680
638 51773104837070799920
639 52502303496747853440
640 53240617139670870129
641 53988145305438479850
642 54744988463925935175
643 55511248022518988700
644 56287026333392701275
645 57072426700835390130
646 57867553388617926525
647 58672511627408593200
648 59487407622233712550
649 60312348559984257100
650 61147442616968654506
651 61992798966511999960
652 62848527786601889530
653 63714740267581088620
654 64591548619887250390
655 65479066081839899632
656 66377406927474898255
657 67286686474426609190
658 68207021091857976185
659 69138528208438737620
660 70081326320371993133
661 71035534999469342510
662 72001274901274816955
663 72978667773237823520
664 73967836462935324140
665 74968904926343471384
666 75981998236158923700
667 77007242590170063600
668 78044765319678342900
669 79094694897969979800
670 80157160948838233260
671 81232294255156480800
672 82320226767502326525
673 83421091612832966850
674 84535023103212042075
675 85662156744588202636
676 86802629245625619535
677 87956578526586669130
678 89124143728267023145
679 90305465220983375440
680 91500684613614037762
681 92709944762692637380
682 93933389781555150190
683 95171165049540503560
684 96423417221244983870
685 97690294235830684388
686 98971945326388229810
687 100268521029354014480
688 101580173193982191995
689 102907054991871654590
690 104249320926548241389
691 105607126843102415300
692 106980629937882649025
693 108369988768244761350
694 109775363262357445575
695 111196914729064232640
696 112634805867802132200
697 114089200778577195600
698 115560264971997245400
699 117048165379362016800
700 118553070362810957016
701 120075149725528929360
702 121614574722010069480
703 123171518068380041920
704 124746153952776945865
705 126338658045791119642
706 127949207510964094255
707 129577981015346946940
708 131225158740118306435
709 132890922391262262370
710 134575455210306431893
711 136278941985120437360
712 138001569060775049630
713 139743524350462252220
714 141504997346476482290
715 143286179131257305144
716 145087262388493779650
717 146908441414290772700
718 148749912128397481550
719 150611872085498423600
720 152494520486567153895
721 154398058190282971350
722 156322687724510875425
723 158268613297845035700
724 160236040811216037525
725 162225177869562167646
726 164236233793565004435
727 166269419631449578080
728 168324948170849366820
729 170403033950736396040
730 172503893273416707772
731 174627744216591468880
732 176774806645483986940
733 178945302225032903560
734 181139454432151835620
735 183357488568055735648
736 185599631770654243285
737 187866113027012300530
738 190157163185878304195
739 192473014970280069740
740 194813902990188881399
741 197180063755251904250
742 199571735687593234625
743 201989159134683866000
744 204432576382280848250
745 206902231667435918900
746 209398371191573885750
747 211921243133641041000
748 214471097663323887750
749 217048186954338460500
750 219652765197790522026
751 222285088615606919760
752 224945415474038385555
753 227634006097234063470
754 230351122880888050965
755 233097030305958239652
756 235871994952457742505
757 238676285513319195190
758 241510172808332219935
759 244373929798154341120
760 247267831598395642528
761 250192155493777456960
762 253147180952365379680
763 256133189639876897920
764 259150465434063929440
765 262199294439170563904
766 265279965000466301600
767 268392767718855084800
768 271537995465560417825
769 274715943396886872650
770 277926908969058277655
771 281171191953132887900
772 284449094449995836075
773 287760920905429164050
774 291106978125259735725
775 294487575290585332656
776 297903023973079234710
777 301353638150373588780
778 304839734221521869370
779 308361631022540735640
780 311919649842031590282
781 315514114436882146380
782 319145351048048309190
783 322813688416416680560
784 326519457798747994495
785 330262992983701793158
786 334044630307942653385
787 337864708672328274580
788 341723569558179739645
789 345621557043634261390
790 349559017820080727659
791 353536301208678359200
792 357553759176958795100
793 361611746355511921400
794 365710620054755759300
795 369850740281790730160
796 374032469757338615300
797 378256173932766529400
798 382522221007196227100
799 386830981944699063200
800 391182830491576927661
801 395578143193729477410
802 400017299414107987755
803 404500681350256147020
804 409028674051938118815
805 413601665438854197162
806 418220046318444380505
807 422884210403780191440
808 427594554331545069810
809 432351477680103667620
810 437155382987660375038
811 442006675770507407560
812 446905764541362785230
813 451853060827798535620
814 456848979190759453090
815 461893937243172747664
816 466988355668648917675
817 472132658240274181150
818 477327271839494801725
819 482572626475093645700
820 487869155302259307665
821 493217294641748142950
822 498617483999139545975
823 504070166084184814400
824 509575786830249939800
825 515134795413852666416
826 520747644274294160360
827 526414789133385632480
828 532136689015270258920
829 537913806266340744240
830 543746606575252872792
831 549635558993035394880
832 555581135953296595065
833 561583813292527890810
834 567644070270504810495
835 573762389590785700668
836 579939257421308513235
837 586175163415086024130
838 592470600730999835845
839 598826066054693517040
840 605242059619565233294
841 611719085227860223900
842 618257650271863480450
843 624858265755192983800
844 631521446314193856850
845 638247710239433791420
846 645037579497300108350
847 651891579751698810800
848 658810240385855991575
849 665794094524221956150
850 672843679054478423921
851 679959534649649171060
852 687142205790314479205
853 694392240786929755070
854 701710191802248686915
855 709096614873851304672
856 716552069936777311380
857 724077120846265054440
858 731672335400596506060
859 739338285364048623120
860 747075546489951457548
861 754884698543853389160
862 762766325326793853780
863 770721014698683940320
864 778749358601795231365
865 786851953084357262674
866 795029398324263977875
867 803282298652889555500
868 811611262579013986375
869 820016902812858780250
870 828499836290233181425
871 837060684196791274000
872 845700071992400358250
873 854418629435620980500
874 863216990608298999750
875 872095793940270075176
876 881055682234176959510
877 890097302690399984180
878 899221306932101122970
879 908428351030382021840
880 917719095529556383427
881 927094205472537095630
882 936554350426338494565
883 946100204507694153060
884 955732446408790586745
885 965451759423117270678
886 975258831471433360335
887 985154355127851511680
888 995139027646039195920
889 1005213550985537905440
890 1015378631838200648304
891 1025634981654748129600
892 1035983316671444018800
893 1046424357936889703200
894 1056958831338938928400
895 1067587467631732727680
896 1078311002462855043025
897 1089130176400609441450
898 1100045734961417331175
899 1111058428637338083100
900 1122169012923711463931
901 1133378248346922788210
902 1144686900492291197405
903 1156095740032081475120
904 1167605542753639808390
905 1179217089587653905932
906 1190931166636537885130
907 1202748565202942340440
908 1214670081818390006810
909 1226696518272037432620
910 1238828681639563077558
911 1251067384312182251760
912 1263413444025789313455
913 1275867683890227543270
914 1288430932418687114265
915 1301104023557231577684
916 1313887796714453285325
917 1326783096791258170350
918 1339790774210780309275
919 1352911684948426688800
920 1366146690562052602060
921 1379496658222268099800
922 1392962460742875922900
923 1406544976611441343600
924 1420245090019994343700
925 1434063690895864558936
926 1448001674932649419660
927 1462059943621315918880
928 1476239404281436439645
929 1490540970092559074690
930 1504965560125712872187
931 1519514099375048442380
932 1534187518789614360815
933 1548986755305269804810
934 1563912751876733860745
935 1578966457509771940688
936 1594148827293519747810
937 1609460822432945230980
938 1624903410281448969870
939 1640477564373603432840
940 1656184264458031550814
941 1672024496530425051300
942 1687999252866702997650
943 1704109532056310979600
944 1720356339035661402075
945 1736740685121715320190
946 1753263588045706269325
947 1769926071987006540100
948 1786729167607136349025
949 1803673912083916356550
950 1820761349145763985191
951 1837992529106133991360
952 1855368508898103745480
953 1872890352109103675920
954 1890559129015793333240
955 1908375916619083532192
956 1926341798679305029880
957 1944457865751524199440
958 1962725215221006159560
959 1981144951338825821120
960 1999718185257627313193
961 2018446035067532251610
962 2037329625832197314255
963 2056370089625021588220
964 2075568565565504154915
965 2094926199855752380194
966 2114444145817141377525
967 2134123563927125113200
968 2153965621856199623550
969 2173971494505018815100
970 2194142364041663319570
971 2214479419939062876600
972 2234983859012572718050
973 2255656885457704428700
974 2276499710888011759150
975 2297513554373131867696
976 2318699642476982468935
977 2340059209296115367830
978 2361593496498226858945
979 2383303753360825471540
980 2405191236810057542197
981 2427257211459691097630
982 2449502949650258531315
983 2471929731488358558560
984 2494538844886117935620
985 2517331585600813429448
986 2540309257274654525660
987 2563473171474727363280
988 2586824647733100385820
989 2610365013587092199240
990 2634095604619702128324
991 2658017764500203964000
992 2682132845024903395125
993 2706442206158059619250
994 2730947216072971627875
995 2755649251193229662700
996 2780549696234132340375
997 2805649944244269944250
998 2830951396647274382625
999 2856455463283736314000
1000 2882163562453289940826
