0 1
1 2
2 4
3 7
4 11
5 16
6 23
7 31
8 41
9 53
10 67
11 83
12 102
13 123
14 147
15 174
16 204
17 237
18 274
19 314
20 358
21 406
22 458
23 514
24 575
25 640
26 710
27 785
28 865
29 950
30 1041
31 1137
32 1239
33 1347
34 1461
35 1581
36 1708
37 1841
38 1981
39 2128
40 2282
41 2443
42 2612
43 2788
44 2972
45 3164
46 3364
47 3572
48 3789
49 4014
50 4248
51 4491
52 4743
53 5004
54 5275
55 5555
56 5845
57 6145
58 6455
59 6775
60 7106
61 7447
62 7799
63 8162
64 8536
65 8921
66 9318
67 9726
68 10146
69 10578
70 11022
71 11478
72 11947
73 12428
74 12922
75 13429
76 13949
77 14482
78 15029
79 15589
80 16163
81 16751
82 17353
83 17969
84 18600
85 19245
86 19905
87 20580
88 21270
89 21975
90 22696
91 23432
92 24184
93 24952
94 25736
95 26536
96 27353
97 28186
98 29036
99 29903
100 30787
101 31688
102 32607
103 33543
104 34497
105 35469
106 36459
107 37467
108 38494
109 39539
110 40603
111 41686
112 42788
113 43909
114 45050
115 46210
116 47390
117 48590
118 49810
119 51050
120 52311
121 53592
122 54894
123 56217
124 57561
125 58926
126 60313
127 61721
128 63151
129 64603
130 66077
131 67573
132 69092
133 70633
134 72197
135 73784
136 75394
137 77027
138 78684
139 80364
140 82068
141 83796
142 85548
143 87324
144 89125
145 90950
146 92800
147 94675
148 96575
149 98500
150 100451
151 102427
152 104429
153 106457
154 108511
155 110591
156 112698
157 114831
158 116991
159 119178
160 121392
161 123633
162 125902
163 128198
164 130522
165 132874
166 135254
167 137662
168 140099
169 142564
170 145058
171 147581
172 150133
173 152714
174 155325
175 157965
176 160635
177 163335
178 166065
179 168825
180 171616
181 174437
182 177289
183 180172
184 183086
185 186031
186 189008
187 192016
188 195056
189 198128
190 201232
191 204368
192 207537
193 210738
194 213972
195 217239
196 220539
197 223872
198 227239
199 230639
200 234073
201 237541
202 241043
203 244579
204 248150
205 251755
206 255395
207 259070
208 262780
209 266525
210 270306
211 274122
212 277974
213 281862
214 285786
215 289746
216 293743
217 297776
218 301846
219 305953
220 310097
221 314278
222 318497
223 322753
224 327047
225 331379
226 335749
227 340157
228 344604
229 349089
230 353613
231 358176
232 362778
233 367419
234 372100
235 376820
236 381580
237 386380
238 391220
239 396100
240 401021
241 405982
242 410984
243 416027
244 421111
245 426236
246 431403
247 436611
248 441861
249 447153
250 452487
251 457863
252 463282
253 468743
254 474247
255 479794
256 485384
257 491017
258 496694
259 502414
260 508178
261 513986
262 519838
263 525734
264 531675
265 537660
266 543690
267 549765
268 555885
269 562050
270 568261
271 574517
272 580819
273 587167
274 593561
275 600001
276 606488
277 613021
278 619601
279 626228
280 632902
281 639623
282 646392
283 653208
284 660072
285 666984
286 673944
287 680952
288 688009
289 695114
290 702268
291 709471
292 716723
293 724024
294 731375
295 738775
296 746225
297 753725
298 761275
299 768875
300 776526
301 784227
302 791979
303 799782
304 807636
305 815541
306 823498
307 831506
308 839566
309 847678
310 855842
311 864058
312 872327
313 880648
314 889022
315 897449
316 905929
317 914462
318 923049
319 931689
320 940383
321 949131
322 957933
323 966789
324 975700
325 984665
326 993685
327 1002760
328 1011890
329 1021075
330 1030316
331 1039612
332 1048964
333 1058372
334 1067836
335 1077356
336 1086933
337 1096566
338 1106256
339 1116003
340 1125807
341 1135668
342 1145587
343 1155563
344 1165597
345 1175689
346 1185839
347 1196047
348 1206314
349 1216639
350 1227023
351 1237466
352 1247968
353 1258529
354 1269150
355 1279830
356 1290570
357 1301370
358 1312230
359 1323150
360 1334131
361 1345172
362 1356274
363 1367437
364 1378661
365 1389946
366 1401293
367 1412701
368 1424171
369 1435703
370 1447297
371 1458953
372 1470672
373 1482453
374 1494297
375 1506204
376 1518174
377 1530207
378 1542304
379 1554464
380 1566688
381 1578976
382 1591328
383 1603744
384 1616225
385 1628770
386 1641380
387 1654055
388 1666795
389 1679600
390 1692471
391 1705407
392 1718409
393 1731477
394 1744611
395 1757811
396 1771078
397 1784411
398 1797811
399 1811278
400 1824812
401 1838413
402 1852082
403 1865818
404 1879622
405 1893494
406 1907434
407 1921442
408 1935519
409 1949664
410 1963878
411 1978161
412 1992513
413 2006934
414 2021425
415 2035985
416 2050615
417 2065315
418 2080085
419 2094925
420 2109836
421 2124817
422 2139869
423 2154992
424 2170186
425 2185451
426 2200788
427 2216196
428 2231676
429 2247228
430 2262852
431 2278548
432 2294317
433 2310158
434 2326072
435 2342059
436 2358119
437 2374252
438 2390459
439 2406739
440 2423093
441 2439521
442 2456023
443 2472599
444 2489250
445 2505975
446 2522775
447 2539650
448 2556600
449 2573625
450 2590726
451 2607902
452 2625154
453 2642482
454 2659886
455 2677366
456 2694923
457 2712556
458 2730266
459 2748053
460 2765917
461 2783858
462 2801877
463 2819973
464 2838147
465 2856399
466 2874729
467 2893137
468 2911624
469 2930189
470 2948833
471 2967556
472 2986358
473 3005239
474 3024200
475 3043240
476 3062360
477 3081560
478 3100840
479 3120200
480 3139641
481 3159162
482 3178764
483 3198447
484 3218211
485 3238056
486 3257983
487 3277991
488 3298081
489 3318253
490 3338507
491 3358843
492 3379262
493 3399763
494 3420347
495 3441014
496 3461764
497 3482597
498 3503514
499 3524514
500 3545598
501 3566766
502 3588018
503 3609354
504 3630775
505 3652280
506 3673870
507 3695545
508 3717305
509 3739150
510 3761081
511 3783097
512 3805199
513 3827387
514 3849661
515 3872021
516 3894468
517 3917001
518 3939621
519 3962328
520 3985122
521 4008003
522 4030972
523 4054028
524 4077172
525 4100404
526 4123724
527 4147132
528 4170629
529 4194214
530 4217888
531 4241651
532 4265503
533 4289444
534 4313475
535 4337595
536 4361805
537 4386105
538 4410495
539 4434975
540 4459546
541 4484207
542 4508959
543 4533802
544 4558736
545 4583761
546 4608878
547 4634086
548 4659386
549 4684778
550 4710262
551 4735838
552 4761507
553 4787268
554 4813122
555 4839069
556 4865109
557 4891242
558 4917469
559 4943789
560 4970203
561 4996711
562 5023313
563 5050009
564 5076800
565 5103685
566 5130665
567 5157740
568 5184910
569 5212175
570 5239536
571 5266992
572 5294544
573 5322192
574 5349936
575 5377776
576 5405713
577 5433746
578 5461876
579 5490103
580 5518427
581 5546848
582 5575367
583 5603983
584 5632697
585 5661509
586 5690419
587 5719427
588 5748534
589 5777739
590 5807043
591 5836446
592 5865948
593 5895549
594 5925250
595 5955050
596 5984950
597 6014950
598 6045050
599 6075250
600 6105551
601 6135952
602 6166454
603 6197057
604 6227761
605 6258566
606 6289473
607 6320481
608 6351591
609 6382803
610 6414117
611 6445533
612 6477052
613 6508673
614 6540397
615 6572224
616 6604154
617 6636187
618 6668324
619 6700564
620 6732908
621 6765356
622 6797908
623 6830564
624 6863325
625 6896190
626 6929160
627 6962235
628 6995415
629 7028700
630 7062091
631 7095587
632 7129189
633 7162897
634 7196711
635 7230631
636 7264658
637 7298791
638 7333031
639 7367378
640 7401832
641 7436393
642 7471062
643 7505838
644 7540722
645 7575714
646 7610814
647 7646022
648 7681339
649 7716764
650 7752298
651 7787941
652 7823693
653 7859554
654 7895525
655 7931605
656 7967795
657 8004095
658 8040505
659 8077025
660 8113656
661 8150397
662 8187249
663 8224212
664 8261286
665 8298471
666 8335768
667 8373176
668 8410696
669 8448328
670 8486072
671 8523928
672 8561897
673 8599978
674 8638172
675 8676479
676 8714899
677 8753432
678 8792079
679 8830839
680 8869713
681 8908701
682 8947803
683 8987019
684 9026350
685 9065795
686 9105355
687 9145030
688 9184820
689 9224725
690 9264746
691 9304882
692 9345134
693 9385502
694 9425986
695 9466586
696 9507303
697 9548136
698 9589086
699 9630153
700 9671337
701 9712638
702 9754057
703 9795593
704 9837247
705 9879019
706 9920909
707 9962917
708 10005044
709 10047289
710 10089653
711 10132136
712 10174738
713 10217459
714 10260300
715 10303260
716 10346340
717 10389540
718 10432860
719 10476300
720 10519861
721 10563542
722 10607344
723 10651267
724 10695311
725 10739476
726 10783763
727 10828171
728 10872701
729 10917353
730 10962127
731 11007023
732 11052042
733 11097183
734 11142447
735 11187834
736 11233344
737 11278977
738 11324734
739 11370614
740 11416618
741 11462746
742 11508998
743 11555374
744 11601875
745 11648500
746 11695250
747 11742125
748 11789125
749 11836250
750 11883501
751 11930877
752 11978379
753 12026007
754 12073761
755 12121641
756 12169648
757 12217781
758 12266041
759 12314428
760 12362942
761 12411583
762 12460352
763 12509248
764 12558272
765 12607424
766 12656704
767 12706112
768 12755649
769 12805314
770 12855108
771 12905031
772 12955083
773 13005264
774 13055575
775 13106015
776 13156585
777 13207285
778 13258115
779 13309075
780 13360166
781 13411387
782 13462739
783 13514222
784 13565836
785 13617581
786 13669458
787 13721466
788 13773606
789 13825878
790 13878282
791 13930818
792 13983487
793 14036288
794 14089222
795 14142289
796 14195489
797 14248822
798 14302289
799 14355889
800 14409623
801 14463491
802 14517493
803 14571629
804 14625900
805 14680305
806 14734845
807 14789520
808 14844330
809 14899275
810 14954356
811 15009572
812 15064924
813 15120412
814 15176036
815 15231796
816 15287693
817 15343726
818 15399896
819 15456203
820 15512647
821 15569228
822 15625947
823 15682803
824 15739797
825 15796929
826 15854199
827 15911607
828 15969154
829 16026839
830 16084663
831 16142626
832 16200728
833 16258969
834 16317350
835 16375870
836 16434530
837 16493330
838 16552270
839 16611350
840 16670571
841 16729932
842 16789434
843 16849077
844 16908861
845 16968786
846 17028853
847 17089061
848 17149411
849 17209903
850 17270537
851 17331313
852 17392232
853 17453293
854 17514497
855 17575844
856 17637334
857 17698967
858 17760744
859 17822664
860 17884728
861 17946936
862 18009288
863 18071784
864 18134425
865 18197210
866 18260140
867 18323215
868 18386435
869 18449800
870 18513311
871 18576967
872 18640769
873 18704717
874 18768811
875 18833051
876 18897438
877 18961971
878 19026651
879 19091478
880 19156452
881 19221573
882 19286842
883 19352258
884 19417822
885 19483534
886 19549394
887 19615402
888 19681559
889 19747864
890 19814318
891 19880921
892 19947673
893 20014574
894 20081625
895 20148825
896 20216175
897 20283675
898 20351325
899 20419125
900 20487076
901 20555177
902 20623429
903 20691832
904 20760386
905 20829091
906 20897948
907 20966956
908 21036116
909 21105428
910 21174892
911 21244508
912 21314277
913 21384198
914 21454272
915 21524499
916 21594879
917 21665412
918 21736099
919 21806939
920 21877933
921 21949081
922 22020383
923 22091839
924 22163450
925 22235215
926 22307135
927 22379210
928 22451440
929 22523825
930 22596366
931 22669062
932 22741914
933 22814922
934 22888086
935 22961406
936 23034883
937 23108516
938 23182306
939 23256253
940 23330357
941 23404618
942 23479037
943 23553613
944 23628347
945 23703239
946 23778289
947 23853497
948 23928864
949 24004389
950 24080073
951 24155916
952 24231918
953 24308079
954 24384400
955 24460880
956 24537520
957 24614320
958 24691280
959 24768400
960 24845681
961 24923122
962 25000724
963 25078487
964 25156411
965 25234496
966 25312743
967 25391151
968 25469721
969 25548453
970 25627347
971 25706403
972 25785622
973 25865003
974 25944547
975 26024254
976 26104124
977 26184157
978 26264354
979 26344714
980 26425238
981 26505926
982 26586778
983 26667794
984 26748975
985 26830320
986 26911830
987 26993505
988 27075345
989 27157350
990 27239521
991 27321857
992 27404359
993 27487027
994 27569861
995 27652861
996 27736028
997 27819361
998 27902861
999 27986528
1000 28070362
