0 1
1 7
2 28
3 84
4 210
5 462
6 924
7 1716
8 3003
9 5005
10 8008
11 12376
12 18564
13 27132
14 38760
15 54264
16 74613
17 100947
18 134596
19 177100
20 230230
21 296010
22 376740
23 475020
24 593775
25 736281
26 906192
27 1107568
28 1344904
29 1623160
30 1947792
31 2324784
32 2760681
33 3262623
34 3838380
35 4496388
36 5245786
37 6096454
38 7059052
39 8145060
40 9366819
41 10737573
42 12271512
43 13983816
44 15890700
45 18009460
46 20358520
47 22957480
48 25827165
49 28989675
50 32468436
51 36288252
52 40475358
53 45057474
54 50063860
55 55525372
56 61474519
57 67945521
58 74974368
59 82598880
60 90858768
61 99795696
62 109453344
63 119877472
64 131115985
65 143218999
66 156238908
67 170230452
68 185250786
69 201359550
70 218618940
71 237093780
72 256851595
73 277962685
74 300500200
75 324540216
76 350161812
77 377447148
78 406481544
79 437353560
80 470155077
81 504981379
82 541931236
83 581106988
84 622614630
85 666563898
86 713068356
87 762245484
88 814216767
89 869107785
90 927048304
91 988172368
92 1052618392
93 1120529256
94 1192052400
95 1267339920
96 1346548665
97 1429840335
98 1517381580
99 1609344100
100 1705904746
101 1807245622
102 1913554188
103 2025023364
104 2141851635
105 2264243157
106 2392407864
107 2526561576
108 2666926108
109 2813729380
110 2967205528
111 3127595016
112 3295144749
113 3470108187
114 3652745460
115 3843323484
116 4042116078
117 4249404082
118 4465475476
119 4690625500
120 4925156775
121 5169379425
122 5423611200
123 5688177600
124 5963412000
125 6249655776
126 6547258432
127 6856577728
128 7177979809
129 7511839335
130 7858539612
131 8218472724
132 8592039666
133 8979650478
134 9381724380
135 9798689908
136 10230985051
137 10679057389
138 11143364232
139 11624372760
140 12122560164
141 12638413788
142 13172431272
143 13725120696
144 14297000725
145 14888600755
146 15500461060
147 16133132940
148 16787178870
149 17463172650
150 18161699556
151 18883356492
152 19628752143
153 20398507129
154 21193254160
155 22013638192
156 22860316584
157 23733959256
158 24635248848
159 25564880880
160 26523563913
161 27512019711
162 28530983404
163 29581203652
164 30663442810
165 31778477094
166 32927096748
167 34110106212
168 35328324291
169 36582584325
170 37873734360
171 39202637320
172 40570171180
173 41977229140
174 43424719800
175 44913567336
176 46444711677
177 48019108683
178 49637730324
179 51301564860
180 53011617022
181 54768908194
182 56574476596
183 58429377468
184 60334683255
185 62291483793
186 64300886496
187 66364016544
188 68482017072
189 70656049360
190 72887293024
191 75176946208
192 77526225777
193 79936367511
194 82408626300
195 84944276340
196 87544611330
197 90210944670
198 92944609660
199 95746959700
200 98619368491
201 101563230237
202 104579959848
203 107670993144
204 110837787060
205 114081819852
206 117404591304
207 120807622936
208 124292458213
209 127860662755
210 131513824548
211 135253554156
212 139081484934
213 142999273242
214 147008598660
215 151111164204
216 155308696543
217 159602946217
218 163995687856
219 168488720400
220 173083867320
221 177782976840
222 182587922160
223 187500601680
224 192522939225
225 197656884271
226 202904412172
227 208267524388
228 213748248714
229 219348639510
230 225070777932
231 230916772164
232 236888757651
233 242988897333
234 249219381880
235 255582429928
236 262080288316
237 268715232324
238 275489565912
239 282405621960
240 289465762509
241 296672379003
242 304027892532
243 311534754076
244 319195444750
245 327012476050
246 334988390100
247 343125759900
248 351427189575
249 359895314625
250 368532802176
251 377342351232
252 386326692928
253 395488590784
254 404830840960
255 414356272512
256 424067747649
257 433968161991
258 444060444828
259 454347559380
260 464832503058
261 475518307726
262 486408039964
263 497504801332
264 508811728635
265 520331994189
266 532068806088
267 544025408472
268 556205081796
269 568611143100
270 581246946280
271 594115882360
272 607221379765
273 620566904595
274 634155960900
275 647992090956
276 662078875542
277 676419934218
278 691018925604
279 705879547660
280 721005537967
281 736400674009
282 752068773456
283 768013694448
284 784239335880
285 800749637688
286 817548581136
287 834640189104
288 852028526377
289 869717699935
290 887711859244
291 906015196548
292 924631947162
293 943566389766
294 962822846700
295 982405684260
296 1002319312995
297 1022568188005
298 1043156809240
299 1064089721800
300 1085371516236
301 1107006828852
302 1129000342008
303 1151356784424
304 1174080931485
305 1197177605547
306 1220651676244
307 1244508060796
308 1268751724318
309 1293387680130
310 1318420990068
311 1343856764796
312 1369700164119
313 1395956397297
314 1422630723360
315 1449728451424
316 1477254941008
317 1505215602352
318 1533615896736
319 1562461336800
320 1591757486865
321 1621509963255
322 1651724434620
323 1682406622260
324 1713562300450
325 1745197296766
326 1777317492412
327 1809928822548
328 1843037276619
329 1876648898685
330 1910769787752
331 1945406098104
332 1980564039636
333 2016249878188
334 2052469935880
335 2089230591448
336 2126538280581
337 2164399496259
338 2202820789092
339 2241808767660
340 2281370098854
341 2321511508218
342 2362239780292
343 2403561758956
344 2445484347775
345 2488014510345
346 2531159270640
347 2574925713360
348 2619320984280
349 2664352290600
350 2710026901296
351 2756352147472
352 2803335422713
353 2850984183439
354 2899305949260
355 2948308303332
356 2997998892714
357 3048385428726
358 3099475687308
359 3151277509380
360 3203798801203
361 3257047534741
362 3311031748024
363 3365759545512
364 3421239098460
365 3477478645284
366 3534486491928
367 3592271012232
368 3650840648301
369 3710203910875
370 3770369379700
371 3831345703900
372 3893141602350
373 3955765864050
374 4019227348500
375 4083534986076
376 4148697778407
377 4214724798753
378 4281625192384
379 4349408176960
380 4418083042912
381 4487659153824
382 4558145946816
383 4629552932928
384 4701889697505
385 4775165900583
386 4849391277276
387 4924575638164
388 5000728869682
389 5077860934510
390 5155981871964
391 5235101798388
392 5315230907547
393 5396379471021
394 5478557838600
395 5561776438680
396 5646045778660
397 5731376445340
398 5817779105320
399 5905264505400
400 5993843472981
401 6083526916467
402 6174325825668
403 6266251272204
404 6359314409910
405 6453526475242
406 6548898787684
407 6645442750156
408 6743169849423
409 6842091656505
410 6942219827088
411 7043566101936
412 7146142307304
413 7249960355352
414 7355032244560
415 7461370060144
416 7568985974473
417 7677892247487
418 7788101227116
419 7899625349700
420 8012477140410
421 8126669213670
422 8242214273580
423 8359125114340
424 8477414620675
425 8597095768261
426 8718181624152
427 8840685347208
428 8964620188524
429 9089999491860
430 9216836694072
431 9345145325544
432 9474939010621
433 9606231468043
434 9739036511380
435 9873368049468
436 10009240086846
437 10146666724194
438 10285662158772
439 10426240684860
440 10568416694199
441 10712204676433
442 10857619219552
443 11004675010336
444 11153386834800
445 11303769578640
446 11455838227680
447 11609607868320
448 11765093687985
449 11922310975575
450 12081275121916
451 12242001620212
452 12404506066498
453 12568804160094
454 12734911704060
455 12902844605652
456 13072618876779
457 13244250634461
458 13417756101288
459 13593151605880
460 13770453583348
461 13949678575756
462 14130843232584
463 14313964311192
464 14499058677285
465 14686143305379
466 14875235279268
467 15066351792492
468 15259510148806
469 15454727762650
470 15652022159620
471 15851410976940
472 16052911963935
473 16256542982505
474 16462322007600
475 16670267127696
476 16880396545272
477 17092728577288
478 17307281655664
479 17524074327760
480 17743125256857
481 17964453222639
482 18188077121676
483 18414015967908
484 18642288893130
485 18872915147478
486 19105914099916
487 19341305238724
488 19579108171987
489 19819342628085
490 20062028456184
491 20307185626728
492 20554834231932
493 20804994486276
494 21057686727000
495 21312931414600
496 21570749133325
497 21831160591675
498 22094186622900
499 22359848185500
500 22628166363726
501 22899162368082
502 23172857535828
503 23449273331484
504 23728431347335
505 24010353303937
506 24295061050624
507 24582576566016
508 24872921958528
509 25166119466880
510 25462191460608
511 25761160440576
512 26063049039489
513 26367880022407
514 26675676287260
515 26986460865364
516 27300256921938
517 27617087756622
518 27936976803996
519 28259947634100
520 28586023952955
521 28915229603085
522 29247588564040
523 29583124952920
524 29921863024900
525 30263827173756
526 30609041932392
527 30957531973368
528 31309322109429
529 31664437294035
530 32022902621892
531 32384743329484
532 32749984795606
533 33118652541898
534 33490772233380
535 33866369678988
536 34245470832111
537 34628101791129
538 35014288799952
539 35404058248560
540 35797436673544
541 36194450758648
542 36595127335312
543 36999493383216
544 37407576030825
545 37819402555935
546 38235000386220
547 38654397099780
548 39077620425690
549 39504698244550
550 39935658589036
551 40370529644452
552 40809339749283
553 41252117395749
554 41698891230360
555 42149690054472
556 42604542824844
557 43063478654196
558 43526526811768
559 43993716723880
560 44465077974493
561 44940640305771
562 45420433618644
563 45904487973372
564 46392833590110
565 46885500849474
566 47382520293108
567 47883922624252
568 48389738708311
569 48899999573425
570 49414736411040
571 49933980576480
572 50457763589520
573 50986117134960
574 51519073063200
575 52056663390816
576 52598920301137
577 53145876144823
578 53697563440444
579 54254014875060
580 54815263304802
581 55381341755454
582 55952283423036
583 56528121674388
584 57108890047755
585 57694622253373
586 58285352174056
587 58881113865784
588 59481941558292
589 60087869655660
590 60698932736904
591 61315165556568
592 61936603045317
593 62563280310531
594 63195232636900
595 63832495487020
596 64475104501990
597 65123095502010
598 65776504486980
599 66435367637100
600 67099721313471
601 67769602058697
602 68445046597488
603 69126091837264
604 69812774868760
605 70505132966632
606 71203203590064
607 71907024383376
608 72616633176633
609 73332067986255
610 74053367015628
611 74780568655716
612 75513711485674
613 76252834273462
614 76997975976460
615 77749175742084
616 78506472908403
617 79269907004757
618 80039517752376
619 80815345065000
620 81597429049500
621 82385810006500
622 83180528431000
623 83981625013000
624 84789140638125
625 85603116388251
626 86423593542132
627 87250613576028
628 88084218164334
629 88924449180210
630 89771348696212
631 90624958984924
632 91485322519591
633 92352481974753
634 93226480226880
635 94107360355008
636 94995165641376
637 95889939572064
638 96791725837632
639 97700568333760
640 98616511161889
641 99539598629863
642 100469875252572
643 101407385752596
644 102352175060850
645 103304288317230
646 104263770871260
647 105230668282740
648 106205026322395
649 107186890972525
650 108176308427656
651 109173325095192
652 110177987596068
653 111190342765404
654 112210437653160
655 113238319524792
656 114274035861909
657 115317634362931
658 116369162943748
659 117428669738380
660 118496203099638
661 119571811599786
662 120655544031204
663 121747449407052
664 122847576961935
665 123955976152569
666 125072696658448
667 126197788382512
668 127331301451816
669 128473286218200
670 129623793258960
671 130782873377520
672 131950577604105
673 133126957196415
674 134312063640300
675 135505948650436
676 136708664171002
677 137920262376358
678 139140795671724
679 140370316693860
680 141608878311747
681 142856533627269
682 144113335975896
683 145379338927368
684 146654596286380
685 147939162093268
686 149233090624696
687 150536436394344
688 151849254153597
689 153171598892235
690 154503525839124
691 155845090462908
692 157196348472702
693 158557355818786
694 159928168693300
695 161308843530940
696 162699437009655
697 164100006051345
698 165510607822560
699 166931299735200
700 168362139447216
701 169803184863312
702 171254494135648
703 172716125664544
704 174188138099185
705 175670590338327
706 177163541531004
707 178667051077236
708 180181178628738
709 181705984089630
710 183241527617148
711 184787869622356
712 186345070770859
713 187913191983517
714 189492294437160
715 191082439565304
716 192683689058868
717 194296104866892
718 195919749197256
719 197554684517400
720 199200973555045
721 200858679298915
722 202527864999460
723 204208594169580
724 205900930585350
725 207604938286746
726 209320681578372
727 211048225030188
728 212787633478239
729 214538972025385
730 216302306042032
731 218077701166864
732 219865223307576
733 221664938641608
734 223476913616880
735 225301214952528
736 227137909639641
737 228987064941999
738 230848748396812
739 232723027815460
740 234609971284234
741 236509647165078
742 238422124096332
743 240347470993476
744 242285757049875
745 244237051737525
746 246201424807800
747 248178946292200
748 250169686503100
749 252173716034500
750 254191105762776
751 256221926847432
752 258266250731853
753 260324149144059
754 262395694097460
755 264480957891612
756 266580013112974
757 268692932635666
758 270819789622228
759 272960657524380
760 275115610083783
761 277284721332801
762 279468065595264
763 281665717487232
764 283877751917760
765 286104244089664
766 288345269500288
767 290600903942272
768 292871223504321
769 295156304571975
770 297456223828380
771 299771058255060
772 302100885132690
773 304445782041870
774 306805826863900
775 309181097781556
776 311571673279867
777 313977632146893
778 316399053474504
779 318836016659160
780 321288601402692
781 323756887713084
782 326240955905256
783 328740886601848
784 331256760734005
785 333788659542163
786 336336664576836
787 338900857699404
788 341481321082902
789 344078137212810
790 346691388887844
791 349321159220748
792 351967531639087
793 354630589886041
794 357310418021200
795 360007100421360
796 362720721781320
797 365451367114680
798 368199121754640
799 370964071354800
800 373746301889961
801 376545899656927
802 379362951275308
803 382197543688324
804 385049764163610
805 387919700294022
806 390807439998444
807 393713071522596
808 396636683439843
809 399578364652005
810 402538204390168
811 405516292215496
812 408512718020044
813 411527572027572
814 414560944794360
815 417612927210024
816 420683610498333
817 423773086218027
818 426881446263636
819 430008782866300
820 433155188594590
821 436320756355330
822 439505579394420
823 442709751297660
824 445933365991575
825 449176517744241
826 452439301166112
827 455721811210848
828 459024143176144
829 462346392704560
830 465688655784352
831 469051028750304
832 472433608284561
833 475836491417463
834 479259775528380
835 482703558346548
836 486167937951906
837 489653012775934
838 493158881602492
839 496685643568660
840 500233398165579
841 503802245239293
842 507392284991592
843 511003617980856
844 514636345122900
845 518290567691820
846 521966387320840
847 525663906003160
848 529383226092805
849 533124450305475
850 536887681719396
851 540673023776172
852 544480580281638
853 548310455406714
854 552162753688260
855 556037580029932
856 559935039703039
857 563855238347401
858 567798281972208
859 571764276956880
860 575753330051928
861 579765548379816
862 583801039435824
863 587859911088912
864 591942271582585
865 596048229535759
866 600177893943628
867 604331374178532
868 608508779990826
869 612710221509750
870 616935809244300
871 621185654084100
872 625459867300275
873 629758560546325
874 634081845859000
875 638429835659176
876 642802642752732
877 647200380331428
878 651623161973784
879 656071101645960
880 660544313702637
881 665042912887899
882 669567014336116
883 674116733572828
884 678692186515630
885 683293489475058
886 687920759155476
887 692574112655964
888 697253667471207
889 701959541492385
890 706691853008064
891 711450720705088
892 716236263669472
893 721048601387296
894 725887853745600
895 730754141033280
896 735647583941985
897 740568303567015
898 745516421408220
899 750492059370900
900 755495339766706
901 760526385314542
902 765585319141468
903 770672264783604
904 775787346187035
905 780930687708717
906 786102414117384
907 791302650594456
908 796531522734948
909 801789156548380
910 807075678459688
911 812391215310136
912 817735894358229
913 823109843280627
914 828513190173060
915 833946063551244
916 839408592351798
917 844900905933162
918 850423134076516
919 855975406986700
920 861557855293135
921 867170610050745
922 872813802740880
923 878487565272240
924 884192029981800
925 889927329635736
926 895693597430352
927 901490966993008
928 907319572383049
929 913179548092735
930 919071029048172
931 924994150610244
932 930949048575546
933 936935859177318
934 942954719086380
935 949005765412068
936 955089135703171
937 961204967948869
938 967353400579672
939 973534572468360
940 979748622930924
941 985995691727508
942 992275919063352
943 998589445589736
944 1004936412404925
945 1011316961055115
946 1017731233535380
947 1024179372290620
948 1030661520216510
949 1037177820660450
950 1043728417422516
951 1050313454756412
952 1056933077370423
953 1063587430428369
954 1070276659550560
955 1077000910814752
956 1083760330757104
957 1090555066373136
958 1097385265118688
959 1104251074910880
960 1111152644129073
961 1118090121615831
962 1125063656677884
963 1132073399087092
964 1139119499081410
965 1146202107365854
966 1153321375113468
967 1160477453966292
968 1167670496036331
969 1174900653906525
970 1182168080631720
971 1189472929739640
972 1196815355231860
973 1204195511584780
974 1211613553750600
975 1219069637158296
976 1226563917714597
977 1234096551804963
978 1241667696294564
979 1249277508529260
980 1256926146336582
981 1264613768026714
982 1272340532393476
983 1280106598715308
984 1287912126756255
985 1295757276766953
986 1303642209485616
987 1311567086139024
988 1319532068443512
989 1327537318605960
990 1335582999324784
991 1343669273790928
992 1351796305688857
993 1359964259197551
994 1368173298991500
995 1376423590241700
996 1384715298616650
997 1393048590283350
998 1401423631908300
999 1409840590658500
1000 1418299634202451
