0 0
1 14
2 26
3 38
4 50
5 62
6 74
7 86
8 98
9 110
10 122
11 134
12 146
13 158
14 170
15 182
16 194
17 206
18 218
19 230
20 242
21 254
22 266
23 278
24 290
25 302
26 314
27 326
28 338
29 350
30 362
31 374
32 386
33 398
34 410
35 422
36 434
37 446
38 458
39 470
40 482
41 494
42 506
43 518
44 530
45 542
46 554
47 566
48 578
49 590
50 602
51 614
52 626
53 638
54 650
55 662
56 674
57 686
58 698
59 710
60 722
61 734
62 746
63 758
64 770
65 782
66 794
67 806
68 818
69 830
70 842
71 854
72 866
73 878
74 890
75 902
76 914
77 926
78 938
79 950
80 962
81 974
82 986
83 998
84 1010
85 1022
86 1034
87 1046
88 1058
89 1070
90 1082
91 1094
92 1106
93 1118
94 1130
95 1142
96 1154
97 1166
98 1178
99 1190
100 1202
101 1214
102 1226
103 1238
104 1250
105 1262
106 1274
107 1286
108 1298
109 1310
110 1322
111 1334
112 1346
113 1358
114 1370
115 1382
116 1394
117 1406
118 1418
119 1430
120 1442
121 1454
122 1466
123 1478
124 1490
125 1502
126 1514
127 1526
128 1538
129 1550
130 1562
131 1574
132 1586
133 1598
134 1610
135 1622
136 1634
137 1646
138 1658
139 1670
140 1682
141 1694
142 1706
143 1718
144 1730
145 1742
146 1754
147 1766
148 1778
149 1790
150 1802
151 1814
152 1826
153 1838
154 1850
155 1862
156 1874
157 1886
158 1898
159 1910
160 1922
161 1934
162 1946
163 1958
164 1970
165 1982
166 1994
167 2006
168 2018
169 2030
170 2042
171 2054
172 2066
173 2078
174 2090
175 2102
176 2114
177 2126
178 2138
179 2150
180 2162
181 2174
182 2186
183 2198
184 2210
185 2222
186 2234
187 2246
188 2258
189 2270
190 2282
191 2294
192 2306
193 2318
194 2330
195 2342
196 2354
197 2366
198 2378
199 2390
200 2402
201 2414
202 2426
203 2438
204 2450
205 2462
206 2474
207 2486
208 2498
209 2510
210 2522
211 2534
212 2546
213 2558
214 2570
215 2582
216 2594
217 2606
218 2618
219 2630
220 2642
221 2654
222 2666
223 2678
224 2690
225 2702
226 2714
227 2726
228 2738
229 2750
230 2762
231 2774
232 2786
233 2798
234 2810
235 2822
236 2834
237 2846
238 2858
239 2870
240 2882
241 2894
242 2906
243 2918
244 2930
245 2942
246 2954
247 2966
248 2978
249 2990
250 3002
251 3014
252 3026
253 3038
254 3050
255 3062
256 3074
257 3086
258 3098
259 3110
260 3122
261 3134
262 3146
263 3158
264 3170
265 3182
266 3194
267 3206
268 3218
269 3230
270 3242
271 3254
272 3266
273 3278
274 3290
275 3302
276 3314
277 3326
278 3338
279 3350
280 3362
281 3374
282 3386
283 3398
284 3410
285 3422
286 3434
287 3446
288 3458
289 3470
290 3482
291 3494
292 3506
293 3518
294 3530
295 3542
296 3554
297 3566
298 3578
299 3590
300 3602
301 3614
302 3626
303 3638
304 3650
305 3662
306 3674
307 3686
308 3698
309 3710
310 3722
311 3734
312 3746
313 3758
314 3770
315 3782
316 3794
317 3806
318 3818
319 3830
320 3842
321 3854
322 3866
323 3878
324 3890
325 3902
326 3914
327 3926
328 3938
329 3950
330 3962
331 3974
332 3986
333 3998
334 4010
335 4022
336 4034
337 4046
338 4058
339 4070
340 4082
341 4094
342 4106
343 4118
344 4130
345 4142
346 4154
347 4166
348 4178
349 4190
350 4202
351 4214
352 4226
353 4238
354 4250
355 4262
356 4274
357 4286
358 4298
359 4310
360 4322
361 4334
362 4346
363 4358
364 4370
365 4382
366 4394
367 4406
368 4418
369 4430
370 4442
371 4454
372 4466
373 4478
374 4490
375 4502
376 4514
377 4526
378 4538
379 4550
380 4562
381 4574
382 4586
383 4598
384 4610
385 4622
386 4634
387 4646
388 4658
389 4670
390 4682
391 4694
392 4706
393 4718
394 4730
395 4742
396 4754
397 4766
398 4778
399 4790
400 4802
401 4814
402 4826
403 4838
404 4850
405 4862
406 4874
407 4886
408 4898
409 4910
410 4922
411 4934
412 4946
413 4958
414 4970
415 4982
416 4994
417 5006
418 5018
419 5030
420 5042
421 5054
422 5066
423 5078
424 5090
425 5102
426 5114
427 5126
428 5138
429 5150
430 5162
431 5174
432 5186
433 5198
434 5210
435 5222
436 5234
437 5246
438 5258
439 5270
440 5282
441 5294
442 5306
443 5318
444 5330
445 5342
446 5354
447 5366
448 5378
449 5390
450 5402
451 5414
452 5426
453 5438
454 5450
455 5462
456 5474
457 5486
458 5498
459 5510
460 5522
461 5534
462 5546
463 5558
464 5570
465 5582
466 5594
467 5606
468 5618
469 5630
470 5642
471 5654
472 5666
473 5678
474 5690
475 5702
476 5714
477 5726
478 5738
479 5750
480 5762
481 5774
482 5786
483 5798
484 5810
485 5822
486 5834
487 5846
488 5858
489 5870
490 5882
491 5894
492 5906
493 5918
494 5930
495 5942
496 5954
497 5966
498 5978
499 5990
500 6002
501 6014
502 6026
503 6038
504 6050
505 6062
506 6074
507 6086
508 6098
509 6110
510 6122
511 6134
512 6146
513 6158
514 6170
515 6182
516 6194
517 6206
518 6218
519 6230
520 6242
521 6254
522 6266
523 6278
524 6290
525 6302
526 6314
527 6326
528 6338
529 6350
530 6362
531 6374
532 6386
533 6398
534 6410
535 6422
536 6434
537 6446
538 6458
539 6470
540 6482
541 6494
542 6506
543 6518
544 6530
545 6542
546 6554
547 6566
548 6578
549 6590
550 6602
551 6614
552 6626
553 6638
554 6650
555 6662
556 6674
557 6686
558 6698
559 6710
560 6722
561 6734
562 6746
563 6758
564 6770
565 6782
566 6794
567 6806
568 6818
569 6830
570 6842
571 6854
572 6866
573 6878
574 6890
575 6902
576 6914
577 6926
578 6938
579 6950
580 6962
581 6974
582 6986
583 6998
584 7010
585 7022
586 7034
587 7046
588 7058
589 7070
590 7082
591 7094
592 7106
593 7118
594 7130
595 7142
596 7154
597 7166
598 7178
599 7190
600 7202
601 7214
602 7226
603 7238
604 7250
605 7262
606 7274
607 7286
608 7298
609 7310
610 7322
611 7334
612 7346
613 7358
614 7370
615 7382
616 7394
617 7406
618 7418
619 7430
620 7442
621 7454
622 7466
623 7478
624 7490
625 7502
626 7514
627 7526
628 7538
629 7550
630 7562
631 7574
632 7586
633 7598
634 7610
635 7622
636 7634
637 7646
638 7658
639 7670
640 7682
641 7694
642 7706
643 7718
644 7730
645 7742
646 7754
647 7766
648 7778
649 7790
650 7802
651 7814
652 7826
653 7838
654 7850
655 7862
656 7874
657 7886
658 7898
659 7910
660 7922
661 7934
662 7946
663 7958
664 7970
665 7982
666 7994
667 8006
668 8018
669 8030
670 8042
671 8054
672 8066
673 8078
674 8090
675 8102
676 8114
677 8126
678 8138
679 8150
680 8162
681 8174
682 8186
683 8198
684 8210
685 8222
686 8234
687 8246
688 8258
689 8270
690 8282
691 8294
692 8306
693 8318
694 8330
695 8342
696 8354
697 8366
698 8378
699 8390
700 8402
701 8414
702 8426
703 8438
704 8450
705 8462
706 8474
707 8486
708 8498
709 8510
710 8522
711 8534
712 8546
713 8558
714 8570
715 8582
716 8594
717 8606
718 8618
719 8630
720 8642
721 8654
722 8666
723 8678
724 8690
725 8702
726 8714
727 8726
728 8738
729 8750
730 8762
731 8774
732 8786
733 8798
734 8810
735 8822
736 8834
737 8846
738 8858
739 8870
740 8882
741 8894
742 8906
743 8918
744 8930
745 8942
746 8954
747 8966
748 8978
749 8990
750 9002
751 9014
752 9026
753 9038
754 9050
755 9062
756 9074
757 9086
758 9098
759 9110
760 9122
761 9134
762 9146
763 9158
764 9170
765 9182
766 9194
767 9206
768 9218
769 9230
770 9242
771 9254
772 9266
773 9278
774 9290
775 9302
776 9314
777 9326
778 9338
779 9350
780 9362
781 9374
782 9386
783 9398
784 9410
785 9422
786 9434
787 9446
788 9458
789 9470
790 9482
791 9494
792 9506
793 9518
794 9530
795 9542
796 9554
797 9566
798 9578
799 9590
800 9602
801 9614
802 9626
803 9638
804 9650
805 9662
806 9674
807 9686
808 9698
809 9710
810 9722
811 9734
812 9746
813 9758
814 9770
815 9782
816 9794
817 9806
818 9818
819 9830
820 9842
821 9854
822 9866
823 9878
824 9890
825 9902
826 9914
827 9926
828 9938
829 9950
830 9962
831 9974
832 9986
833 9998
834 10010
835 10022
836 10034
837 10046
838 10058
839 10070
840 10082
841 10094
842 10106
843 10118
844 10130
845 10142
846 10154
847 10166
848 10178
849 10190
850 10202
851 10214
852 10226
853 10238
854 10250
855 10262
856 10274
857 10286
858 10298
859 10310
860 10322
861 10334
862 10346
863 10358
864 10370
865 10382
866 10394
867 10406
868 10418
869 10430
870 10442
871 10454
872 10466
873 10478
874 10490
875 10502
876 10514
877 10526
878 10538
879 10550
880 10562
881 10574
882 10586
883 10598
884 10610
885 10622
886 10634
887 10646
888 10658
889 10670
890 10682
891 10694
892 10706
893 10718
894 10730
895 10742
896 10754
897 10766
898 10778
899 10790
900 10802
901 10814
902 10826
903 10838
904 10850
905 10862
906 10874
907 10886
908 10898
909 10910
910 10922
911 10934
912 10946
913 10958
914 10970
915 10982
916 10994
917 11006
918 11018
919 11030
920 11042
921 11054
922 11066
923 11078
924 11090
925 11102
926 11114
927 11126
928 11138
929 11150
930 11162
931 11174
932 11186
933 11198
934 11210
935 11222
936 11234
937 11246
938 11258
939 11270
940 11282
941 11294
942 11306
943 11318
944 11330
945 11342
946 11354
947 11366
948 11378
949 11390
950 11402
951 11414
952 11426
953 11438
954 11450
955 11462
956 11474
957 11486
958 11498
959 11510
960 11522
961 11534
962 11546
963 11558
964 11570
965 11582
966 11594
967 11606
968 11618
969 11630
970 11642
971 11654
972 11666
973 11678
974 11690
975 11702
976 11714
977 11726
978 11738
979 11750
980 11762
981 11774
982 11786
983 11798
984 11810
985 11822
986 11834
987 11846
988 11858
989 11870
990 11882
991 11894
992 11906
993 11918
994 11930
995 11942
996 11954
997 11966
998 11978
999 11990
1000 12002
