0 0
1 1
2 3
3 8
4 18
5 38
6 74
7 139
8 249
9 434
10 734
11 1215
12 1967
13 3132
14 4902
15 7567
16 11523
17 17345
18 25815
19 38045
20 55535
21 80377
22 115379
23 164389
24 232539
25 326774
26 456286
27 633373
28 874213
29 1200228
30 1639418
31 2228546
32 3015360
33 4062065
34 5448995
35 7280060
36 9688718
37 12846507
38 16972577
39 22346967
40 29325697
41 38361236
42 50026132
43 65044432
44 84328262
45 109025742
46 140577192
47 180787673
48 231912643
49 296767218
50 378855618
51 482534774
52 613208702
53 777571982
54 983899692
55 1242407922
56 1565683434
57 1969214642
58 2472024772
59 3097449777
60 3874066207
61 4836825501
62 6028406373
63 7500860913
64 9317576083
65 11555651398
66 14308730238
67 17690419395
68 21838356935
69 26919109185
70 33133989885
71 40726043782
72 49988335998
73 61273872123
74 75007358223
75 91699238018
76 111962312152
77 136531526805
78 166287371925
79 202283677950
80 245780438330
81 298282718972
82 361586540574
83 437833158899
84 529572986529
85 639841068809
86 772245845473
87 931073765482
88 1121412151692
89 1349293756227
90 1621866308687
91 1947591663775
92 2336479073085
93 2800358743945
94 3353201858215
95 4011495282185
96 4794679358361
97 5725659757688
98 6831404751108
99 8143642526533
100 9699673874653
101 11543319695419
102 13726023934229
103 16308137778024
104 19360412738864
105 22965736876349
106 27221151088339
107 32240190809288
108 38155602350258
109 45122493800123
110 53321985948343
111 62965442295779
112 74299364971591
113 87611060708936
114 103235191757846
115 121561348708846
116 143042796878972
117 168206576111690
118 197665153747650
119 232129866522750
120 272426413969140
121 319512711857189
122 374499450110469
123 438673758345044
124 513526429946944
125 600783230611384
126 702440880542850
127 820808395316581
128 958554553848911
129 1118762384292631
130 1304991668276591
131 1521350620154241
132 1772578041410541
133 2064137449787581
134 2402324869901781
135 2794392226555256
136 3248688525462980
137 3774821330554265
138 4383841362945175
139 5088453460117140
140 5903257542656360
141 6845023762475276
142 7933006534153852
143 9189302821186877
144 10639260728651657
145 12311945306019972
146 14240669337485404
147 16463597980120037
148 19024437230786717
149 21973217577705667
150 25367185627321057
151 29271818241330909
152 33761975552328209
153 38923211437263954
154 44853262367154684
155 51663738350983399
156 59482042671192045
157 68453550649943099
158 78744081474184289
159 90542701584317409
160 104064902942022229
161 119556205145971733
162 137296236463590153
163 157603355978898058
164 180839886778721258
165 207418039088466623
166 237806612031981405
167 272538574008562380
168 312219634007781140
169 357537930420932420
170 409274979453081110
171 468318043133471639
172 535674096499857109
173 612485595998629819
174 700048275769192469
175 799831226661188804
176 913499543773442580
177 1042939863617178951
178 1190289150833293411
179 1357967138604322006
180 1548712875571212966
181 1765625887362218095
182 2012212521779835799
183 2292438115790638514
184 2610785698680353504
185 2972322032001247409
186 3382771882164873535
187 3848601529128230184
188 4377112633472065684
189 4976547718246767534
190 5656208670145534204
191 6426589831488426933
192 7299527439073217443
193 8288367373579465323
194 9408153412880905593
195 10675838440654756163
196 12110521347182451301
197 13733712679624100891
198 15569632453629510411
199 17645543935609492636
200 19992127644945066036
201 22643900318059388190
202 25639684121656322654
203 29023132012533765894
204 32843315816833947544
205 37155384356515059759
206 42021299786633261629
207 47510661240353248561
208 53701625911917036201
209 60681938860737138876
210 68550084096164044836
211 77416570925519927661
212 87405371123278369891
213 98655524234265304261
214 111322930266307815801
215 125582351190394673506
216 141629645059863118596
217 159684259222963341014
218 179992012049747256894
219 202828195870369697634
220 228501037446533801954
221 257355556325366989494
222 289777865880179657882
223 326199966790045085217
224 367105088181816311717
225 413033637731093288337
226 464589828733553574089
227 522449059606733442981
228 587366129516623708671
229 660184382952737338876
230 741845886165101665516
231 833402749557460554475
232 936029722485161038451
233 1051038200589577563981
234 1179891800916518871701
235 1324223676800000699641
236 1485855762973487825099
237 1666820161820648659890
238 1869382904256381050100
239 2096070343702299609955
240 2349698469186630564795
241 2633405454074604006511
242 2950687790566021209123
243 3305440397262234896268
244 3702001128105965704068
245 4145200156289573077098
246 4640414756680130774484
247 5193630065467999258017
248 5811506456562768082507
249 6501454241388998047607
250 7271716472728928802817
251 8131460714901516924057
252 9090880732534765203633
253 10161309149416787634283
254 11355342238227446488473
255 12686978122476875066908
256 14171769804717086000252
257 15826994581389480695840
258 17671841565749592158550
259 19727619217776851018840
260 22017984975319684671040
261 24569199295867705576894
262 27410406655088308716364
263 30573946308916626185594
264 34095695912732675338204
265 38015451406753057191889
266 42377346923853749403183
267 47230318857922971532241
268 52628618650718860913841
269 58632379317021533564456
270 65308241235487733790426
271 72730043290759006295400
272 80979586065703997531394
273 90147474456837724298354
274 100334047826575953004354
275 111650406619801837828294
276 124219545266013500726914
277 138177602170155030021491
278 153675238673254195171391
279 170879160047841885113116
280 189973792892603160886156
281 211163134717329496042809
282 234672793074769969634193
283 260752233314176569149213
284 289677255916326551528473
285 321752726438012586309123
286 357315583362357692565443
287 396738151639446355482050
288 440431792429969031616510
289 488850922556251503151555
290 542497440444502907889265
291 601925598937272819066276
292 667747369295069240128650
293 740638345024128001418895
294 821344238898262596151335
295 910688031726217558663885
296 1009577837093627046880923
297 1119015552527789417531584
298 1240106374343742607294814
299 1374069260887832269580164
300 1522248437059486523047604
301 1686126041930235398295949
302 1867336031061997803274341
303 2067679455834022257025811
304 2289141253804113243997101
305 2533908696949734098818286
306 2804391658658968945559820
307 3103244875682915586395522
308 3433392398039847789368292
309 3798054438211466923555802
310 4200776851035603934967262
311 4645463497637093349730237
312 5136411770719197377059173
313 5678351584751063456969928
314 6276488163234406892520018
315 6936548986539489054637573
316 7664835298006810247362117
317 8468278603383260372920599
318 9354502639485266504521239
319 10331891332572893426950634
320 11409663315616915909133274
321 12597953626820479398959874
322 13907903269820489385852404
323 15351757379385684571639219
324 16942972805625822511738919
325 18696336005256045102668454
326 20628092210888338411261464
327 22756086939271638520313550
328 25099920997544436703960790
329 27681120253636963540254515
330 30523321553758932321551575
331 33652476297307077437529414
332 37097073318465398829318872
333 40888382875283648531989467
334 45060723712219982065246267
335 49651755342243986429068517
336 54702797890934165967542713
337 60259182059014017960849292
338 66370631993011229533931612
339 73091684107902158415022437
340 80482145182560364931612027
341 88607593350579534172733979
342 97539925937763648922081807
343 107357958455650898295114467
344 118148079450432315962192197
345 130004966331350535422297892
346 143032367765151890873083960
347 157343958726730213643083549
348 173064274844322620182668389
349 190329733274404246290247739
350 209289747991002293905543729
351 230107948081116591778249413
352 252963508407271944127161215
353 278052602835365185329621195
354 305589991136773566342092005
355 335810751664554993941195740
356 368972172981405769264256674
357 405355818789376730152493749
358 445269781786322424684439789
359 489051143460531876583343809
360 537068658342543431888446249
361 589725682872206748654724839
362 647463370820894342089590887
363 710764159145646571588509102
364 780155570257215862797584062
365 856214358971876558102227727
366 939571034903074542412465837
367 1030914793750451316575990784
368 1130998893878811641069814344
369 1240646517768120977331722364
370 1360757161379143474486139084
371 1492313598241244674281628957
372 1636389469154464515211243769
373 1794157552834665726189002064
374 1966898777648057504831038764
375 2156012039811899662603886414
376 2363024899116535861972108730
377 2589605229387880132399422799
378 2837573907599945621098450479
379 3108918632808281647015179234
380 3405808973955187539673047734
381 3730612754148261445434108051
382 4085913888291386421348627637
383 4474531801012550769940660377
384 4899542562751764542187686907
385 5364301893716110866082027472
386 5872470198254763368149357266
387 6428039806138159030916606973
388 7035364612332730648131199643
389 7699192323243487889731741258
390 8424699535156987853803314538
391 9217529889871327930999668471
392 10083835573371414282429074543
393 11030322446030833224661975698
394 12064299117340872988280440498
395 13193730304739239212141279848
396 14427294844904985186023806906
397 15774448757085259212623538942
398 17245493791821461950614841202
399 18851651935061330348657853227
400 20605146377310482825453200107
401 22519289500442131147557375659
402 24608578481317039266343301227
403 26888799161759452008607143672
404 29377138889004006820004045782
405 32092309089814593761273994807
406 35054678405446938459091937543
407 38286417283880388976549666248
408 41811655000710706962472868168
409 45656650161239046681267171093
410 49849975824114106181095115803
411 54422720481926422112961689205
412 59408706237000698451472506757
413 64844725621915667609218393457
414 70770798634683068920782446347
415 77230451688774355432850043797
416 84271020319090390761430184557
417 91943977637383920947498340036
418 100305290695492985939659795406
419 109415807093025532379321328931
420 119341674358929941871760792591
421 130154794844857476196462124108
422 141933319093626829668655624294
423 154762180889793851651253026539
424 168733677462773287748305382589
425 183948098597732116174314602534
426 200514408717277431810444730528
427 218550986329632003820219598540
428 238186425598507401742086039380
429 259560405178383792630310076775
430 282824629878689796415437628025
431 308143851173928852782639853846
432 335696973066797716362941530046
433 365678250340675316135008963291
434 398298586809638317121604499861
435 433786941791738924056858610371
436 472391853698277014000234572051
437 514383090352111240065570139626
438 560053436425883229125851616326
439 609720629230903662698983332161
440 663729454994247566493213301321
441 722454018740586537605943425922
442 786300201952112055262724655722
443 855708323320680012958493402437
444 931156019137606335269873864547
445 1013161361195450063781632617932
446 1102286231510261788123220491468
447 1199139974720369157291523479519
448 1304383350687666075050161043449
449 1418732811629098737921336556249
450 1542965130049861368859028111249
451 1677922405846778043594263270330
452 1824517483212350872449435576328
453 1983739810409808550301261531653
454 2156661778120981049413781183143
455 2344445574906800205218510103343
456 2548350601380658239755680210705
457 2769741487994944111863930971203
458 3010096764899327115767504784103
459 3271018236165686109366220136668
460 3554241114810422052309764257258
461 3861644979503303444587488969992
462 4195265618657789888399123129258
463 4557307832777654301522566680198
464 4950159271517395895237239995998
465 5376405387930297645754989738383
466 5838845598861261475972943895625
467 6340510747427493695333949319850
468 6884681971057149812023133322930
469 7474911086665521553943774164265
470 8115042613284711594959436766025
471 8809237561873794933133783859216
472 9561999132173603653432062318468
473 10378200467388753108683737961738
474 11263114629238755973099031175088
475 12222446968583909178184546531583
476 13262370080468731415234555570447
477 14389561547109862764133503632952
478 15611244688165814018540230914512
479 16935232554648002470073545116117
480 18369975421157721779529602847067
481 19924612050860490444380277632556
482 21609025028843358838566705392510
483 23433900482355859392099095300990
484 25410792531033433836767913820310
485 27552192836674517922136783786455
486 29871605650629889698093949433529
487 32383628787516729739670279255895
488 35104040986952644915676583941235
489 38049896160491256105890173827660
490 41239625059118334578824171715430
491 44693144937737243645709232062638
492 48431977837250811083339324406294
493 52479378152365888914630886435054
494 56860470204356016005140116347724
495 61602396592984412494369056711694
496 66734478160901307394367287158576
497 72288386467394760249641006554414
498 78298329736723749825955044181134
499 84801253319751730130422735228259
500 91837055786609494658556898062909
501 99448821853057382117577627026674
502 107683073434527876229787321626548
503 116590040219981895946395310161473
504 126223951263211352521421838964673
505 136643349202609599314792716176138
506 147911428842292504773407729543590
507 160096401958410751226090068125346
508 173271890335218762052615698325946
509 187517349186676289513905711678971
510 202918523281826265771981082635081
511 219567938266744125447433065463155
512 237565429863376505893627202373119
513 257018713827032365691427184017129
514 278043999760677326490287301418719
515 300766652116606438443029993986144
516 325321901965704631740680712996248
517 351855613382605597432054324845088
518 380525108582977201083560845718968
519 411500056258340447129224567247193
520 444963427885819238109343279565593
521 481112527146680999479757857561183
522 520160097970244357803636997606847
523 562335517130608085077241412987912
524 607886077764741016323631139692262
525 657078370653957874092875592764112
526 710199770619040183168079282858072
527 767560035924762215861648682458709
528 829493029175046674440975995526859
529 896358568808293885399138724115339
530 968544420976698269484997395210279
531 1046468442316904318651044563152707
532 1130580884895715240614328507940875
533 1221366875447557946208029168306060
534 1319349081914106136987420701502250
535 1425090581255236851885067574465480
536 1539197943529023143276327834003576
537 1662324548341756850418573155625216
538 1795174150952416265203909698445896
539 1938504716585289620487792761244461
540 2093132542865789295979022270799151
541 2259936691754431226428388700443564
542 2439863753919562581510920482370064
543 2633932970168249909780848092633144
544 2843241736354873945428833461249414
545 3068971520117070551351797532853139
546 3312394219857973806464986983188323
547 3574878998612173165918559080346996
548 3857899627811005390568016078869126
549 4163042378512122913741039204666776
550 4492014500390870364020377195002106
551 4846653331719869925869443171307213
552 5228936086702285832022488779555017
553 5640990369888405462748512306118162
554 6085105471010378673346547568697292
555 6563744497433252169248192696054197
556 7079557405560067581287888879849889
557 7635394996964279836846507381357905
558 8234323949774977488065485162389705
559 8879642960931685387446220934950450
560 9574900080379794559632596212604450
561 10323911324120449095509488086409766
562 11130780659287356965522301600889984
563 11999921461126711412710844952453869
564 12936079548936471745460184988477529
565 13944357915711085075717050766084599
566 15030243274473078793472184677836423
567 16199634553092037924029971247087758
568 17458873478835167285164954990118488
569 18814777404005616602912538130610513
570 20274674534851726965862220935574183
571 21846441737522273440387600183226454
572 23538545107253009891897268918005998
573 25360083500255425933592818607308053
574 27320835242000589809586199089398303
575 29431308240814459412694595984379308
576 31702793751995763134971387242155002
577 34147424055107936353271901609216914
578 36778234325762212984177078275449714
579 39609229003184838088329330346677829
580 42655452976238338306865560059838509
581 45933067933441936333262716038525149
582 49459434247013241666384710014315419
583 53253198787143103836125082506272989
584 57334389090736359440800401378383539
585 61724514338829607654496729242348549
586 66446673628968205772512875911312043
587 71525672063132692850005065010864302
588 76988145208503961917285237178223292
589 82862692527611338528936202584416317
590 89180020416394112009310409993328357
591 95973095533612782837539137944297501
592 103277309153071864813629939251837511
593 111130653321475652418827138723490006
594 119573909659660591155870198450569036
595 128650851703676924754873976034036246
596 138408461744988821735335681823710426
597 148897163196204525934273007475347142
598 160171069580533367690675327037077822
599 172288251319911923895084211042812347
600 185311021578785847543889075189460937
601 199306242508238363209689404107959885
602 214345653328906968715637358131729687
603 230506221791338305762568157517329652
604 247870520659536987828106182518985522
605 266527130977936484831766868832838627
606 286571074004359564376664816905672107
607 308104273822276497471663421958613373
608 331236052785381315533083405450158473
609 356083662096798140272158952899879438
610 382772849984750037146368644631275958
611 411438470106964457258480122308062670
612 442225132998190948694828955551175206
613 475287903569756642774664118035983151
614 510793047877923911002755195607794941
615 548918832599839530093494044837076031
616 589856380893032499544465818040498679
617 633810588567748917142303078986588144
618 681001104771995593778234025640357604
619 731663381678160389911410507703658489
620 786049797968724803795839027859632619
621 844430861248203646417639332622313877
622 907096494860445901228220188654934699
623 974357414966311737423788458840383634
624 1046546604138104347481792919392591434
625 1124020888155689138825671381712433609
626 1207162623146797200235832341163302875
627 1296381500702525708936098847450129340
628 1392116479120584190155506409668338650
629 1494837849485598144243684097883291950
630 1605049445890122009764335666990478810
631 1723291009734438368656771677544020356
632 1850140718720401611294222725186386468
633 1986217891877369881230340067828387023
634 2132185882729694413455289684229698353
635 2288755173538535455935458911863057083
636 2456686684429396581393458038533628563
637 2636795312154388605109285287010775907
638 2829953714238765969786265457721724327
639 3037096355328894632667490613801432257
640 3259223833697956983893356642223341857
641 3497407507081113152309666433421856910
642 3752794438308566305171045064021407668
643 4026612682588399453646282449977944983
644 4320176939766891554296472902910863633
645 4634894596468384265321010888974376703
646 4972272184696158850338090738613100799
647 5333922285267120761830673080042808497
648 5721570906363754125062110814013011947
649 6137065369524656919273390013282982022
650 6582382737568368782491291411836645822
651 7059638821263070056177246532074499279
652 7571097804026555280118411299123937287
653 8119182526576775758333893173829357762
654 8706485476263969108890006235511718332
655 9335780528812412212858860939323002282
656 10010035493395354050979644104952645116
657 10732425515373703573012701991398776726
658 11506347394661403271579325546676506296
659 12335434881552844932942847756041559336
660 13223575015975865865956297738441414806
661 14174925580534500738599638677727964163
662 15193933742396532865708558139375885995
663 16285355964080912990668663834168546760
664 17454279268529436722846048712328157280
665 18706143949527134851173512359507844645
666 20046767824589454989985095965952116299
667 21482372133885787732845980263861292252
668 23019609195644066433832949952570351362
669 24665591935807558328687760363903631782
670 26427925417521843532241634002120177822
671 28314740504348503355463591329191451843
672 30334729799965363628361291633579928791
673 32497186016556539569877139702717714581
674 34812042934156542050158464271767555181
675 37289919123931268228552388749676247801
676 39942164619797303368073984549683368521
677 42780910734944810870273521144798287768
678 45819123232786476398242075758570547248
679 49070659075656660169472563529609481908
680 52550326989285522167366155162263086588
681 56273952096730309159562122751689645448
682 60258444892121807499805585835516150114
683 64521874842343667805260222590138573124
684 69083548923675557990472813717074471724
685 73964095420571988161689751820755554424
686 79185553335195968201809251252538345728
687 84771467779164201009995071489032649349
688 90746991743277390477130607820696509229
689 97138994666900210581244268292422830169
690 103976178256221299698477604967316241779
691 111289200029971449560148853956139175686
692 119110805102421865676624634154465379570
693 127475966746745101118468171730208932875
694 136422036317227775277472453077477324305
695 145988903146513380003681639469332199115
696 156219165074170880635543176953338971985
697 167158310305585148054700559528088260005
698 178854911345612967111241206676938003915
699 191360831799818269095368425734859408690
700 204731446887578144138169462515485687820
701 219025878566134601112065589739920993532
702 234307246222965866903029253235307224308
703 250642933955888345936533911598587751338
704 268104875526313288414769357217709139518
705 286769858141322706640462631328914660738
706 306719846294964891216220760604234519230
707 328042326978685543462468498467051320042
708 350830677655408399313842387707025390442
709 375184558481780529854311038073722831257
710 401210330358843605844272101533811311617
711 429021500493245976053797049844335431908
712 458739197259456744454159993768036655148
713 490492676268691494869399414190906068478
714 524419859672844785952097688997412977678
715 560667910862109008092125952232127363163
716 599393846853633412708116595172022996403
717 640765190816062393176815366258613566065
718 684960667331642139864221772905994785955
719 732170943164387753250417772112903009115
720 782599416480183458594777274918129160085
721 836463057653310183282743665688985798108
722 893993304994462056315291141016492413868
723 955437018948574678925320247106012005863
724 1021057498537537974163581203236400438713
725 1091135564063948939196966588326172126548
726 1165970710348370808505884912939657270308
727 1245882335045056521427026730112379007907
728 1331211046870776317055810254311585176587
729 1422320058889334503869364850398531715177
730 1519596672321707941108836177544946835697
731 1623453856699697758319699398425443764811
732 1734331932550840114487462787301103509903
733 1852700363195434243412390066605378937968
734 1979059662654363451348259839591209393858
735 2113943427110442961879648852680262942843
736 2257920497837957828059924473171709134413
737 2411597264016585036950055882934153615430
738 2575620114378863190290446545226682381630
739 2750678047206730278532398181883685992505
740 2937505448794464189970718093570580763985
741 3136885051134827681236838979625940316013
742 3349651080264670095553868659697831847317
743 3576692607428145368809693995412040988307
744 3818957115982694375337163081288033002137
745 4077454297787794509544172723978820983567
746 4353260093682155871437061322375449393781
747 4647520993574677332789026704738694775772
748 4961458612651394337813564739563086023822
749 5296374561238383752666612037980605481872
750 5653655626962884871728696341123305631472
751 6034779289025723483432481840542492589262
752 6441319585641703338609196517495527458328
753 6874953357025428649163439912488040770063
754 7337466887702786576229197776717935952383
755 7830762973418082617526777290090602268878
756 8356868439488922659440151272265243099518
757 8917942139141035594374987384357307441591
758 9516283462139335747368807069024119019061
759 10154341385926005016404014538997751986811
760 10834724103487986745872092372160150337661
761 11560209264312192234927017583079097844985
762 12333754867054525439622542414235565423057
763 13158510844956590535817316353866378794152
764 14037831387600206425901324844264900444582
765 14975288045303674176753765440341459792247
766 15974683665344737139347313246943328134727
767 17040067212253528375602567621902625889313
768 18175749527665319767698935797294387031593
769 19386320088669026751811352848973888302653
770 20676664827245326962315438560945430646233
771 22051985077270796300811430778366028857576
772 23517817719685302865358681817967235079102
773 25080056600793499421924481377949491456942
774 26744975303312959968928067488762469406392
775 28519251354707578113153583396417798828452
776 30409991962572523255413860104017621184220
777 32424761372384607908691830283543242389736
778 34571609948818724275589376561457916739516
779 36859105088077589428639751403005431309661
780 39296364075310154305067657744076629808621
781 41893089008226742637901921589181974072222
782 44659603915480731558984645475023292606906
783 47606894206303266495582067294460542246516
784 50746648596276567037759546305309769062366
785 54091303663041914381986120560727507096251
786 57654091195191237098620359123742690525423
787 61449088507618990799106326703254924808459
788 65491271907248365878669804677501086290059
789 69796573504329424401165405114796868797624
790 74381941576475413848239306214792049844174
791 79265404705298394915404033356554712600703
792 84466139918970063519821249040936092408555
793 90004545088314446124783711557765510254660
794 95902315839184948970845473982828370494060
795 102182527259940897875557569411996364742600
796 108869720699873144108676594872315278748352
797 115989995972492718410350865237723961358549
798 123571109296752522303785213952456470224949
799 131642577329584936341686731552764469131274
800 140235787664677145714658380945024806982994
801 149384116195244172010241667399841439495070
802 159123051762774622966859169367948998804512
803 169490328539398180151334671860850405119567
804 180526066618743839175966545742127572774767
805 192272921319016034720518470077391129400532
806 204776241732609594327194313431345882445596
807 218084239089017293806295371807831609068557
808 232248165532165043886493020941603102200597
809 247322503949755275880720122228504728110957
810 263365169530831585183790870116095933166077
811 280437723768727022253288372826370171800753
812 298605601669962113608018099852816412620785
813 317938352975662352207391682338637824056780
814 338509898250822668743657771610751379695330
815 360398800748421480673607488943320394251345
816 383688555010152083901190598182977829362777
817 408467893223577300138370463412296519455587
818 434831110417018033568202544738224549141517
819 462878409638662672553843054400148461891647
820 492716268335449038465892031120865581101997
821 524457827220453465316648934818530938953223
822 558223302995065644848102595203301483367303
823 594140426374390345735038245920016461987003
824 632344906951370287176711165327114139894303
825 672980926527356479906226929247666694687543
826 716201662634568211944893841600372894306767
827 762169844079407299856693219449432437075473
828 811058340445261799381294064178120080946133
829 863050787609614510073327255745836556028453
830 918342251453343788537807032500125850385913
831 977139932070473120970112556621233051485573
832 1039663910924719841081964230784785239772721
833 1106147943545465437178045271299611037469011
834 1176840300510699506075262573215032301256221
835 1252004659628583838934298184058467950560796
836 1331921052403079043832409510468524347758316
837 1416886868053141312070631856787676906663395
838 1507217918549932106285158689482585168066305
839 1603249568342924158242707153927908110256045
840 1705337932664405459841208325515171585963965
841 1813861148533390043813860552249642009794700
842 1929220722825092523499158767965178987625778
843 2051842962031708300271790731169244502701283
844 2182180488615104709425411787651691440276793
845 2320713849143060394157961098357558728506383
846 2467953219708832459306892581128546960302565
847 2624440214460079333557140368372972049832906
848 2790749803408575016911872274507030255978776
849 2967492346057831422763092244931208626460626
850 3155315747772877870479149769507679406823306
851 3354907746226276244383747391793356371328785
852 3566998335688294337334739775698848081227563
853 3792362337388411577998915300833354770428518
854 4031822124661463851047179284065224792026918
855 4286250512106305174024657606219783173498718
856 4556573818529520679345465435990157707142262
857 4843775114023209197664176014275370066975955
858 5148897662136006091988740262352991729456195
859 5473048568742284665287760483921966690269170
860 5817402649897915727415127849686080914725110
861 6183206531694255801348161598947271985209102
862 6571782995887475459574077329327150336502242
863 6984535585890362385066031920120137082494772
864 7422953488570909855747347168720412841248892
865 7888616708209048155145219370263227913630997
866 8383201549922666702527558594792182872095069
867 8908486430889645112662767156057018538047436
868 9466358038767171683257779449041221813880926
869 10058817857846570588051283783961137032358561
870 10687989084684770139364909386510276818945011
871 11356123956226213775654249724875052888516525
872 12065611514775448414689668337882365850917199
873 12818985835605054709421022222893974307311464
874 13618934744490484320255254413536812676827214
875 14468309054057468429294659999540361795440849
876 15370132349513955599073394614340304470779021
877 16327611356122305410535525869568681760615544
878 17344146922654286176953282304693518929705304
879 18423345657067195691564886758084865901492474
880 19569032252750372636147609327258769463954564
881 20785262545924074835775343369266628972724911
882 22076337347134123314439370253531670790985385
883 23446817092283195721573453220623395556255045
884 24901537361280962134232324525060748677444045
885 26445625315188592054756516965204852113987920
886 28084517105687188305276175641243033136235144
887 29823976313823575176297161953657154204989817
888 31670113478290254677518537602896176479432527
889 33629406776989461321791715167403545273640027
890 35708723929324883439799065170191880254116037
891 37915345390570176222844674604653238931998283
892 40256988913792908827601635627160274155092893
893 42741835559178782676801447401815716500563118
894 45378557235217263448242551232697096130781848
895 48176345861090373049772555611172540611696838
896 51144944244766275035726016114168402474366736
897 54294678776754283692705165117516497516606160
898 57636494045244747810096930131304326353879800
899 61181989484453556850588745402011854329651600
900 64943458174435431316989846873523999685122000
901 68933927917442376553732801918808727444848396
902 73167204723104488475597777439625684458420580
903 77657918842321652850199160605860660597661495
904 82421573497799756962959158172754931017605295
905 87474596467668310117929947964591208392378745
906 92834394687603691774159070105624489139246659
907 98519412046380901145388014489881675869951818
908 104549190559815481288011657835206209956930968
909 110944435118666653325242168445813693387640613
910 117727082017284738386398684139237312701635173
911 124920371481634572305837869997729589640243529
912 132548924427847626544033029039439595866916449
913 140638823695686727024285674461860515996305199
914 149217700015288502875357062717222744984256059
915 158314822980322111033778173540341182821822724
916 167961197316312823525491028464894311158430506
917 178189664749372655846019526943853661199806026
918 189035011798006887613105221997068434154034746
919 200534083829077360996765323763289122344962481
920 212725905738456019983609622549647840996086031
921 225651809637453516633526095268597332829759046
922 239355569947819330291301203183374052880046918
923 253883546331046599492679749075438985294840523
924 269284834901945224370812665201736517797456573
925 285611428202043020183387374762326919160254258
926 302918384435413048544872589807492790057948606
927 321264006498086197494571635884464274764287127
928 340710031362376548101054989866340579146807937
929 361321830409312668857589171287589529765088312
930 383168621336025282855425166560721056767672632
931 406323692300490538688010879407743060385436472
932 430864639003573670445794387599073819613035686
933 456873615447971246101909953773265311050181041
934 484437599155528690056894185632131325704769311
935 513648671668636993659439680284508483461297456
936 544604315208118974492697371104557735841287544
937 577407726409338768006667211926139887550093483
938 612168148110353661451188952334436743887070143
939 649001220220928121099273058662014011035655933
940 688029350759307548540354943854328175688500973
941 729382108204974435623741097477854518724787406
942 773196636380362034710221035456432969037666252
943 819618093142870153386192783415424911916045482
944 868800114240714356999434498106948083730576062
945 920905303762354823868817915449331530988686447
946 976105752689717017223002300982530629917056143
947 1034583587150368077678822627019103083607811761
948 1096531548053498116961294207684700168937309101
949 1162153603889235674765712977016336220104611376
950 1231665598570777038203194584628209832658156936
951 1305295936304320527741351206555847023112958039
952 1383286305583175709291043830413538262778656381
953 1465892444519987016107287725498025158367346011
954 1553384949855112311103252322780134877130355601
955 1646050132110188935725405623265122387405302996
956 1744190919494181816978186905884804452418103050
957 1848127813315139934626093788873639448328256070
958 1958199897804910349866704144684023924934179090
959 2074765907426617471908530173065181321009257825
960 2198205354906277877452295468994582188450827345
961 2328919723410981871494142476004767723004446448
962 2467333726487153014436316245279198854629312384
963 2613896639574045271619069194327647700026285674
964 2769083707120433325030340050442159198544250744
965 2933397629557005412251604097395820374757062589
966 3107370134613923435171570378350492325703573241
967 3291563637723050522743227248774679700893486961
968 3486572996508177026772392446426371937003904561
969 3693027364644956117512098363284788263382715336
970 3911592150665984598071775050148512078233316736
971 4142971087596371166436254941531909399948118050
972 4387908419632106342935683574579502745511887946
973 4647191212418516629055567085494279570867525921
974 4921651793850031466730008526297533781355017871
975 5212170332696449532600571846330018956793910331
976 5519677562765950983845719190560941926981761823
977 5845157660742413461187013791561865413515706555
978 6189651286285362921974285355364136940656061275
979 6554258793456401987158454569377284481650904860
980 6940143623037553487676293034064640228649007140
981 7348535885836052789966969179219700981409700803
982 7780736147628213090034878553220305068768105197
983 8238119426983647406380252209505436048816821422
984 8722139417832018369173849272077581255128781282
985 9234332949289350183391077236845551085361795782
986 9776324695951618367863439998593100347326663808
987 10349832152591773016506789876231280860161011279
988 10956670887964595579976308241730747059342529719
989 11598760093233992468398628161555855689249794439
990 12278128441391761662257612011081705807417928159
991 12996920274937923256720640572257116194053088820
992 13757402140042901923330670841868990277975591220
993 14561969686413844128699448684065968635461787130
994 15413154953143943252500374799424019086279153400
995 16313634061937778861824250000957488355406863735
996 17266235340280457344697333751470793170360470499
997 18273947898357040910384777680154752739552908270
998 19339930684834816459682414075441768231898432280
999 20467522047998014905879128542749663816879030905
1000 21660249830176468878611583875927118097898428175
