0 0
1 4
2 7
3 10
4 13
5 16
6 19
7 22
8 25
9 28
10 31
11 34
12 37
13 40
14 43
15 46
16 49
17 52
18 55
19 58
20 61
21 64
22 67
23 70
24 73
25 76
26 79
27 82
28 85
29 88
30 91
31 94
32 97
33 100
34 103
35 106
36 109
37 112
38 115
39 118
40 121
41 124
42 127
43 130
44 133
45 136
46 139
47 142
48 145
49 148
50 151
51 154
52 157
53 160
54 163
55 166
56 169
57 172
58 175
59 178
60 181
61 184
62 187
63 190
64 193
65 196
66 199
67 202
68 205
69 208
70 211
71 214
72 217
73 220
74 223
75 226
76 229
77 232
78 235
79 238
80 241
81 244
82 247
83 250
84 253
85 256
86 259
87 262
88 265
89 268
90 271
91 274
92 277
93 280
94 283
95 286
96 289
97 292
98 295
99 298
100 301
101 304
102 307
103 310
104 313
105 316
106 319
107 322
108 325
109 328
110 331
111 334
112 337
113 340
114 343
115 346
116 349
117 352
118 355
119 358
120 361
121 364
122 367
123 370
124 373
125 376
126 379
127 382
128 385
129 388
130 391
131 394
132 397
133 400
134 403
135 406
136 409
137 412
138 415
139 418
140 421
141 424
142 427
143 430
144 433
145 436
146 439
147 442
148 445
149 448
150 451
151 454
152 457
153 460
154 463
155 466
156 469
157 472
158 475
159 478
160 481
161 484
162 487
163 490
164 493
165 496
166 499
167 502
168 505
169 508
170 511
171 514
172 517
173 520
174 523
175 526
176 529
177 532
178 535
179 538
180 541
181 544
182 547
183 550
184 553
185 556
186 559
187 562
188 565
189 568
190 571
191 574
192 577
193 580
194 583
195 586
196 589
197 592
198 595
199 598
200 601
201 604
202 607
203 610
204 613
205 616
206 619
207 622
208 625
209 628
210 631
211 634
212 637
213 640
214 643
215 646
216 649
217 652
218 655
219 658
220 661
221 664
222 667
223 670
224 673
225 676
226 679
227 682
228 685
229 688
230 691
231 694
232 697
233 700
234 703
235 706
236 709
237 712
238 715
239 718
240 721
241 724
242 727
243 730
244 733
245 736
246 739
247 742
248 745
249 748
250 751
251 754
252 757
253 760
254 763
255 766
256 769
257 772
258 775
259 778
260 781
261 784
262 787
263 790
264 793
265 796
266 799
267 802
268 805
269 808
270 811
271 814
272 817
273 820
274 823
275 826
276 829
277 832
278 835
279 838
280 841
281 844
282 847
283 850
284 853
285 856
286 859
287 862
288 865
289 868
290 871
291 874
292 877
293 880
294 883
295 886
296 889
297 892
298 895
299 898
300 901
301 904
302 907
303 910
304 913
305 916
306 919
307 922
308 925
309 928
310 931
311 934
312 937
313 940
314 943
315 946
316 949
317 952
318 955
319 958
320 961
321 964
322 967
323 970
324 973
325 976
326 979
327 982
328 985
329 988
330 991
331 994
332 997
333 1000
334 1003
335 1006
336 1009
337 1012
338 1015
339 1018
340 1021
341 1024
342 1027
343 1030
344 1033
345 1036
346 1039
347 1042
348 1045
349 1048
350 1051
351 1054
352 1057
353 1060
354 1063
355 1066
356 1069
357 1072
358 1075
359 1078
360 1081
361 1084
362 1087
363 1090
364 1093
365 1096
366 1099
367 1102
368 1105
369 1108
370 1111
371 1114
372 1117
373 1120
374 1123
375 1126
376 1129
377 1132
378 1135
379 1138
380 1141
381 1144
382 1147
383 1150
384 1153
385 1156
386 1159
387 1162
388 1165
389 1168
390 1171
391 1174
392 1177
393 1180
394 1183
395 1186
396 1189
397 1192
398 1195
399 1198
400 1201
401 1204
402 1207
403 1210
404 1213
405 1216
406 1219
407 1222
408 1225
409 1228
410 1231
411 1234
412 1237
413 1240
414 1243
415 1246
416 1249
417 1252
418 1255
419 1258
420 1261
421 1264
422 1267
423 1270
424 1273
425 1276
426 1279
427 1282
428 1285
429 1288
430 1291
431 1294
432 1297
433 1300
434 1303
435 1306
436 1309
437 1312
438 1315
439 1318
440 1321
441 1324
442 1327
443 1330
444 1333
445 1336
446 1339
447 1342
448 1345
449 1348
450 1351
451 1354
452 1357
453 1360
454 1363
455 1366
456 1369
457 1372
458 1375
459 1378
460 1381
461 1384
462 1387
463 1390
464 1393
465 1396
466 1399
467 1402
468 1405
469 1408
470 1411
471 1414
472 1417
473 1420
474 1423
475 1426
476 1429
477 1432
478 1435
479 1438
480 1441
481 1444
482 1447
483 1450
484 1453
485 1456
486 1459
487 1462
488 1465
489 1468
490 1471
491 1474
492 1477
493 1480
494 1483
495 1486
496 1489
497 1492
498 1495
499 1498
500 1501
501 1504
502 1507
503 1510
504 1513
505 1516
506 1519
507 1522
508 1525
509 1528
510 1531
511 1534
512 1537
513 1540
514 1543
515 1546
516 1549
517 1552
518 1555
519 1558
520 1561
521 1564
522 1567
523 1570
524 1573
525 1576
526 1579
527 1582
528 1585
529 1588
530 1591
531 1594
532 1597
533 1600
534 1603
535 1606
536 1609
537 1612
538 1615
539 1618
540 1621
541 1624
542 1627
543 1630
544 1633
545 1636
546 1639
547 1642
548 1645
549 1648
550 1651
551 1654
552 1657
553 1660
554 1663
555 1666
556 1669
557 1672
558 1675
559 1678
560 1681
561 1684
562 1687
563 1690
564 1693
565 1696
566 1699
567 1702
568 1705
569 1708
570 1711
571 1714
572 1717
573 1720
574 1723
575 1726
576 1729
577 1732
578 1735
579 1738
580 1741
581 1744
582 1747
583 1750
584 1753
585 1756
586 1759
587 1762
588 1765
589 1768
590 1771
591 1774
592 1777
593 1780
594 1783
595 1786
596 1789
597 1792
598 1795
599 1798
600 1801
601 1804
602 1807
603 1810
604 1813
605 1816
606 1819
607 1822
608 1825
609 1828
610 1831
611 1834
612 1837
613 1840
614 1843
615 1846
616 1849
617 1852
618 1855
619 1858
620 1861
621 1864
622 1867
623 1870
624 1873
625 1876
626 1879
627 1882
628 1885
629 1888
630 1891
631 1894
632 1897
633 1900
634 1903
635 1906
636 1909
637 1912
638 1915
639 1918
640 1921
641 1924
642 1927
643 1930
644 1933
645 1936
646 1939
647 1942
648 1945
649 1948
650 1951
651 1954
652 1957
653 1960
654 1963
655 1966
656 1969
657 1972
658 1975
659 1978
660 1981
661 1984
662 1987
663 1990
664 1993
665 1996
666 1999
667 2002
668 2005
669 2008
670 2011
671 2014
672 2017
673 2020
674 2023
675 2026
676 2029
677 2032
678 2035
679 2038
680 2041
681 2044
682 2047
683 2050
684 2053
685 2056
686 2059
687 2062
688 2065
689 2068
690 2071
691 2074
692 2077
693 2080
694 2083
695 2086
696 2089
697 2092
698 2095
699 2098
700 2101
701 2104
702 2107
703 2110
704 2113
705 2116
706 2119
707 2122
708 2125
709 2128
710 2131
711 2134
712 2137
713 2140
714 2143
715 2146
716 2149
717 2152
718 2155
719 2158
720 2161
721 2164
722 2167
723 2170
724 2173
725 2176
726 2179
727 2182
728 2185
729 2188
730 2191
731 2194
732 2197
733 2200
734 2203
735 2206
736 2209
737 2212
738 2215
739 2218
740 2221
741 2224
742 2227
743 2230
744 2233
745 2236
746 2239
747 2242
748 2245
749 2248
750 2251
751 2254
752 2257
753 2260
754 2263
755 2266
756 2269
757 2272
758 2275
759 2278
760 2281
761 2284
762 2287
763 2290
764 2293
765 2296
766 2299
767 2302
768 2305
769 2308
770 2311
771 2314
772 2317
773 2320
774 2323
775 2326
776 2329
777 2332
778 2335
779 2338
780 2341
781 2344
782 2347
783 2350
784 2353
785 2356
786 2359
787 2362
788 2365
789 2368
790 2371
791 2374
792 2377
793 2380
794 2383
795 2386
796 2389
797 2392
798 2395
799 2398
800 2401
801 2404
802 2407
803 2410
804 2413
805 2416
806 2419
807 2422
808 2425
809 2428
810 2431
811 2434
812 2437
813 2440
814 2443
815 2446
816 2449
817 2452
818 2455
819 2458
820 2461
821 2464
822 2467
823 2470
824 2473
825 2476
826 2479
827 2482
828 2485
829 2488
830 2491
831 2494
832 2497
833 2500
834 2503
835 2506
836 2509
837 2512
838 2515
839 2518
840 2521
841 2524
842 2527
843 2530
844 2533
845 2536
846 2539
847 2542
848 2545
849 2548
850 2551
851 2554
852 2557
853 2560
854 2563
855 2566
856 2569
857 2572
858 2575
859 2578
860 2581
861 2584
862 2587
863 2590
864 2593
865 2596
866 2599
867 2602
868 2605
869 2608
870 2611
871 2614
872 2617
873 2620
874 2623
875 2626
876 2629
877 2632
878 2635
879 2638
880 2641
881 2644
882 2647
883 2650
884 2653
885 2656
886 2659
887 2662
888 2665
889 2668
890 2671
891 2674
892 2677
893 2680
894 2683
895 2686
896 2689
897 2692
898 2695
899 2698
900 2701
901 2704
902 2707
903 2710
904 2713
905 2716
906 2719
907 2722
908 2725
909 2728
910 2731
911 2734
912 2737
913 2740
914 2743
915 2746
916 2749
917 2752
918 2755
919 2758
920 2761
921 2764
922 2767
923 2770
924 2773
925 2776
926 2779
927 2782
928 2785
929 2788
930 2791
931 2794
932 2797
933 2800
934 2803
935 2806
936 2809
937 2812
938 2815
939 2818
940 2821
941 2824
942 2827
943 2830
944 2833
945 2836
946 2839
947 2842
948 2845
949 2848
950 2851
951 2854
952 2857
953 2860
954 2863
955 2866
956 2869
957 2872
958 2875
959 2878
960 2881
961 2884
962 2887
963 2890
964 2893
965 2896
966 2899
967 2902
968 2905
969 2908
970 2911
971 2914
972 2917
973 2920
974 2923
975 2926
976 2929
977 2932
978 2935
979 2938
980 2941
981 2944
982 2947
983 2950
984 2953
985 2956
986 2959
987 2962
988 2965
989 2968
990 2971
991 2974
992 2977
993 2980
994 2983
995 2986
996 2989
997 2992
998 2995
999 2998
1000 3001
