0 0
1 17
2 28
3 39
4 50
5 61
6 72
7 83
8 94
9 105
10 116
11 127
12 138
13 149
14 160
15 171
16 182
17 193
18 204
19 215
20 226
21 237
22 248
23 259
24 270
25 281
26 292
27 303
28 314
29 325
30 336
31 347
32 358
33 369
34 380
35 391
36 402
37 413
38 424
39 435
40 446
41 457
42 468
43 479
44 490
45 501
46 512
47 523
48 534
49 545
50 556
51 567
52 578
53 589
54 600
55 611
56 622
57 633
58 644
59 655
60 666
61 677
62 688
63 699
64 710
65 721
66 732
67 743
68 754
69 765
70 776
71 787
72 798
73 809
74 820
75 831
76 842
77 853
78 864
79 875
80 886
81 897
82 908
83 919
84 930
85 941
86 952
87 963
88 974
89 985
90 996
91 1007
92 1018
93 1029
94 1040
95 1051
96 1062
97 1073
98 1084
99 1095
100 1106
101 1117
102 1128
103 1139
104 1150
105 1161
106 1172
107 1183
108 1194
109 1205
110 1216
111 1227
112 1238
113 1249
114 1260
115 1271
116 1282
117 1293
118 1304
119 1315
120 1326
121 1337
122 1348
123 1359
124 1370
125 1381
126 1392
127 1403
128 1414
129 1425
130 1436
131 1447
132 1458
133 1469
134 1480
135 1491
136 1502
137 1513
138 1524
139 1535
140 1546
141 1557
142 1568
143 1579
144 1590
145 1601
146 1612
147 1623
148 1634
149 1645
150 1656
151 1667
152 1678
153 1689
154 1700
155 1711
156 1722
157 1733
158 1744
159 1755
160 1766
161 1777
162 1788
163 1799
164 1810
165 1821
166 1832
167 1843
168 1854
169 1865
170 1876
171 1887
172 1898
173 1909
174 1920
175 1931
176 1942
177 1953
178 1964
179 1975
180 1986
181 1997
182 2008
183 2019
184 2030
185 2041
186 2052
187 2063
188 2074
189 2085
190 2096
191 2107
192 2118
193 2129
194 2140
195 2151
196 2162
197 2173
198 2184
199 2195
200 2206
201 2217
202 2228
203 2239
204 2250
205 2261
206 2272
207 2283
208 2294
209 2305
210 2316
211 2327
212 2338
213 2349
214 2360
215 2371
216 2382
217 2393
218 2404
219 2415
220 2426
221 2437
222 2448
223 2459
224 2470
225 2481
226 2492
227 2503
228 2514
229 2525
230 2536
231 2547
232 2558
233 2569
234 2580
235 2591
236 2602
237 2613
238 2624
239 2635
240 2646
241 2657
242 2668
243 2679
244 2690
245 2701
246 2712
247 2723
248 2734
249 2745
250 2756
251 2767
252 2778
253 2789
254 2800
255 2811
256 2822
257 2833
258 2844
259 2855
260 2866
261 2877
262 2888
263 2899
264 2910
265 2921
266 2932
267 2943
268 2954
269 2965
270 2976
271 2987
272 2998
273 3009
274 3020
275 3031
276 3042
277 3053
278 3064
279 3075
280 3086
281 3097
282 3108
283 3119
284 3130
285 3141
286 3152
287 3163
288 3174
289 3185
290 3196
291 3207
292 3218
293 3229
294 3240
295 3251
296 3262
297 3273
298 3284
299 3295
300 3306
301 3317
302 3328
303 3339
304 3350
305 3361
306 3372
307 3383
308 3394
309 3405
310 3416
311 3427
312 3438
313 3449
314 3460
315 3471
316 3482
317 3493
318 3504
319 3515
320 3526
321 3537
322 3548
323 3559
324 3570
325 3581
326 3592
327 3603
328 3614
329 3625
330 3636
331 3647
332 3658
333 3669
334 3680
335 3691
336 3702
337 3713
338 3724
339 3735
340 3746
341 3757
342 3768
343 3779
344 3790
345 3801
346 3812
347 3823
348 3834
349 3845
350 3856
351 3867
352 3878
353 3889
354 3900
355 3911
356 3922
357 3933
358 3944
359 3955
360 3966
361 3977
362 3988
363 3999
364 4010
365 4021
366 4032
367 4043
368 4054
369 4065
370 4076
371 4087
372 4098
373 4109
374 4120
375 4131
376 4142
377 4153
378 4164
379 4175
380 4186
381 4197
382 4208
383 4219
384 4230
385 4241
386 4252
387 4263
388 4274
389 4285
390 4296
391 4307
392 4318
393 4329
394 4340
395 4351
396 4362
397 4373
398 4384
399 4395
400 4406
401 4417
402 4428
403 4439
404 4450
405 4461
406 4472
407 4483
408 4494
409 4505
410 4516
411 4527
412 4538
413 4549
414 4560
415 4571
416 4582
417 4593
418 4604
419 4615
420 4626
421 4637
422 4648
423 4659
424 4670
425 4681
426 4692
427 4703
428 4714
429 4725
430 4736
431 4747
432 4758
433 4769
434 4780
435 4791
436 4802
437 4813
438 4824
439 4835
440 4846
441 4857
442 4868
443 4879
444 4890
445 4901
446 4912
447 4923
448 4934
449 4945
450 4956
451 4967
452 4978
453 4989
454 5000
455 5011
456 5022
457 5033
458 5044
459 5055
460 5066
461 5077
462 5088
463 5099
464 5110
465 5121
466 5132
467 5143
468 5154
469 5165
470 5176
471 5187
472 5198
473 5209
474 5220
475 5231
476 5242
477 5253
478 5264
479 5275
480 5286
481 5297
482 5308
483 5319
484 5330
485 5341
486 5352
487 5363
488 5374
489 5385
490 5396
491 5407
492 5418
493 5429
494 5440
495 5451
496 5462
497 5473
498 5484
499 5495
500 5506
501 5517
502 5528
503 5539
504 5550
505 5561
506 5572
507 5583
508 5594
509 5605
510 5616
511 5627
512 5638
513 5649
514 5660
515 5671
516 5682
517 5693
518 5704
519 5715
520 5726
521 5737
522 5748
523 5759
524 5770
525 5781
526 5792
527 5803
528 5814
529 5825
530 5836
531 5847
532 5858
533 5869
534 5880
535 5891
536 5902
537 5913
538 5924
539 5935
540 5946
541 5957
542 5968
543 5979
544 5990
545 6001
546 6012
547 6023
548 6034
549 6045
550 6056
551 6067
552 6078
553 6089
554 6100
555 6111
556 6122
557 6133
558 6144
559 6155
560 6166
561 6177
562 6188
563 6199
564 6210
565 6221
566 6232
567 6243
568 6254
569 6265
570 6276
571 6287
572 6298
573 6309
574 6320
575 6331
576 6342
577 6353
578 6364
579 6375
580 6386
581 6397
582 6408
583 6419
584 6430
585 6441
586 6452
587 6463
588 6474
589 6485
590 6496
591 6507
592 6518
593 6529
594 6540
595 6551
596 6562
597 6573
598 6584
599 6595
600 6606
601 6617
602 6628
603 6639
604 6650
605 6661
606 6672
607 6683
608 6694
609 6705
610 6716
611 6727
612 6738
613 6749
614 6760
615 6771
616 6782
617 6793
618 6804
619 6815
620 6826
621 6837
622 6848
623 6859
624 6870
625 6881
626 6892
627 6903
628 6914
629 6925
630 6936
631 6947
632 6958
633 6969
634 6980
635 6991
636 7002
637 7013
638 7024
639 7035
640 7046
641 7057
642 7068
643 7079
644 7090
645 7101
646 7112
647 7123
648 7134
649 7145
650 7156
651 7167
652 7178
653 7189
654 7200
655 7211
656 7222
657 7233
658 7244
659 7255
660 7266
661 7277
662 7288
663 7299
664 7310
665 7321
666 7332
667 7343
668 7354
669 7365
670 7376
671 7387
672 7398
673 7409
674 7420
675 7431
676 7442
677 7453
678 7464
679 7475
680 7486
681 7497
682 7508
683 7519
684 7530
685 7541
686 7552
687 7563
688 7574
689 7585
690 7596
691 7607
692 7618
693 7629
694 7640
695 7651
696 7662
697 7673
698 7684
699 7695
700 7706
701 7717
702 7728
703 7739
704 7750
705 7761
706 7772
707 7783
708 7794
709 7805
710 7816
711 7827
712 7838
713 7849
714 7860
715 7871
716 7882
717 7893
718 7904
719 7915
720 7926
721 7937
722 7948
723 7959
724 7970
725 7981
726 7992
727 8003
728 8014
729 8025
730 8036
731 8047
732 8058
733 8069
734 8080
735 8091
736 8102
737 8113
738 8124
739 8135
740 8146
741 8157
742 8168
743 8179
744 8190
745 8201
746 8212
747 8223
748 8234
749 8245
750 8256
751 8267
752 8278
753 8289
754 8300
755 8311
756 8322
757 8333
758 8344
759 8355
760 8366
761 8377
762 8388
763 8399
764 8410
765 8421
766 8432
767 8443
768 8454
769 8465
770 8476
771 8487
772 8498
773 8509
774 8520
775 8531
776 8542
777 8553
778 8564
779 8575
780 8586
781 8597
782 8608
783 8619
784 8630
785 8641
786 8652
787 8663
788 8674
789 8685
790 8696
791 8707
792 8718
793 8729
794 8740
795 8751
796 8762
797 8773
798 8784
799 8795
800 8806
801 8817
802 8828
803 8839
804 8850
805 8861
806 8872
807 8883
808 8894
809 8905
810 8916
811 8927
812 8938
813 8949
814 8960
815 8971
816 8982
817 8993
818 9004
819 9015
820 9026
821 9037
822 9048
823 9059
824 9070
825 9081
826 9092
827 9103
828 9114
829 9125
830 9136
831 9147
832 9158
833 9169
834 9180
835 9191
836 9202
837 9213
838 9224
839 9235
840 9246
841 9257
842 9268
843 9279
844 9290
845 9301
846 9312
847 9323
848 9334
849 9345
850 9356
851 9367
852 9378
853 9389
854 9400
855 9411
856 9422
857 9433
858 9444
859 9455
860 9466
861 9477
862 9488
863 9499
864 9510
865 9521
866 9532
867 9543
868 9554
869 9565
870 9576
871 9587
872 9598
873 9609
874 9620
875 9631
876 9642
877 9653
878 9664
879 9675
880 9686
881 9697
882 9708
883 9719
884 9730
885 9741
886 9752
887 9763
888 9774
889 9785
890 9796
891 9807
892 9818
893 9829
894 9840
895 9851
896 9862
897 9873
898 9884
899 9895
900 9906
901 9917
902 9928
903 9939
904 9950
905 9961
906 9972
907 9983
908 9994
909 10005
910 10016
911 10027
912 10038
913 10049
914 10060
915 10071
916 10082
917 10093
918 10104
919 10115
920 10126
921 10137
922 10148
923 10159
924 10170
925 10181
926 10192
927 10203
928 10214
929 10225
930 10236
931 10247
932 10258
933 10269
934 10280
935 10291
936 10302
937 10313
938 10324
939 10335
940 10346
941 10357
942 10368
943 10379
944 10390
945 10401
946 10412
947 10423
948 10434
949 10445
950 10456
951 10467
952 10478
953 10489
954 10500
955 10511
956 10522
957 10533
958 10544
959 10555
960 10566
961 10577
962 10588
963 10599
964 10610
965 10621
966 10632
967 10643
968 10654
969 10665
970 10676
971 10687
972 10698
973 10709
974 10720
975 10731
976 10742
977 10753
978 10764
979 10775
980 10786
981 10797
982 10808
983 10819
984 10830
985 10841
986 10852
987 10863
988 10874
989 10885
990 10896
991 10907
992 10918
993 10929
994 10940
995 10951
996 10962
997 10973
998 10984
999 10995
1000 11006
