0 1
1 2
2 3
3 4
4 5
5 6
6 8
7 10
8 12
9 14
10 16
11 18
12 21
13 24
14 27
15 30
16 33
17 36
18 40
19 44
20 48
21 52
22 56
23 60
24 65
25 70
26 75
27 80
28 85
29 90
30 96
31 102
32 108
33 114
34 120
35 126
36 133
37 140
38 147
39 154
40 161
41 168
42 176
43 184
44 192
45 200
46 208
47 216
48 225
49 234
50 243
51 252
52 261
53 270
54 280
55 290
56 300
57 310
58 320
59 330
60 341
61 352
62 363
63 374
64 385
65 396
66 408
67 420
68 432
69 444
70 456
71 468
72 481
73 494
74 507
75 520
76 533
77 546
78 560
79 574
80 588
81 602
82 616
83 630
84 645
85 660
86 675
87 690
88 705
89 720
90 736
91 752
92 768
93 784
94 800
95 816
96 833
97 850
98 867
99 884
100 901
101 918
102 936
103 954
104 972
105 990
106 1008
107 1026
108 1045
109 1064
110 1083
111 1102
112 1121
113 1140
114 1160
115 1180
116 1200
117 1220
118 1240
119 1260
120 1281
121 1302
122 1323
123 1344
124 1365
125 1386
126 1408
127 1430
128 1452
129 1474
130 1496
131 1518
132 1541
133 1564
134 1587
135 1610
136 1633
137 1656
138 1680
139 1704
140 1728
141 1752
142 1776
143 1800
144 1825
145 1850
146 1875
147 1900
148 1925
149 1950
150 1976
151 2002
152 2028
153 2054
154 2080
155 2106
156 2133
157 2160
158 2187
159 2214
160 2241
161 2268
162 2296
163 2324
164 2352
165 2380
166 2408
167 2436
168 2465
169 2494
170 2523
171 2552
172 2581
173 2610
174 2640
175 2670
176 2700
177 2730
178 2760
179 2790
180 2821
181 2852
182 2883
183 2914
184 2945
185 2976
186 3008
187 3040
188 3072
189 3104
190 3136
191 3168
192 3201
193 3234
194 3267
195 3300
196 3333
197 3366
198 3400
199 3434
200 3468
201 3502
202 3536
203 3570
204 3605
205 3640
206 3675
207 3710
208 3745
209 3780
210 3816
211 3852
212 3888
213 3924
214 3960
215 3996
216 4033
217 4070
218 4107
219 4144
220 4181
221 4218
222 4256
223 4294
224 4332
225 4370
226 4408
227 4446
228 4485
229 4524
230 4563
231 4602
232 4641
233 4680
234 4720
235 4760
236 4800
237 4840
238 4880
239 4920
240 4961
241 5002
242 5043
243 5084
244 5125
245 5166
246 5208
247 5250
248 5292
249 5334
250 5376
251 5418
252 5461
253 5504
254 5547
255 5590
256 5633
257 5676
258 5720
259 5764
260 5808
261 5852
262 5896
263 5940
264 5985
265 6030
266 6075
267 6120
268 6165
269 6210
270 6256
271 6302
272 6348
273 6394
274 6440
275 6486
276 6533
277 6580
278 6627
279 6674
280 6721
281 6768
282 6816
283 6864
284 6912
285 6960
286 7008
287 7056
288 7105
289 7154
290 7203
291 7252
292 7301
293 7350
294 7400
295 7450
296 7500
297 7550
298 7600
299 7650
300 7701
301 7752
302 7803
303 7854
304 7905
305 7956
306 8008
307 8060
308 8112
309 8164
310 8216
311 8268
312 8321
313 8374
314 8427
315 8480
316 8533
317 8586
318 8640
319 8694
320 8748
321 8802
322 8856
323 8910
324 8965
325 9020
326 9075
327 9130
328 9185
329 9240
330 9296
331 9352
332 9408
333 9464
334 9520
335 9576
336 9633
337 9690
338 9747
339 9804
340 9861
341 9918
342 9976
343 10034
344 10092
345 10150
346 10208
347 10266
348 10325
349 10384
350 10443
351 10502
352 10561
353 10620
354 10680
355 10740
356 10800
357 10860
358 10920
359 10980
360 11041
361 11102
362 11163
363 11224
364 11285
365 11346
366 11408
367 11470
368 11532
369 11594
370 11656
371 11718
372 11781
373 11844
374 11907
375 11970
376 12033
377 12096
378 12160
379 12224
380 12288
381 12352
382 12416
383 12480
384 12545
385 12610
386 12675
387 12740
388 12805
389 12870
390 12936
391 13002
392 13068
393 13134
394 13200
395 13266
396 13333
397 13400
398 13467
399 13534
400 13601
401 13668
402 13736
403 13804
404 13872
405 13940
406 14008
407 14076
408 14145
409 14214
410 14283
411 14352
412 14421
413 14490
414 14560
415 14630
416 14700
417 14770
418 14840
419 14910
420 14981
421 15052
422 15123
423 15194
424 15265
425 15336
426 15408
427 15480
428 15552
429 15624
430 15696
431 15768
432 15841
433 15914
434 15987
435 16060
436 16133
437 16206
438 16280
439 16354
440 16428
441 16502
442 16576
443 16650
444 16725
445 16800
446 16875
447 16950
448 17025
449 17100
450 17176
451 17252
452 17328
453 17404
454 17480
455 17556
456 17633
457 17710
458 17787
459 17864
460 17941
461 18018
462 18096
463 18174
464 18252
465 18330
466 18408
467 18486
468 18565
469 18644
470 18723
471 18802
472 18881
473 18960
474 19040
475 19120
476 19200
477 19280
478 19360
479 19440
480 19521
481 19602
482 19683
483 19764
484 19845
485 19926
486 20008
487 20090
488 20172
489 20254
490 20336
491 20418
492 20501
493 20584
494 20667
495 20750
496 20833
497 20916
498 21000
499 21084
500 21168
501 21252
502 21336
503 21420
504 21505
505 21590
506 21675
507 21760
508 21845
509 21930
510 22016
511 22102
512 22188
513 22274
514 22360
515 22446
516 22533
517 22620
518 22707
519 22794
520 22881
521 22968
522 23056
523 23144
524 23232
525 23320
526 23408
527 23496
528 23585
529 23674
530 23763
531 23852
532 23941
533 24030
534 24120
535 24210
536 24300
537 24390
538 24480
539 24570
540 24661
541 24752
542 24843
543 24934
544 25025
545 25116
546 25208
547 25300
548 25392
549 25484
550 25576
551 25668
552 25761
553 25854
554 25947
555 26040
556 26133
557 26226
558 26320
559 26414
560 26508
561 26602
562 26696
563 26790
564 26885
565 26980
566 27075
567 27170
568 27265
569 27360
570 27456
571 27552
572 27648
573 27744
574 27840
575 27936
576 28033
577 28130
578 28227
579 28324
580 28421
581 28518
582 28616
583 28714
584 28812
585 28910
586 29008
587 29106
588 29205
589 29304
590 29403
591 29502
592 29601
593 29700
594 29800
595 29900
596 30000
597 30100
598 30200
599 30300
600 30401
601 30502
602 30603
603 30704
604 30805
605 30906
606 31008
607 31110
608 31212
609 31314
610 31416
611 31518
612 31621
613 31724
614 31827
615 31930
616 32033
617 32136
618 32240
619 32344
620 32448
621 32552
622 32656
623 32760
624 32865
625 32970
626 33075
627 33180
628 33285
629 33390
630 33496
631 33602
632 33708
633 33814
634 33920
635 34026
636 34133
637 34240
638 34347
639 34454
640 34561
641 34668
642 34776
643 34884
644 34992
645 35100
646 35208
647 35316
648 35425
649 35534
650 35643
651 35752
652 35861
653 35970
654 36080
655 36190
656 36300
657 36410
658 36520
659 36630
660 36741
661 36852
662 36963
663 37074
664 37185
665 37296
666 37408
667 37520
668 37632
669 37744
670 37856
671 37968
672 38081
673 38194
674 38307
675 38420
676 38533
677 38646
678 38760
679 38874
680 38988
681 39102
682 39216
683 39330
684 39445
685 39560
686 39675
687 39790
688 39905
689 40020
690 40136
691 40252
692 40368
693 40484
694 40600
695 40716
696 40833
697 40950
698 41067
699 41184
700 41301
701 41418
702 41536
703 41654
704 41772
705 41890
706 42008
707 42126
708 42245
709 42364
710 42483
711 42602
712 42721
713 42840
714 42960
715 43080
716 43200
717 43320
718 43440
719 43560
720 43681
721 43802
722 43923
723 44044
724 44165
725 44286
726 44408
727 44530
728 44652
729 44774
730 44896
731 45018
732 45141
733 45264
734 45387
735 45510
736 45633
737 45756
738 45880
739 46004
740 46128
741 46252
742 46376
743 46500
744 46625
745 46750
746 46875
747 47000
748 47125
749 47250
750 47376
751 47502
752 47628
753 47754
754 47880
755 48006
756 48133
757 48260
758 48387
759 48514
760 48641
761 48768
762 48896
763 49024
764 49152
765 49280
766 49408
767 49536
768 49665
769 49794
770 49923
771 50052
772 50181
773 50310
774 50440
775 50570
776 50700
777 50830
778 50960
779 51090
780 51221
781 51352
782 51483
783 51614
784 51745
785 51876
786 52008
787 52140
788 52272
789 52404
790 52536
791 52668
792 52801
793 52934
794 53067
795 53200
796 53333
797 53466
798 53600
799 53734
800 53868
801 54002
802 54136
803 54270
804 54405
805 54540
806 54675
807 54810
808 54945
809 55080
810 55216
811 55352
812 55488
813 55624
814 55760
815 55896
816 56033
817 56170
818 56307
819 56444
820 56581
821 56718
822 56856
823 56994
824 57132
825 57270
826 57408
827 57546
828 57685
829 57824
830 57963
831 58102
832 58241
833 58380
834 58520
835 58660
836 58800
837 58940
838 59080
839 59220
840 59361
841 59502
842 59643
843 59784
844 59925
845 60066
846 60208
847 60350
848 60492
849 60634
850 60776
851 60918
852 61061
853 61204
854 61347
855 61490
856 61633
857 61776
858 61920
859 62064
860 62208
861 62352
862 62496
863 62640
864 62785
865 62930
866 63075
867 63220
868 63365
869 63510
870 63656
871 63802
872 63948
873 64094
874 64240
875 64386
876 64533
877 64680
878 64827
879 64974
880 65121
881 65268
882 65416
883 65564
884 65712
885 65860
886 66008
887 66156
888 66305
889 66454
890 66603
891 66752
892 66901
893 67050
894 67200
895 67350
896 67500
897 67650
898 67800
899 67950
900 68101
901 68252
902 68403
903 68554
904 68705
905 68856
906 69008
907 69160
908 69312
909 69464
910 69616
911 69768
912 69921
913 70074
914 70227
915 70380
916 70533
917 70686
918 70840
919 70994
920 71148
921 71302
922 71456
923 71610
924 71765
925 71920
926 72075
927 72230
928 72385
929 72540
930 72696
931 72852
932 73008
933 73164
934 73320
935 73476
936 73633
937 73790
938 73947
939 74104
940 74261
941 74418
942 74576
943 74734
944 74892
945 75050
946 75208
947 75366
948 75525
949 75684
950 75843
951 76002
952 76161
953 76320
954 76480
955 76640
956 76800
957 76960
958 77120
959 77280
960 77441
961 77602
962 77763
963 77924
964 78085
965 78246
966 78408
967 78570
968 78732
969 78894
970 79056
971 79218
972 79381
973 79544
974 79707
975 79870
976 80033
977 80196
978 80360
979 80524
980 80688
981 80852
982 81016
983 81180
984 81345
985 81510
986 81675
987 81840
988 82005
989 82170
990 82336
991 82502
992 82668
993 82834
994 83000
995 83166
996 83333
997 83500
998 83667
999 83834
1000 84001
