0 1
1 2
2 2
3 3
4 3
5 4
6 5
7 6
8 7
9 9
10 11
11 13
12 16
13 19
14 23
15 28
16 33
17 39
18 47
19 55
20 65
21 77
22 90
23 105
24 123
25 143
26 166
27 193
28 223
29 257
30 297
31 341
32 391
33 449
34 513
35 586
36 669
37 761
38 865
39 983
40 1114
41 1261
42 1427
43 1611
44 1817
45 2049
46 2305
47 2591
48 2911
49 3265
50 3659
51 4098
52 4583
53 5121
54 5719
55 6379
56 7109
57 7918
58 8809
59 9793
60 10881
61 12077
62 13395
63 14849
64 16445
65 18201
66 20133
67 22251
68 24577
69 27131
70 29928
71 32993
72 36353
73 40027
74 44047
75 48447
76 53251
77 58500
78 64235
79 70489
80 77313
81 84757
82 92865
83 101699
84 111323
85 121793
86 133185
87 145579
88 159047
89 173683
90 189587
91 206849
92 225586
93 245921
94 267969
95 291875
96 317789
97 345857
98 376257
99 409175
100 444794
101 483331
102 525017
103 570079
104 618785
105 671419
106 728261
107 789641
108 855907
109 927407
110 1004545
111 1087745
112 1177439
113 1274119
114 1378305
115 1490529
116 1611389
117 1741522
118 1881579
119 2032291
120 2194433
121 2368801
122 2556285
123 2757827
124 2974401
125 3207087
126 3457028
127 3725411
128 4013545
129 4322817
130 4654671
131 5010689
132 5392551
133 5802009
134 6240975
135 6711481
136 7215645
137 7755777
138 8334327
139 8953857
140 9617151
141 10327157
142 11086969
143 11899935
144 12769603
145 13699700
146 14694245
147 15757503
148 16893953
149 18108419
150 19406017
151 20792121
152 22272513
153 23853319
154 25540983
155 27342422
156 29264961
157 31316315
158 33504747
159 35839009
160 38328321
161 40982541
162 43812111
163 46828033
164 50042057
165 53466625
166 57114845
167 61000705
168 65139009
169 69545359
170 74236385
171 79229677
172 84543783
173 90198447
174 96214551
175 102614115
176 109420550
177 116658617
178 124354423
179 132535703
180 141231781
181 150473569
182 160293889
183 170727425
184 181810745
185 193582643
186 206084097
187 219358316
188 233451099
189 248410817
190 264288463
191 281138049
192 299016609
193 317984257
194 338104631
195 359444905
196 382075869
197 406072423
198 431513603
199 458482689
200 487067747
201 517361671
202 549462337
203 583473185
204 619503297
205 657667585
206 698087425
207 740890787
208 786212447
209 834194701
210 884987530
211 938748853
212 995645337
213 1055852591
214 1119555489
215 1186949057
216 1258238721
217 1333640711
218 1413383027
219 1497705769
220 1586861607
221 1681116853
222 1780751884
223 1886061685
224 1997357057
225 2114965121
226 2239229961
227 2370513987
228 2509198529
229 2655684609
230 2810394455
231 2973772213
232 3146284871
233 3328423937
234 3520706305
235 3723675327
236 3937902689
237 4163989459
238 4402567325
239 4654300707
240 4919887993
241 5200062977
242 5495597249
243 5807301633
244 6136027875
245 6482671323
246 6848172605
247 7233519620
248 7639750523
249 8067955713
250 8519280129
251 8994926603
252 9496158209
253 10024300891
254 10580747265
255 11166959339
256 11784471549
257 12434895065
258 13119920929
259 13841323583
260 14600965706
261 15400801857
262 16242882561
263 17129359745
264 18062490975
265 19044644147
266 20078303621
267 21166075137
268 22310691193
269 23515017985
270 24782061071
271 26114971541
272 27517053883
273 28991772487
274 30542758739
275 32173819905
276 33888946601
277 35692320961
278 37588326643
279 39581557441
280 41676826625
281 43879178241
282 46193897033
283 48626519095
284 51182844673
285 53868949523
286 56691197085
287 59656252988
288 62771098025
289 66043042089
290 69479740555
291 73089209121
292 76879839745
293 80860419137
294 85040145751
295 89428647941
296 94036004869
297 98872765939
298 103949971457
299 109279176299
300 114872472065
301 120742510608
302 126902530817
303 133366383849
304 140148559931
305 147264218619
306 154729217537
307 162560142891
308 170774343643
309 179389964243
310 188425979305
311 197902232213
312 207839472391
313 218259394657
314 229184682871
315 240639052287
316 252647294209
317 265235325353
318 278430235905
319 292260340225
320 306755232575
321 321945841665
322 337864488193
323 354544947723
324 372022512609
325 390334057173
326 409518108691
327 429614917633
328 450666531451
329 472716874733
330 495811828760
331 519999315041
332 545329385793
333 571854313991
334 599628687919
335 628709513217
336 659156314789
337 691031243771
338 724399192577
339 759327910201
340 795888123111
341 834153664941
342 874201606891
343 916112394271
344 959969992705
345 1005862035462
346 1053879977633
347 1104119260919
348 1156679479971
349 1211664556455
350 1269182924649
351 1329347719191
352 1392276971521
353 1458093818817
354 1526926715869
355 1598909656579
356 1674182409149
357 1752890755073
358 1835186738753
359 1921228932217
360 2011182704479
361 2105220502773
362 2203522150411
363 2306275150211
364 2413675001279
365 2525925533947
366 2643239251489
367 2765837686785
368 2893951778823
369 3027822257409
370 3167700044481
371 3313846677249
372 3466534741119
373 3626048321049
374 3792683476993
375 3966748730795
376 4148565573660
377 4338469000207
378 4536808055809
379 4743946406977
380 4960262940969
381 5186152380865
382 5422025926437
383 5668311927093
384 5925456572865
385 6193924614095
386 6474200116481
387 6766787237065
388 7072211032065
389 7391018303855
390 7723778471937
391 8071084479445
392 8433553742948
393 8811829129615
394 9206579974151
395 9618503143425
396 10048324132445
397 10496798204737
398 10964711585281
399 11452882689345
400 11962163400707
401 12493440408001
402 13047636581999
403 13625712407809
404 14228667481439
405 14857542052795
406 15513418629885
407 16197423654283
408 16910729229129
409 17654554915431
410 18430169607105
411 19238893465517
412 20082099930209
413 20961217816577
414 21877733480961
415 22833193070489
416 23829204869149
417 24867441720079
418 25949643542057
419 27077619952641
420 28253252977153
421 29478499862529
422 30755396009353
423 32086058000385
424 33472686745955
425 34917570760098
426 36423089545255
427 37991717107137
428 39626025614147
429 41328689179001
430 43102487785007
431 44950311372461
432 46875164062335
433 48880168540673
434 50968570620481
435 53143743957461
436 55409194944513
437 57768567802881
438 60225649845547
439 62784376939521
440 65448839185793
441 68223286792201
442 71112136167458
443 74119976256081
444 77251575089319
445 80511886581729
446 83906057594565
447 87439435240799
448 91117574462855
449 94946245905985
450 98931444061529
451 103079395713071
452 107396568710145
453 111889681043073
454 116565710254337
455 121431903212545
456 126495786222433
457 131765175508649
458 137248188100783
459 142953253093377
460 148889123320641
461 155064887475477
462 161489982646593
463 168174207315551
464 175127734845953
465 182361127438195
466 189885350594525
467 197711788129025
468 205852257695745
469 214319026883035
470 223124829910885
471 232282884904961
472 241806911798587
473 251711150901903
474 262010382112697
475 272719944823233
476 283855758565431
477 295434344369604
478 307472846894369
479 319989057373739
480 333001437357057
481 346529143303469
482 360592052080641
483 375210787343947
484 390406746862531
485 406202130845497
486 422619971245765
487 439684162112803
488 457419491051265
489 475851671764999
490 495007377762305
491 514914277284173
492 535601069436939
493 557097521610171
494 579434508247041
495 602644050950310
496 626759360010789
497 651814877431177
498 677846321430327
499 704890732521793
500 732986521245025
501 762173517537345
502 792493021847639
503 823987858076151
504 856702428332359
505 890682769618945
506 925976612533601
507 962633441984513
508 1000704560035329
509 1040243150979585
510 1081304348644371
511 1123945306048161
512 1168225267521351
513 1214205643293833
514 1261950086684683
515 1311524574011393
516 1362997487228741
517 1416439699443143
518 1471924663429483
519 1529528503167447
520 1589330108554313
521 1651411233432321
522 1715856596955137
523 1782753988462275
524 1852194376012287
525 1924272018606887
526 1999084582288681
527 2076733260276737
528 2157322897180673
529 2240962117491471
530 2327763458527115
531 2417843507884237
532 2511323045610352
533 2608327191289921
534 2708985556107625
535 2813432400120491
536 2921806794949601
537 3034252791967795
538 3150919596233665
539 3271961746402049
540 3397539300701249
541 3527818029248525
542 3662969612954799
543 3803171849124235
544 3948608864043777
545 4099471332835561
546 4255956706695933
547 4418269447841281
548 4586621272457657
549 4761231401798355
550 4942326821776385
551 5130142551375962
552 5324921920049403
553 5526916854475457
554 5736388175033295
555 5953605902182497
556 6178849573157633
557 6412408569364173
558 6654582454692417
559 6905681325194187
560 7166026170543675
561 7435949247529301
562 7715794466060289
563 8005917788147075
564 8306687640136411
565 8618485338726401
566 8941705531262977
567 9276756650635609
568 9624061385342751
569 9984057165275481
570 10357196663576907
571 10743948315198453
572 11144796852752067
573 11560243860059905
574 11990808344078337
575 12437027325849665
576 12899456450932841
577 13378670620050081
578 13875264640662319
579 14389853899979969
580 14923075060210663
581 15475586776823053
582 16048070440393281
583 16641230942906537
584 17255797469365505
585 17892524315337729
586 18552191731392521
587 19235606795358221
588 19943604313103649
589 20677047748880385
590 21436830186242064
591 22223875320324629
592 23039138482617537
593 23883607699335169
594 24758304784261245
595 25664286467296971
596 26602645559925189
597 27574512158560257
598 28581054887124233
599 29623482180174913
600 30703043607660731
601 31821031242764411
602 32978781074283859
603 34177674464740865
604 35419139655812609
605 36704653322667585
606 38035742178524765
607 39413984631175425
608 40841012493194683
609 42318512747302913
610 43848229368772906
611 45431965206770145
612 47071583926240449
613 48769012012411667
614 50526240839972435
615 52345328808710101
616 54228403547862277
617 56177664191435969
618 58195383726460417
619 60283911416633537
620 62445675303823361
621 64683184789593505
622 66999033299436019
623 69395901032399361
624 71876557798503425
625 74443865946867657
626 77100783387488399
627 79850366709300781
628 82695774397715675
629 85640270154839881
630 88687226325279895
631 91840127431009793
632 95102573818807521
633 98478285423449691
634 101971105650462731
635 105585005382256255
636 109324087111147521
637 113192589203419859
638 117194890298591727
639 121335513847754771
640 125619132795498491
641 130050574409982721
642 134634825265397249
643 139377036381734913
644 144282528526859521
645 149356797685522945
646 154605520700705121
647 160034561092715413
648 165649975061163337
649 171458017675660737
650 177465149261191115
651 183678041983751326
652 190103586642659099
653 196748899676004249
654 203621330385392609
655 210728468386953977
656 218078151295684609
657 225678472649866305
658 233537790083162881
659 241664733752111551
660 250068215026397201
661 258757435450198017
662 267741895983024279
663 277031406528143071
664 286636095757627719
665 296566421243219585
666 306833179901865985
667 317447518765789465
668 328420946087110307
669 339765342786728359
670 351492974258206913
671 363616502537591541
672 376148998849787578
673 389103956543205485
674 402495304424600521
675 416337420505729281
676 430645146174587073
677 445433800804233383
678 460719196811917167
679 476517655182415361
680 492846021469767169
681 509721682291305441
682 527162582329148599
683 545187241854615563
684 563814774790762407
685 583064907329563393
686 602957997120594433
687 623515053047830241
688 644757755612557335
689 666708477940781057
690 689390307433275251
691 712827068077888961
692 737043343444141825
693 762064500379931335
694 787916713431721747
695 814626990010044185
696 842223196321956865
697 870734084093744243
698 900189318107640609
699 930619504576216577
700 962056220379782045
701 994532043192721631
702 1028080582524565921
703 1062736511703408641
704 1098535600829904961
705 1135514750730008499
706 1173712027936514173
707 1213166700730163201
708 1253919276271030015
709 1296011538852931585
710 1339486589314355091
711 1384388885639414581
712 1430764284784482305
713 1478660085766970049
714 1528125074052808587
715 1579209567281427500
716 1631965462367952769
717 1686446284022472879
718 1742707234728607233
719 1800805246224619947
720 1860799032530519873
721 1922749144567113037
722 1986718026414081537
723 2052770073254433793
724 2120971691055349927
725 2191391358036657967
726 2264099687978533121
727 2339169495422851819
728 2416675862823958501
729 2496696209705056143
730 2579310363879439353
731 2664600634797244429
732 2752651889078946331
733 2843551628300021781
734 2937390069092795785
735 3034260225632153601
736 3134257994575189125
737 3237482242526609436
738 3344034896102501495
739 3454021034668672127
740 3567548985831680615
741 3684730423761609197
742 3805680470429448897
743 3930517799844061185
744 4059364745374757401
745 4192347410249609127
746 4329595781321881861
747 4471243846198231223
748 4617429713826630849
749 4768295738644494631
750 4923988648388880385
751 5084659675675275561
752 5250464693454186559
753 5421564354456374561
754 5598124234742500051
755 5780314981475902399
756 5968312465039083521
757 6162297935619707411
758 6362458184395157505
759 6568985709446779999
760 6782078886540527873
761 7001942144914244609
762 7228786148214174519
763 7462827980729244055
764 7704291339075503681
765 7953406729485749761
766 8210411670865707653
767 8475550903782345985
768 8749076605552831011
769 9031248611609428979
770 9322334643320220727
771 9622610542448775693
772 9932360512443196569
773 10251877366749901979
774 10581462784351175489
775 10921427572733267969
776 11272091938497237401
777 11633785765828776961
778 12006848903051575297
779 12391631457494629929
780 12788494098908438541
781 13197808371673868289
782 13619957016053893960
783 14055334298743378467
784 14504346352981572617
785 14967411528498953761
786 15444960751575533889
787 15937437895497941057
788 16445300161710121119
789 16969018471958594189
790 17509077871744090113
791 18065977945399587373
792 18640233243121488515
793 19232373720292328569
794 19842945189442326529
795 20472509785204469271
796 21121646442630320389
797 21790951389243426817
798 22481038651215306113
799 23192540574062407001
800 23926108358272941057
801 24682412610281394567
802 25462143909222909775
803 26266013389911124611
804 27094753342492844033
805 27949117829248335652
806 28829883319018418201
807 29737849339750236889
808 30673839149670160385
809 31638700427605669255
810 32633305982989846611
811 33658554486099838721
812 34715371219095227291
813 35804708848435100161
814 36927548219271677273
815 38084899172434148233
816 39277801384630429509
817 40507325232515026319
818 41774572681288312389
819 43080678198507903009
820 44426809693814783643
821 45814169485295430241
822 47243995293217932481
823 48717561261903748023
824 50236179010516854719
825 51801198713570368743
826 53414010211976077761
827 55076044155484162049
828 56788773177380333569
829 58553713102334907285
830 60372424188321958721
831 62246512403548480781
832 64177630739362781185
833 66167480560136966223
834 68217812991142070081
835 70330430345465913383
836 72507187591051510981
837 74749993858959671643
838 77060813993993324887
839 79441670148851154113
840 81894643423006213371
841 84421875547541659361
842 87025570617208259449
843 89707996870998899651
844 92471488522574534657
845 95318447641911228417
846 98251346089571174529
847 101272727505042773237
848 104385209350632943303
849 107591485012430987265
850 110894325959908708353
851 114296583965762716161
852 117801193387644125200
853 121411173513469673537
854 125129630972052918073
855 128959762210836804067
856 132904856042561450241
857 136968296262749272065
858 141153564339935858167
859 145464242180631569965
860 149904014971051051907
861 154476674097698088757
862 159186120148954115073
863 164036365999875151521
864 169031539982456470529
865 174175889143689803073
866 179473782593798967773
867 184929714947098946239
868 190548309857993940321
869 196334323654695984199
870 202292649073309805057
871 208428319095005537793
872 214746510889072288891
873 221252549864715044865
874 227951913834539154113
875 234850237292743767415
876 241953315811120943690
877 249267110556045123601
878 256797752929721054145
879 264551549339039858719
880 272534986095487680227
881 280754734449641432205
882 289217655763874584719
883 297930806826997905475
884 306901445314657443887
885 316137035399407747393
886 325645253514488126845
887 335433994275434973761
888 345511376563766727651
889 355885749777096359937
890 366565700250139849985
891 377560057851201255425
892 388877902758842327113
893 400528572423567315091
894 412521668719474946049
895 424867065290966672075
896 437574915099732795393
897 450655658177369330931
898 464120029589126114345
899 477979067614429745663
900 492244122149966911171
901 506926863341272619401
902 522039290448922361711
903 537593740955580698211
904 553602899920329986497
905 570079809586869714241
906 587037879252342841893
907 604490895403729929377
908 622453032128931789313
909 640938861809840788775
910 659963366104899437839
911 679541947228839136973
912 699690439537485806529
913 720425121425732873729
914 741762727546991701363
915 763720461362638982519
916 786316008030210794557
917 809567547639319166145
918 833493768804493257345
919 858113882624395098113
920 883447637017103810561
921 909515331441406613045
922 936337832014301763251
923 963936587035181776119
924 992333642927429160961
925 1021551660608444235570
926 1051613932299408446201
927 1082544398786371565569
928 1114367667144560473279
929 1147109028938113381601
930 1180794478907750962945
931 1215450734159228878081
932 1251105253865746348959
933 1287786259497817415735
934 1325522755594470078525
935 1364344551089994484951
936 1404282281210819616485
937 1445367429957483933185
938 1487632353187049193473
939 1531110302311693280553
940 1575835448629633392353
941 1621842908304944646197
942 1669168768013256249345
943 1717850111270754672833
944 1767925045464369189889
945 1819432729601465049153
946 1872413402797851023361
947 1926908413523388672001
948 1982960249624975888833
949 2040612569147195553351
950 2099910231971438004434
951 2160899332294829327201
952 2223627231970855235621
953 2288142594734128375809
954 2354495421332311095577
955 2422737085588806034051
956 2492920371420428137985
957 2565099510834879982921
958 2639330222933498316203
959 2715669753945387483555
960 2794176918319711061375
961 2874912140903608250625
962 2957937500233899330305
963 3043316772971451122765
964 3131115479507821559041
965 3221400930774553942017
966 3314242276286253036965
967 3409710553449380120291
968 3507878738169513461129
969 3608821796790641279425
970 3712616739400920349721
971 3819342674540204977857
972 3929080865345535132929
973 4041914787171704356883
974 4157930186724966539285
975 4277215142748892965177
976 4399860128302393541591
977 4525958074670926499073
978 4655604436952946600399
979 4788897261364720340171
980 4925937254307724324353
981 5066827853243947716353
982 5211675299425579704385
983 5360588712526733770911
984 5513680167226050146305
985 5671064771790265593857
986 5832860748710099869701
987 5999189517441089061375
988 6170175779303338018817
989 6345947604595520352921
990 6526636521979833420403
991 6712377610196059013121
992 6903309592164339957405
993 7099574931537767204251
994 7301319931767424124435
995 7508694837744105125889
996 7721853940082523419681
997 7940955682115491800175
998 8166162769667249899265
999 8397642283676830881827
1000 8635565795744155161507
