0 0
1 6
2 11
3 16
4 21
5 26
6 31
7 36
8 41
9 46
10 51
11 56
12 61
13 66
14 71
15 76
16 81
17 86
18 91
19 96
20 101
21 106
22 111
23 116
24 121
25 126
26 131
27 136
28 141
29 146
30 151
31 156
32 161
33 166
34 171
35 176
36 181
37 186
38 191
39 196
40 201
41 206
42 211
43 216
44 221
45 226
46 231
47 236
48 241
49 246
50 251
51 256
52 261
53 266
54 271
55 276
56 281
57 286
58 291
59 296
60 301
61 306
62 311
63 316
64 321
65 326
66 331
67 336
68 341
69 346
70 351
71 356
72 361
73 366
74 371
75 376
76 381
77 386
78 391
79 396
80 401
81 406
82 411
83 416
84 421
85 426
86 431
87 436
88 441
89 446
90 451
91 456
92 461
93 466
94 471
95 476
96 481
97 486
98 491
99 496
100 501
101 506
102 511
103 516
104 521
105 526
106 531
107 536
108 541
109 546
110 551
111 556
112 561
113 566
114 571
115 576
116 581
117 586
118 591
119 596
120 601
121 606
122 611
123 616
124 621
125 626
126 631
127 636
128 641
129 646
130 651
131 656
132 661
133 666
134 671
135 676
136 681
137 686
138 691
139 696
140 701
141 706
142 711
143 716
144 721
145 726
146 731
147 736
148 741
149 746
150 751
151 756
152 761
153 766
154 771
155 776
156 781
157 786
158 791
159 796
160 801
161 806
162 811
163 816
164 821
165 826
166 831
167 836
168 841
169 846
170 851
171 856
172 861
173 866
174 871
175 876
176 881
177 886
178 891
179 896
180 901
181 906
182 911
183 916
184 921
185 926
186 931
187 936
188 941
189 946
190 951
191 956
192 961
193 966
194 971
195 976
196 981
197 986
198 991
199 996
200 1001
201 1006
202 1011
203 1016
204 1021
205 1026
206 1031
207 1036
208 1041
209 1046
210 1051
211 1056
212 1061
213 1066
214 1071
215 1076
216 1081
217 1086
218 1091
219 1096
220 1101
221 1106
222 1111
223 1116
224 1121
225 1126
226 1131
227 1136
228 1141
229 1146
230 1151
231 1156
232 1161
233 1166
234 1171
235 1176
236 1181
237 1186
238 1191
239 1196
240 1201
241 1206
242 1211
243 1216
244 1221
245 1226
246 1231
247 1236
248 1241
249 1246
250 1251
251 1256
252 1261
253 1266
254 1271
255 1276
256 1281
257 1286
258 1291
259 1296
260 1301
261 1306
262 1311
263 1316
264 1321
265 1326
266 1331
267 1336
268 1341
269 1346
270 1351
271 1356
272 1361
273 1366
274 1371
275 1376
276 1381
277 1386
278 1391
279 1396
280 1401
281 1406
282 1411
283 1416
284 1421
285 1426
286 1431
287 1436
288 1441
289 1446
290 1451
291 1456
292 1461
293 1466
294 1471
295 1476
296 1481
297 1486
298 1491
299 1496
300 1501
301 1506
302 1511
303 1516
304 1521
305 1526
306 1531
307 1536
308 1541
309 1546
310 1551
311 1556
312 1561
313 1566
314 1571
315 1576
316 1581
317 1586
318 1591
319 1596
320 1601
321 1606
322 1611
323 1616
324 1621
325 1626
326 1631
327 1636
328 1641
329 1646
330 1651
331 1656
332 1661
333 1666
334 1671
335 1676
336 1681
337 1686
338 1691
339 1696
340 1701
341 1706
342 1711
343 1716
344 1721
345 1726
346 1731
347 1736
348 1741
349 1746
350 1751
351 1756
352 1761
353 1766
354 1771
355 1776
356 1781
357 1786
358 1791
359 1796
360 1801
361 1806
362 1811
363 1816
364 1821
365 1826
366 1831
367 1836
368 1841
369 1846
370 1851
371 1856
372 1861
373 1866
374 1871
375 1876
376 1881
377 1886
378 1891
379 1896
380 1901
381 1906
382 1911
383 1916
384 1921
385 1926
386 1931
387 1936
388 1941
389 1946
390 1951
391 1956
392 1961
393 1966
394 1971
395 1976
396 1981
397 1986
398 1991
399 1996
400 2001
401 2006
402 2011
403 2016
404 2021
405 2026
406 2031
407 2036
408 2041
409 2046
410 2051
411 2056
412 2061
413 2066
414 2071
415 2076
416 2081
417 2086
418 2091
419 2096
420 2101
421 2106
422 2111
423 2116
424 2121
425 2126
426 2131
427 2136
428 2141
429 2146
430 2151
431 2156
432 2161
433 2166
434 2171
435 2176
436 2181
437 2186
438 2191
439 2196
440 2201
441 2206
442 2211
443 2216
444 2221
445 2226
446 2231
447 2236
448 2241
449 2246
450 2251
451 2256
452 2261
453 2266
454 2271
455 2276
456 2281
457 2286
458 2291
459 2296
460 2301
461 2306
462 2311
463 2316
464 2321
465 2326
466 2331
467 2336
468 2341
469 2346
470 2351
471 2356
472 2361
473 2366
474 2371
475 2376
476 2381
477 2386
478 2391
479 2396
480 2401
481 2406
482 2411
483 2416
484 2421
485 2426
486 2431
487 2436
488 2441
489 2446
490 2451
491 2456
492 2461
493 2466
494 2471
495 2476
496 2481
497 2486
498 2491
499 2496
500 2501
501 2506
502 2511
503 2516
504 2521
505 2526
506 2531
507 2536
508 2541
509 2546
510 2551
511 2556
512 2561
513 2566
514 2571
515 2576
516 2581
517 2586
518 2591
519 2596
520 2601
521 2606
522 2611
523 2616
524 2621
525 2626
526 2631
527 2636
528 2641
529 2646
530 2651
531 2656
532 2661
533 2666
534 2671
535 2676
536 2681
537 2686
538 2691
539 2696
540 2701
541 2706
542 2711
543 2716
544 2721
545 2726
546 2731
547 2736
548 2741
549 2746
550 2751
551 2756
552 2761
553 2766
554 2771
555 2776
556 2781
557 2786
558 2791
559 2796
560 2801
561 2806
562 2811
563 2816
564 2821
565 2826
566 2831
567 2836
568 2841
569 2846
570 2851
571 2856
572 2861
573 2866
574 2871
575 2876
576 2881
577 2886
578 2891
579 2896
580 2901
581 2906
582 2911
583 2916
584 2921
585 2926
586 2931
587 2936
588 2941
589 2946
590 2951
591 2956
592 2961
593 2966
594 2971
595 2976
596 2981
597 2986
598 2991
599 2996
600 3001
601 3006
602 3011
603 3016
604 3021
605 3026
606 3031
607 3036
608 3041
609 3046
610 3051
611 3056
612 3061
613 3066
614 3071
615 3076
616 3081
617 3086
618 3091
619 3096
620 3101
621 3106
622 3111
623 3116
624 3121
625 3126
626 3131
627 3136
628 3141
629 3146
630 3151
631 3156
632 3161
633 3166
634 3171
635 3176
636 3181
637 3186
638 3191
639 3196
640 3201
641 3206
642 3211
643 3216
644 3221
645 3226
646 3231
647 3236
648 3241
649 3246
650 3251
651 3256
652 3261
653 3266
654 3271
655 3276
656 3281
657 3286
658 3291
659 3296
660 3301
661 3306
662 3311
663 3316
664 3321
665 3326
666 3331
667 3336
668 3341
669 3346
670 3351
671 3356
672 3361
673 3366
674 3371
675 3376
676 3381
677 3386
678 3391
679 3396
680 3401
681 3406
682 3411
683 3416
684 3421
685 3426
686 3431
687 3436
688 3441
689 3446
690 3451
691 3456
692 3461
693 3466
694 3471
695 3476
696 3481
697 3486
698 3491
699 3496
700 3501
701 3506
702 3511
703 3516
704 3521
705 3526
706 3531
707 3536
708 3541
709 3546
710 3551
711 3556
712 3561
713 3566
714 3571
715 3576
716 3581
717 3586
718 3591
719 3596
720 3601
721 3606
722 3611
723 3616
724 3621
725 3626
726 3631
727 3636
728 3641
729 3646
730 3651
731 3656
732 3661
733 3666
734 3671
735 3676
736 3681
737 3686
738 3691
739 3696
740 3701
741 3706
742 3711
743 3716
744 3721
745 3726
746 3731
747 3736
748 3741
749 3746
750 3751
751 3756
752 3761
753 3766
754 3771
755 3776
756 3781
757 3786
758 3791
759 3796
760 3801
761 3806
762 3811
763 3816
764 3821
765 3826
766 3831
767 3836
768 3841
769 3846
770 3851
771 3856
772 3861
773 3866
774 3871
775 3876
776 3881
777 3886
778 3891
779 3896
780 3901
781 3906
782 3911
783 3916
784 3921
785 3926
786 3931
787 3936
788 3941
789 3946
790 3951
791 3956
792 3961
793 3966
794 3971
795 3976
796 3981
797 3986
798 3991
799 3996
800 4001
801 4006
802 4011
803 4016
804 4021
805 4026
806 4031
807 4036
808 4041
809 4046
810 4051
811 4056
812 4061
813 4066
814 4071
815 4076
816 4081
817 4086
818 4091
819 4096
820 4101
821 4106
822 4111
823 4116
824 4121
825 4126
826 4131
827 4136
828 4141
829 4146
830 4151
831 4156
832 4161
833 4166
834 4171
835 4176
836 4181
837 4186
838 4191
839 4196
840 4201
841 4206
842 4211
843 4216
844 4221
845 4226
846 4231
847 4236
848 4241
849 4246
850 4251
851 4256
852 4261
853 4266
854 4271
855 4276
856 4281
857 4286
858 4291
859 4296
860 4301
861 4306
862 4311
863 4316
864 4321
865 4326
866 4331
867 4336
868 4341
869 4346
870 4351
871 4356
872 4361
873 4366
874 4371
875 4376
876 4381
877 4386
878 4391
879 4396
880 4401
881 4406
882 4411
883 4416
884 4421
885 4426
886 4431
887 4436
888 4441
889 4446
890 4451
891 4456
892 4461
893 4466
894 4471
895 4476
896 4481
897 4486
898 4491
899 4496
900 4501
901 4506
902 4511
903 4516
904 4521
905 4526
906 4531
907 4536
908 4541
909 4546
910 4551
911 4556
912 4561
913 4566
914 4571
915 4576
916 4581
917 4586
918 4591
919 4596
920 4601
921 4606
922 4611
923 4616
924 4621
925 4626
926 4631
927 4636
928 4641
929 4646
930 4651
931 4656
932 4661
933 4666
934 4671
935 4676
936 4681
937 4686
938 4691
939 4696
940 4701
941 4706
942 4711
943 4716
944 4721
945 4726
946 4731
947 4736
948 4741
949 4746
950 4751
951 4756
952 4761
953 4766
954 4771
955 4776
956 4781
957 4786
958 4791
959 4796
960 4801
961 4806
962 4811
963 4816
964 4821
965 4826
966 4831
967 4836
968 4841
969 4846
970 4851
971 4856
972 4861
973 4866
974 4871
975 4876
976 4881
977 4886
978 4891
979 4896
980 4901
981 4906
982 4911
983 4916
984 4921
985 4926
986 4931
987 4936
988 4941
989 4946
990 4951
991 4956
992 4961
993 4966
994 4971
995 4976
996 4981
997 4986
998 4991
999 4996
1000 5001
