0 1
1 1
2 3
3 6
4 13
5 24
6 48
7 86
8 160
9 282
10 500
11 859
12 1479
13 2485
14 4167
15 6879
16 11297
17 18334
18 29601
19 47330
20 75278
21 118794
22 186475
23 290783
24 451194
25 696033
26 1068745
27 1632658
28 2483234
29 3759612
30 5668963
31 8512309
32 12733429
33 18974973
34 28175955
35 41691046
36 61484961
37 90379784
38 132441995
39 193487501
40 281846923
41 409383981
42 593001267
43 856667495
44 1234363833
45 1774079109
46 2543535902
47 3637993036
48 5191304973
49 7391026522
50 10499640707
51 14883573114
52 21053676445
53 29720561230
54 41871334614
55 58874385349
56 82623976486
57 115737404664
58 161825846160
59 225863047430
60 314689799781
61 437699333376
62 607771804065
63 842541287719
64 1166117605448
65 1611415838202
66 2223312543970
67 3062906627106
68 4213276093961
69 5787232662336
70 7937771067795
71 10872114256046
72 14870591703377
73 20311959869076
74 27707354427729
75 37745732428153
76 51354666391773
77 69781543686979
78 94701959299374
79 128364196860773
80 173781688194937
81 234989042219523
82 317382398602028
83 428171324714100
84 576978362008262
85 776633557947931
86 1044226582040722
87 1402498445554353
88 1881680993051046
89 2521925777635221
90 3376508618954817
91 4516053506209319
92 6034095681424573
93 8054401761691018
94 10740594259633282
95 14308794779412286
96 19044219737399823
97 25322945742768655
98 33640433065994170
99 44648874867815365
100 59206066030052023
101 78439293700357398
102 103828804854575647
103 137316765340748719
104 181449391626745928
105 239562215450944137
106 316021397636306406
107 416537818017241498
108 548575601658379427
109 721883096239454718
110 949182527469523938
111 1247065128647762745
112 1637152176324093054
113 2147599898026689140
114 2815048804548720144
115 3687147014923669040
116 4825814464642705036
117 6311462786100001944
118 8248447176613819344
119 10772105450365375110
120 14057840661556747838
121 18332833286777843181
122 23891135000922598621
123 31113108526215845490
124 40490449891678761817
125 52658376905566496345
126 68437011759141946361
127 88884552727586169570
128 115365553885986138909
129 149638555157335279224
130 193968482613020132327
131 251270739456205494821
132 325295819644181541216
133 420865709344199816940
134 544176437900249995295
135 703185077691811744728
136 908104498141674012315
137 1172035538726987796895
138 1511774342460095420742
139 1948842842148010077610
140 2510803397346698360787
141 3232935070946522416377
142 4160369936832220680802
143 5350814289433647253400
144 6878013156958149667114
145 8836158957987629600473
146 11345498830377491493243
147 14559463050357782592634
148 18673722769148876046574
149 23937693701256154766802
150 30669139297980503425545
151 39272699737807175034402
152 50263391086791248401862
153 64296393934920940728257
154 82204797423730637290803
155 105047401323720214735845
156 134169228912949039287309
157 171278095963564183185569
158 218541452704160865229938
159 278708811988654889282787
160 355266455497904629804490
161 452632842552473370269719
162 576405323141579582309840
163 733671490855787750236063
164 933401943740087821163525
165 1186945528235280303834757
166 1508653544221474513081866
167 1916666163752283499792711
168 2433902807377268551927653
169 3089308860861156846221058
170 3919424439726932455481904
171 4970357590933597283199550
172 6300265198208446181387857
173 7982470975264499966300332
174 10109382592684890243935339
175 12797410813969092203145839
176 16193144538163466498006354
177 20481099381444438788196201
178 25893437016882057002359861
179 32722151836985252154268327
180 41334345468569987398570526
181 52191364299884417719452192
182 65872767993555537025883953
183 83106337299727088689944730
184 104805628962565753189854866
185 132116958551821405730024982
186 166478156557769638392954705
187 209692021292006169914637474
188 264018111623671283147441228
189 332287417569898717222320168
190 418045559687018487091153244
191 525731551683042340388049309
192 660900879890993309967869495
193 830503788981492479746361648
194 1043232315595314569428800381
195 1309952904308988596987465058
196 1644245526827756819010460077
197 2063075295240989518792806192
198 2587628848248919062602055775
199 3244355585674551210485206229
200 4066263490068623016919082185
201 5094531248171978554425113454
202 6380513217208512718150568090
203 7988232148028524901622558701
204 9997477314432671394110734650
205 12507653836821518395383563116
206 15642563801226797675727117578
207 19556342831744433352864307503
208 24440829011666146949400560479
209 30534706853519483526719296009
210 38134850333415945117623961593
211 47610389456648186437186342734
212 59420148876364902284217078502
213 74134260246740710038604830675
214 92460939029705080758904697590
215 115279649727108410268042690718
216 143682171237258939425796498317
217 179023428856652379683083052283
218 222984396885926932527581383960
219 277649914937527474493409880354
220 345604925338926784194382192049
221 430053457305516919346702164297
222 534965691234867703307987619534
223 665259677043496938997176189822
224 827025807334257559833492487881
225 1027804024904709218289857944782
226 1276926055138461505032492934726
227 1585937795871647843849402008990
228 1969120491470536389092280494152
229 2444133612564090288354086536296
230 3032807640164448145779007383257
231 3762121435866081030496207532010
232 4665406841795483719781346865746
233 5783832929851335581259273319447
234 7168234319640172848881946807248
235 8881362710513513709597672339491
236 11000658839914877144358923079707
237 13621664240071959464038764694637
238 16862219338257349720655647509488
239 20867627758136801661154529517173
240 25817007507792006826027006598071
241 31931099766946137745829959599568
242 39481867268986289820919832294271
243 48804289326535636033786380494724
244 60310852443923150438900892739116
245 74509347947330573042561084591653
246 92024725724615046563584478731076
247 113625921594429705830024546777084
248 140258781844397013268172448125961
249 173086460420424707587253301413114
250 213538972275911163088086226855844
251 263373962895350435173338357377159
252 324751214106215091031774898485234
253 400323968412722760446468141686973
254 493350840684935119386599911806128
255 607832924485822123893420081116554
256 748681723961775500826492306872092
257 921924791673312715212145666208036
258 1134957477461704446348483858375799
259 1396851053650552051639076927200348
260 1718729750866155029307430963297123
261 2114232005726486600286218545491156
262 2600074595124129311510815995963121
263 3196742443830235576980633801014910
264 3929331903227816731256899669283103
265 4828581404359689218551495611439934
266 5932130825460814726636364599563195
267 7286059971158757261053828665558926
268 8946767588035295128136488643938462
269 10983265765011986021785770259961293
270 13479980904186092772629597197181908
271 16540172326277427124938140759498020
272 20290103757169636288951030921193372
273 24884132353589850904431276459236861
274 30510915689874993922062302927377010
275 37400980606719541294612160177435205
276 45835950669848805982034726274706688
277 56159793206595625381227507626457893
278 68792524912460591129014486044216088
279 84246909795195833625648909277342872
280 103148798323148967760244145001679906
281 126261896396707768167577329446424334
282 154517922411928547295053102743948814
283 189053316587672497268846702421461154
284 231253916577090778569708887377722329
285 282809316499132352604884918958723460
286 345778994186682772990463233496343445
287 422672737309249456029257668289335708
288 516548439613697583950793490248711287
289 631130993829150695486303299322274708
290 770956801986881757447520180979498278
291 941549386263704262725695846634876846
292 1149632749338954321886586148049579485
293 1403390545423892258095648913480812408
294 1712780833268924216156805886597047924
295 2089918253048391105706953536780661839
296 2549537975547543398201380257427678286
297 3109558805720710859909672746848938692
298 3791766493596251385687524530606443328
299 4622642746683604460629905262200315944
300 5634370810088084360738497876064693237
301 6866054977329187957535648374162070029
302 8365199250379160793770316309856921321
303 10189499864054425193492391222643458664
304 12409017868278087784089415525243491063
305 15108811832839465242906474999504693258
306 18392127498743591338947634670610187697
307 22384261445734764486523059345793908424
308 27237240297658228609608938749805343072
309 33135486514574359410010471821628668173
310 40302677469775778960070574289149260767
311 49010047542478451005129301141558150489
312 59586434892661974863858433809587250426
313 72430437253890161961365052058841059386
314 88025116687590811845900720080734676208
315 106955784442900583862439272081309190804
316 129931507055833219145788959235366296334
317 157811107447339478716212708764346524426
318 191634594671847095073995299278045411106
319 232661148697437691502040019392744204922
320 282415018868769947528631800739409667943
321 342740974576940738151495644249881166918
322 415871283833597003107181613720840110617
323 504506601580069631184390680836050704249
324 611913638674948595443909173020589883991
325 742043071446984068778209747898198363344
326 899671860727894103130733693356771774786
327 1090575002729410857277953655371944370499
328 1321732761241743080763235697373613000808
329 1601580666532805248673047056094658384504
330 1940311053207979360317146318951534054985
331 2350236697812130277983340282104593050440
332 2846229267948984796829169682216859571630
333 3446247881182462096530441085813141488433
334 4171976181619926755845660865232000209155
335 5049590080045575730265494296885272606011
336 6110682795985748910984366126698238002371
337 7393379238563156986412396399023097803547
338 8943678249057747347661443367029457252289
339 10817069019561183038536678380513866401973
340 13080477360184841128979486182752463095950
341 15814608725111391405138740494689859585286
342 19116768400755639138126406263505161425403
343 23104255457341471522348879987965451467300
344 27918446507473391427517501667047426419997
345 33729708647794082312301312506344531303715
346 40743308956482956963580794538646259312554
347 49206521507149446825189761829996608373437
348 59417173148774364830004120093339444977958
349 71733917621091743720806887459613822122991
350 86588585516718735195424859318465800877136
351 104501027070590003637525456924557414944713
352 126096948034065634092576970188574389129300
353 152129338704185514001552625313232567291198
354 183504215792882006969839012688478675202889
355 221311540142474790151487547800910704644514
356 266862344994528744710174832678835797576549
357 321733315186796181128437329423346021592025
358 387820303969111431435747138528106480458201
359 467402569082360249979609033425194019834862
360 563219862884821301755981113081120858201365
361 678564934051709884279597659035678616550995
362 817394504357762444834185151456651152705355
363 984462389578950492356816200398597675180652
364 1185479158091627648345093962184138700274590
365 1427303587567915048285880717022823329734278
366 1718172217048851796698298337642555378859710
367 2067974531801388106794564542149901700574001
368 2488582801349069593268990107515681499193913
369 2994247364206702807346934202925778239810190
370 3602070272604611959894869994434141761398184
371 4332572744241881787025747667083411819841018
372 5210374896271898053809339166379880663881147
373 6265009855242490966611096082685185111685231
374 7531898660049615875540924315622863603356292
375 9053517539652553029439739875870977320627979
376 10880795316180366095156787914323355560380814
377 13074786051320471503323598340038701123354390
378 15708670851055264875561306066905634502989289
379 18870153246929013782495618594634234297203041
380 22664325110108429810376649472849687639667086
381 27217095019687611064080107410267607999874139
382 32679288866283167160012949787726355682120814
383 39231553782759735186470520351310228256548261
384 47090221919247190414837870470872301204318269
385 56514320909598272620515606164828071472453775
386 67813954052155775520358041219541883403769025
387 81360316369822076062136889161574561640150276
388 97597664157320679124086214451684364324792043
389 117057616955814890779935865905095811523312792
390 140376244007727098873767010711522339174668795
391 168314474388395145822624081233138523535757727
392 201782473864565242838878754807585233650865044
393 241868755279718775355583165975708366031482262
394 289874936704612266625493729168921058076651869
395 347357237228737146733278873473583678464125516
396 416176009469609791948481472567399927423592840
397 498554857022171909488493607334811973745374597
398 597151181746931690552146425356978661987387841
399 715140359023121415298557441380352098929551662
400 856316159595353163814927457581007614505838508
401 1025210537165078863679841928201496428993135593
402 1227236496570057181485173621195206731641871661
403 1468858466257321527232726179542742045108442015
404 1757795442176537655055923702879063615290455770
405 2103263173611373225790703348996497154240602839
406 2516262855010602256212283250234804752089405498
407 3009925207428210952076389203074031698881156071
408 3599920521307066249967695805043871504437666014
409 4304947239597099243070935975945355188631990612
410 5147314046606600886802459180320623843824310769
411 6153633264794885409059181313126913104325374406
412 7355646733498349656261962602324636291027213445
413 8791209350711294809020883421969380389938101798
414 10505460220625218615574244571970743228486625721
415 12552217006988790139481112226671793103908057815
416 14995635813147028416157921222448187648952800583
417 17912186892736480906941245461283556081454987439
418 21393005976345279731813264441638205881681037741
419 25546692258744110712011655272347580911156137135
420 30502637460281034212533374306326489599343167790
421 36414986248015421898754005635888395841590966324
422 43467347143405497723441009359404600978391899116
423 51878395406542833436042960449953957874918754157
424 61908535927088124468936600150271009468215724108
425 73867825645471321792545287372952436056168115151
426 88125392394387127631158926340781783426823349834
427 105120631379914023167978744234107346454953577592
428 125376513104689113552765097471479692982267689278
429 149515398901633931214747505207748694956839161298
430 178277834206798394171876452226258072108419329543
431 212544877398632936357306312654409595974663705808
432 253364626007837444014239433463577615746616849105
433 301983725363365713142331395141503794924400594605
434 359884790845238842393296475054015525309967936463
435 428830848076208149472990949921221734692469522790
436 510918100587740217114621037656479688227859950850
437 608638577641244164486799239017780401570979991236
438 724954502953962577064609066421576332600357434846
439 863386566329734104685797295754743870427237792822
440 1028118684398228208607672927934753516382518143938
441 1224122315378788024999369879416794732305475266613
442 1457303959674428606078709566543279489621358469066
443 1734680149330574365894783579403844006783499134555
444 2064585024072813554986495535176140038328303884249
445 2456916532362829750174057446622031762213949121035
446 2923428409391681610442519175021131272731667481468
447 3478076401736087726650623315592944552655249547331
448 4137428767849657449515426132701324546420422117994
449 4921152928741713446719491039718501961350982959343
450 5852592326213943706517542419647656606925801710447
451 6959450128437250741903902434195723363405920649072
452 8274599477178363755040626043570589594042526263548
453 9837043583526114979234650456972335699383295335292
454 11693053250972909679478289336156706025876888529647
455 13897514455987212371975201972298250606809562937269
456 16515524588240345568206094302226549222669974479466
457 19624283012459699194313398242048418328273756918348
458 23315329958663121254667996861212573563515190078975
459 27697197610056267479805917950542650880821414064575
460 32898548912883283350966388760863525512148006017051
461 39071893404246198607267323457080431706280428711889
462 46397985624958064894812881486360297638484144817487
463 55091030906310832848594996826290624651475919713581
464 65404846024822010838059610104504146520450647615923
465 77640149035856625461240690461509011097963252428809
466 92153184266575920459818099991154453263748160806954
467 109365925844959458869450147096097991776874419399727
468 129778147295384414641633236570365909051240633594779
469 153981696857768251095515723457734653497480860967341
470 182677379719497737470450455477005002066823004311071
471 216694920976520575944222328321281502673991907816830
472 257016568853284829561476109988766747774800329481643
473 304804998857605471943173962201344597726547429769966
474 361436298891908246238102321683337845469417174706807
475 428538956145949019471453666299060077441016843444517
476 508039932698356454271104521712485413479678401497848
477 602219112679647847047749631379015630917635313483005
478 713773634927613487651237794036125574581717484399807
479 845893897575213698650426175864383609942735024945690
480 1002353342345519003050253361465636799695610232372750
481 1187614505195460272888112425771825595492784227030565
482 1406954266603829828626417762250673459003832062258778
483 1666611761311739323112292619011360710018973861659727
484 1973963027908565320244859471234786913212968785214072
485 2337727210044313169007187319608558035845270138373479
486 2768209982933453861859626307338624108775145697456653
487 3277590894372981263473240241451923614994744821192726
488 3880262506003892281843816455692174734484854200328432
489 4593230630094804088589182931246424741835537609991358
490 5436586617480010521142842983652383934511134317132842
491 6434064607865737659431761761009617500402491087855625
492 7613698956784593301464946602851038814636608942558072
493 9008599765494234690165063071696704018908763604236117
494 10657867633370515792479295960664281669639116403484754
495 12607672511847000823755298987799279429591474142227731
496 14912525964660205388898007356401656066961611696047474
497 17636781348598174561282994956896208343963949737628178
498 20856402560283760033919315099802525439888364053573034
499 24661049210166416719435537789712800787747171827970139
500 29156534575745981858006530988602225734490728087452698
501 34467722676466300777634148207579756439826583249823912
502 40741942566350857186230140852025279335212536936529397
503 48153011767112212420574687344416252877181256666225032
504 56905977028150349261571433504848790919437130119044659
505 67242699728190973964298437967355173391762729102017788
506 79448435728637545726174532860611265998796878808332125
507 93859585941052717438474529090866974071001468662916869
508 110872824973520067519232838924899090820640951032747348
509 130955851786762432569743143707920681743364455697686927
510 154660049276402334331000181637042132029537593487773871
511 182635390224631688785354657416893924314389625698661469
512 215647986450043632137243533396402275424457015177707602
513 254600747774769940867229012796083652313365672131623576
514 300557699438396000322397671372422963962302501088898055
515 354772602948655962679933245425426856656988204798672992
516 418722638569650497316070648819636123961253182973058089
517 494148040642924183614116136288873504326353625284331146
518 583098733157364834402410912774784777140704461374627900
519 687989196469017607931829983846519338409264639085303833
520 811663011559168786803234160186299764832716585787956593
521 957468781265741589634021364650729581955891497995803091
522 1129349425047322666411867149007683101329112928421030214
523 1331947192685457074762652766954769885408960767243241244
524 1570727151863734445538169789286268160424628530445708512
525 1852122385293206490354593714906185282297428770441407475
526 2183704697307271460391798709084287524442954551742563398
527 2574385292073978323834266337137941756453090460708310668
528 3034650662707137794323234850312093693459642462323845973
529 3576839842452678153204851987686947231834350377477241620
530 4215470239051705322924676507055262688735057558940109212
531 4967620528605476213665801283905081062654554338618414828
532 5853380557743974133074369117585902112181252477779146140
533 6896379930069817737997080060600885645741738927107756170
534 8124408978578651109645573779099692448320124181905363685
535 9570148201434616317919304935466507464024228575296999516
536 11272025024301205341569598311387667853469248509868042682
537 13275220018900618695303410641349650915342693398313534233
538 15632848537174913568314930768254732900733024893843908159
539 18407348210052489999304383770846604065161417077409545015
540 21672108022619729209691351904876515394947806391136602514
541 25513380846043605401994474064455678815608596578737356462
542 30032528536110386275762697694658706019470209737674641671
543 35348657180451188614930347196630608794692464090767459994
544 41601710004121364071750365872329122035294905384769558513
545 48956097075146202067181886604715477625041899115294035511
546 57604954579307153301068225085073111967872688348041191392
547 67775142397789499950614968603012691833362670789038236642
548 79733107421323786452290229843992409595091324813009385086
549 93791761936948503229298347566313480007708150383065511735
550 110318552074646019028511925954398953739212458527876164500
551 129744921339753455319599263918048444393403608065370357654
552 152577409430557483754999883992985449321645333978709383825
553 179410667722943959512252123796367523332757479793965163319
554 210942721017664812167126446427939862585876284992251601650
555 247992861586173984631579127368628791277399544048878539750
556 291522627615954307774509996412737996825268498499254998350
557 342660395480236681658277131698833354821309116455266361763
558 402730205750839065726213746684794141969954716628114954897
559 473285548770324422512197312679993382594685834172291623922
560 556148959511915794666107258799892297064730805049290812033
561 653458416434532254402824047996879971399616782294587598350
562 767721708652746372598325062147544588995924358376378411605
563 901880134155659668097108982736616614677597100105881595645
564 1059383123895312383072459412391118593012266735398228330298
565 1244275658015256303950727196273912169243201313275052049984
566 1461300657952185719991106308674927923295415199949142297809
567 1716018909385370821182156817540979048172613577016457768210
568 2014949505103248717013132505357093365353302408705596873300
569 2365734304401577456446016500272304029883368902335563266559
570 2777330499000335358827968676693250285161963433377774386796
571 3260236069121577887581485991231509883421239746653163604537
572 3826753724186717382660408120919965062947708378845317874269
573 4491299870277587035769309791775831326995639248950840811879
574 5270766254071449213233229431004626107251825713520684679081
575 6184943227268850245907698628823244688131953833425686387419
576 7257015087943232320906738562578391156180037686905590320281
577 8514139722355311563247503478221520788542884075058316690361
578 9988126835314331453563151234285489733680452664226009057936
579 11716231468989923883973810505375079767223234833267899714247
580 13742082327363992609763054043960458101368874546658080654697
581 16116767714151506294765402151500932313308550112606540671346
582 18900105735223710384014774217216650955452407502785876753089
583 22162129904750536040125305473468358079831016568247942525853
584 25984826535248152870822984969155895293160240424390828529078
585 30464166411227679483669336536532521504313983891371658484515
586 35712480390870824337068883148439543708959340674747924774255
587 41861236921177835334071606981787232125578095423100441417684
588 49064289188844067197528556594284955097219004875111375445845
589 57501670994362981072135481565299778749694061208013515605107
590 67384033701784966161734222338589325347068128238146339520570
591 78957832097448700364894273218529301131625612201305778346776
592 92511385056554426854954060721448409615052526005468489678542
593 108381957996482028560906398846813252783790280602385830706468
594 126964038691279673161061207652391435046596176977282688582093
595 148719006716708342036889069555012675873508172805338524046383
596 174186430270185684114924912747688287817363075692086313328801
597 203997263158028132925485746447477673402709290725560675878627
598 238889260287714621569320647671901258904803624514666748341115
599 279724983122309812384560434025872519376992137527376682474331
600 327512828502275699111768135721245954789851823137887564104621
601 383431586478249957934621536908801002634296216217267618430955
602 448859117029574918690709683339480188330272466710961345645912
603 525405833750623404725147137298185457669718178176771600375115
604 614953797080157072529001721007032317919376560245986372368585
605 719702353118207426599867045062477464283940883389309527276952
606 842221409653054629181272313221058837724476987823666131875175
607 985513622355732428758575727675595575946418157738890002776477
608 1153086975438609081806154802646451170891387539694258355072686
609 1349039487363206286892942650532004797082068807020807792037155
610 1578158059177633907429272808027132629058216892696486431503724
611 1846033817467619494843094526011260808176411351711462946702245
612 2159196693517958298333285631278204787504789281744481520325951
613 2525272434182790514572566236584936843222990050752724410599052
614 2953165768720316504204078573252773373126129844491488765351746
615 3453274071757402844470080432870655543277970709757375866042754
616 4037736579921340193549792935449455605464048341674300713691411
617 4720725055159462773989821533309082657234124883123658058615279
618 5518782760733754616063803437836745290196246954458387363072483
619 6451219748863117530205775685213559980783717800729309201855416
620 7540573778206755011386150264857449219539324458469467257321550
621 8813147715332753056309590523549616533617207285657392246233073
622 10299636062465151008884236747606847094235607156733629701137489
623 12035855335401706024864012449680519038789810787388739439429458
624 14063595438515743505901652246650041818684489430817851539636944
625 16431612003984026904796752057137873459222664871886848753673628
626 19196782944683492864071246961682284808797788130382832276046272
627 22425456289990242256485613883256454528706670618503890409354850
628 26195020818673979482526223533403946247746699729977409624199137
629 30595736175138364267521310562402975603530465522686317730664958
630 35732865172896014786238368558102178025887906187357684528425177
631 41729157990103795973416751955449056950839463629382532571239728
632 48727746106281821366586816728794973880872389576522357919769812
633 56895513303016963734496147855390575242981350560719538587880739
634 66427022070677006125439724936981965390583451167779912697219237
635 77549086579121223938964512939099449653823837746132044437138221
636 90526098274942830386792675364358296928220624943019595477910002
637 105666227500003284474969029529179313047689250605024129576698608
638 123328644679846319261279707982887745277314260758194411132225626
639 143931928063619571072672963046644564589244652708506413647293336
640 167963852240928965282218356567974226675791753259955893733453693
641 195992783332988070388070349221838008721931796552191984719816010
642 228680943572531224499501566616773555094691458020223132144446179
643 266799850781935623350838774822897237162681563464264583861371263
644 311248287998804735342667397116827663094166644024971115249448636
645 363073216305692035665420229548707827386892963090025270829987468
646 423494111099324906868757665784152056797631919235544349185061757
647 493931280098124877657799650316706245563910806357231947407232816
648 576038812092039860261417980911263270273768935738278576349209162
649 671742910825299527533805003320688671862182219851973148330115995
650 783286490838108090220028983116134020746667650199288987920583307
651 913281054325270801872974242688622095088486861211153793758043693
652 1064767033287299964356486339256145278358924785385851499303603624
653 1241283973153454254647536292591934631441347692904300777713358154
654 1446952156940862254495132182300455665480154081578606219748081831
655 1686567527862310548025573356729210546052458169818244583802965958
656 1965712068888875701338836004507621528799389125019574235838785038
657 2290882146819762664382317771563605914050522706314155917897487330
658 2669637733691635384499500291042120080965863144118607322541999862
659 3110775888899541607619064657522214873002304142752987782172839409
660 3624532431670863945957492238239746831529995847754301820316048797
661 4222816367675656905294295224389007529605171409833630662754009223
662 4919482369654307893401558247563154760093225535349829954964647660
663 5730647466328506945286703457299818013211567913194304222558441305
664 6675059085472375532479697198951932436855419532864777659461044904
665 7774522747816653533412234892429825006001763200006333333304184314
666 9054399043900603493029415035642895988217373679495296637577769763
667 10544181075591642215595265098647261290173894088047021539471406981
668 12278165341981103816411472816639265498518539889222513885617604091
669 14296231135403140515230019355708935893819906124407839649568024626
670 16644745933391579080212286786912317190000717615509967248934292281
671 19377617079778106864676285191937668300279275654571978973113735523
672 22557513304607308019328310998195975833681397622929910716491230591
673 26257283409675705869053739426499322848289163995991521398434532559
674 30561603827235530265164126220306503843841014341819932498423408724
675 35568891839846931738141387417480120627044387455843295362990841179
676 41393527140869487683013175391688082931071265485148853299765287777
677 48168431246667136606656592530815405531913358355286210912258360191
678 56048062192719373484352921400688912708069782006240207616713398128
679 65211891129621104324388398786135290289586910047744386282813751649
680 75868438081962811229434327346273256820429060061837864821634417823
681 88259956475598706090193771781441284731395404486048275442257335560
682 102667870345863496118430041082930892697884996031960785943488317334
683 119419084722452631075929384105890939193036127276573732736573774846
684 138893308906735761164824281864725878754989263704015610867075885188
685 161531554632015374063674764772957953759398243730229505272776441891
686 187845996910415321834510250037963756012423004804617923574192862907
687 218431415281762106148413848338657960597809494480864991393075495194
688 253978467838413839673810537898789027400953208681367971712514707483
689 295289090556121916643771184964152239576062661303443411768466417210
690 343294360983574536593165942720544501496248138807170893594734169882
691 399075219238006231245526400168316012486239810022915169583901826777
692 463886501685215663756914166396251565532551565641634434898866750571
693 539184814996715130279244687881340961862593599999668867076989728923
694 626660862033600730566918299001089214255676724583250943664563055201
695 728276928010204344192256346554282283776763606356975933378141012194
696 846310347728234207319195127837762341462993042559475317582059880446
697 983403904759315995122532034574254820949658510802869785889156004964
698 1142624264085113047738499692397338240087236520908101742312017003266
699 1327529714112446969919113745262093576541759237716856357619224302666
700 1542248695905922088013690041381656661664744761954709483748320717869
701 1791570831248507002773190611795246899774002008344520961481748878634
702 2081052431755084542338113391599591429818289742428928445586950357920
703 2417138784512398856451794159421466640162763557383999135945255994809
704 2807305872294121975062356276969529941929885040040812530045523475234
705 3260224606041979395379301908582759207245288060258048191970362692369
706 3785951132963313519462004327939493452003367115385005102259998733561
707 4396147345621249780970432948194417156095864447679031866037504883255
708 5104336367751570334117103645761650225373669426643827100136664795248
709 5926198545064651440538872105368781847043796600117746257955839022011
710 6879914339974598407584530107524680169225714503783804586519665815020
711 7986561536529073368651442770217602740964465598139913857372122287089
712 9270575327162980744005894096733728498283322746361305846629590540552
713 10760281200968448207268269575634969344634553180334458616264709764681
714 12488512112511540985505392226757575810381347311321348056430133253678
715 14493323213827138653199184917595920393216659642919604807114599924837
716 16818819518216506293234739250410655116802694960441301666306830543695
717 19516114276917644493343547613413487223548493451028956465633648740203
718 22644438639527506280403468089503202468976829748705618555419960804490
719 26272426395050770724690261689589271987324282206526149475643603702432
720 30479601320592744777068340987096861072122819713315655777317962805986
721 35358098977516862539514973811641067412002027329480726360150407814199
722 41014659781047690923078229363688191838540004776178996669203785540217
723 47572935933585155662783702203861587258786500537974171461841113497220
724 55176161475415956996425696823512057098884862021188822699560262331677
725 63990242408829236487201587788314676795401512280995532922025017721459
726 74207332754281732739456561231995721303585740804627394571613673517818
727 86049972686622428228818027302562910911768029531302345661459232754509
728 99775876790737425197955983624863675724041850975350387714173349660237
729 115683474217871449851767131953450229816893906422521667089057802132699
730 134118318403315151003311097167103490421712984761267731637299115807922
731 155480502354465029286891125553662549845530497223151828057194972859908
732 180233236718000720009102537548820889413113449880658390051273213573379
733 208912772327685894433117242327777497768893400876928857463950152067659
734 242139877229845551019748424017507813679588331770144958963664824355640
735 280633110870306906236525325455770709061307554821765332400415748603500
736 325224175883648976363596610397184493309811756926256787622852177645033
737 376875671536798850133799716295931526205552702260222348701546439595407
738 436701623248907312630935669550381778541907891859452418766627075873122
739 505991220781895353185687359211772282741045347579496359001517197558162
740 586236264875622038410808313241591309331988144934725946841639364695014
741 679162899678139944298713670399468780750579289427339067062699703433892
742 786768297898569929734946139331489467487053074496920233897707198279555
743 911363069037829967852887255813533664529655130159321654806919117738324
744 1055620280465136480794510536030372520823360602829283079919671936393997
745 1222632118967987618697366797746231911950262096227320240118663334626704
746 1415975379550315453750312744506322694727416764227711944176221137854102
747 1639787151963513066698892474356284969413475586964043849590160608692809
748 1898852287506373107096577044089068698928439025976886981611710423646999
749 2198704473380097884512757402776439881217417492314466488831781877239330
750 2545743024358645039521920749024859572959010596512371034678586927966061
751 2947367827527622160129161210073291289084982502658849920652260069188460
752 3412135252038771858515189999144839162713457401548520884872719340875262
753 3949938269926364787770415496351569787658639806826436945170986763004728
754 4572214534919598851618867860211637636238350382001117322306574908131657
755 5292186744102591889363353240368687328776204693731136858969627037581769
756 6125140274027058168301548206314009107042314678984001747787999328239119
757 7088743852082071282753825940061589819067823555611464619784612573197981
758 8203419911258298312072917576772160712718746668026937337809577843775089
759 9492772299992909433710489274351639423022785420081553532893186811735490
760 10984080199386703785356543344758705298001912688674828329709374208646023
761 12708868461765463352851031527885692157717293459003507902808622018529434
762 14703566154992691022607713790508728037049429001232815817341729287637639
763 17010266908027313910705693132457085522719845430949909835116374826310473
764 19677606741711667798389384064470099742584968734929373110184003862336535
765 22761777477020842973535312838956541350218850699498751359479523567998682
766 26327696589796480712573977041087937123320304648429824779686721625314433
767 30450357582539228795953058642103923287124761819049205538585359783296322
768 35216388634902664674598991762139272032717233156207618620240386023183439
769 40725851549716255195012821254275684280765393697119592446549002781054985
770 47094317916595174066883275549250698205944000968378862272644912095436528
771 54455265069445847879246631648295025701296100123459757726600489222287911
772 62962840931443373717712953385483413273127077820491654432434703561748734
773 72795054352627890698663524454892255723760040609391357826005234585471529
774 84157456202335471611179548966954333434854069441563764210206193992141803
775 97287386455353838652541232794748469292588777918738278629541998788663783
776 112458874007459301607203704770857057850443540538207355561592519241499867
777 129988289203693027274071743533759876707168839476957863152306805488683038
778 150240864327157678449751039549041132845713036401383560565915052561642557
779 173638214883258087668114085241313342682059147597484358008299493176033720
780 200667014776447554593428308862454663138298696949672473405986390775890142
781 231889001819203074799291507909392812964384170972878863529041265986725602
782 267952516902943599206317332308210247392001722735801481903229172486392166
783 309605811135236293129097559390002063661051779200308703144759011184458118
784 357712390925337859411488271123767748697245914094563446145472665422457875
785 413268712092649797405760888662186445581838153114999385699612003349413812
786 477424581399152027674194313449846181082211658605948654079669867162435131
787 551506678409951204607228636344575761111922686395460931547568415136834127
788 637045673350441715154805540052357860592081445143794229655168207846060927
789 735807488902346203323654739391068429691731507860930093223125734672544613
790 849829337100148821360684345944267635583810970018826670968018522287647533
791 981461258306393665640539206262263534946135246627549633552660354626996172
792 1133413999559826472703225068538092432662334829046871215686409442556731049
793 1308814196591124775667718133413729636954841457132834158554042515983246108
794 1511267970002444396313880578049461968508319188690271976936130692366844650
795 1744934214402662687440927418135630087579420621543610432282710763669256712
796 2014609053008095374223702361670745243131535995960329675366285145682401401
797 2325823153186370976521206922827078631192743854650665994610977270870626634
798 2684953855041309009205493375921941847387709943828752817182662682171207571
799 3099354360471728753178773736660827067766784760966396852713652234076679620
800 3577502570008953487444345815184465334252231677136759713256408861698822787
801 4129172545840863053956350127814032869182042529392607894357246571751295938
802 4765632029462216321538279754452484900187218774190441535865673354049552643
803 5499869960201987912860948627051656912216790009544043716000126780393737823
804 6346858536643962400836382458948044639054079329925085970617334803771403465
805 7323855048374792035026187241632078057733056228464227582298700988353697653
806 8450749494011933068989017550923241086187454920439125942221416682919087747
807 9750464908540807056944840395220198749148626138419702212937901402047557692
808 11249418366395034236723737685425932692536170803698714648803654298096736816
809 12978051826869073946976836186854126134383134222371545408734167421244906809
810 14971443368832385515232465322872060752379053793929849974482683509684583299
811 17270010949295480315299583401372688597923947961736172787337464444636150980
812 19920322646163409857301917776234413205877987019771981441173622603241981726
813 22976029445127711041801396885546858483293388729920170441661817201152662487
814 26498939045031403013106946954994789754158765820097588143400986850799037610
815 30560251932231852618833176111440426944439532964227512413799357968498960727
816 35241984166528791545911565601294570182063680177923427068533206856288666142
817 40638604991212604786163481394093592396806798982956724452379438926061951910
818 46858921599056385221269614554400972085483513832264085983475362120762928929
819 54028248236572624025818983907508119896307316067383603210003648489303794540
820 62290902404717601431026554376208167530665715488049021959442831274026830718
821 71813077323583518441629300391633447860991747953670740029559984350316429061
822 82786147195668066212287580332152312001374922320266108713283145606401079131
823 95430470269699450185683336975408059691683835502317430072923342296471616759
824 109999764438547553503009563845048600550740130215521606528156067463822350003
825 126786141288609135382226180049635619428355769969590500921550278345092525865
826 146125897370268772946226794526571665027794010324107215254094765286887551929
827 168406176227699498743947271758838961601543112945468177572064449008303867129
828 194072631696245843177627991177736088568536177752383334601450402655077114791
829 223638242474006089442972662390410978093719646359909676541239505403032974802
830 257693450376524612704675505921729747487581306667760284701173994635078504485
831 296917820420842795960401210659884570356900595100336159669499244551812062798
832 342093450452466815115834328550669324453082101858042150005788125708055979816
833 394120391994239676803535520619185071019709727668227138103582430748450711562
834 454034383011816820903707263620884757655435215301568588277957254698317503635
835 523027238105004774835708692540589187501067346316412958553545732649345393732
836 602470293106803614142691061625734207191735736724736324064113099123289585888
837 693941360188669003022020664865855461119624762067649944505853930583315161378
838 799255717462935617170884547768435091207828442771373483507966622986493136321
839 920501735040190059048020946430257608121733501544915497349865352423408050086
840 1060081829030900615059262626439463809426616834851779303708972656338307953817
841 1220759537786814618675544545576452237126616871481955993406995707899974293108
842 1405713632720597588547412261694589879951587952346730799184704597401171128190
843 1618600311573092596776246066775318669905804971639728098787075638732130967892
844 1863624677599176199863586661633696879172594335138899563948236829887134095644
845 2145622886778488721195088564289930785400315621108915159374453894484008650885
846 2470156550225400997707521282646760546683743758459030146267877161368332733107
847 2843621214372574054258616067284282336819440176694839070395918446740077948252
848 3273371011706883977358593149728776497284674443818765431760549578956271349517
849 3767861884975275981660804757644776517575885601308319911954863597101108231049
850 4336816143735020782216791048255877815566655552079967695138291634526938109098
851 4991411520645820664735817083424977563079653088835135718042591375424581959530
852 5744498363728950636881062046124244303370460568726650911605349747910447645909
853 6610849138825588547712144143419784888293520013444398340128480609751873336846
854 7607445033849100981197952487395775935101432512235372030600667083980677481249
855 8753805164813088817816241174959269391753995213570985903594484895652230162610
856 10072364696407786887168036502737710671489588710330602981199754853276300398436
857 11588909122431819529695167651704276551322394854049581657728798373865583911266
858 13333073021251142322495865532084645132181958671957695131757008934041267434921
859 15338912828814113607494537561939445621647312725983656617695462380076961506892
860 17645564579713849333904029337657426889419692740722890998976363700445943766087
861 20297999181850670399784799138912571823769898216191797878638737157599892178835
862 23347889642777669113600934040828250450211864288476124732800588357159721909184
863 26854606790620035426682835672209759740420357844890649998775713172667737467203
864 30886362469439421557543708469398596950124657408961939878025268917252805350523
865 35521521983791801524570550870534809253578918966473772994028622975336458954416
866 40850110772401143683258497648295106874886417680752634305315093440125444265959
867 46975543966390501025338887625437202672828808886772581747548549761426030336332
868 54016611702187213549262565573839201715601130328772622394462912984535154470434
869 62109757891896343913773895621361063188775083590691616048910395641486317944235
870 71411695694958282009115255057612815376691322578004750257961861201735307726790
871 82102409287781145505847566595109485443276560135667332395189677266555191750466
872 94388598811354167172263458242432524100579894637750601972087619443182060840396
873 108507633726462391070675145548275339580539579503488624695097869106080463391579
874 124732089377670439901149511500031588951119700249794049644590214240658307858211
875 143374952539005937157089021707602297731548348906772529565354899257426139546935
876 164795594290466376235220151713836896946929452633945658193871057829210457340652
877 189406622989005597208031342466450606831440007103237727285048493230513492920728
878 217681746618434697718205152742994554258583918471130539422818496704905156965056
879 250164792736529413819665262349832655784334453637956472854053833564573880007148
880 287480055935967659679325646790692995468407207335686377582867117505738232709587
881 330344167600939440020967870987037052855346362696631981226832809216373791470895
882 379579711234190162526066816992087879149968900317294114385943491616452768125411
883 436130839277542019593784006513182448742987174945662511380045810121092401588777
884 501081184756771387871362958454205762786042181102214585143079178701466186609265
885 575674403940871665337236538296178717516688996021862690792839956848787774261720
886 661337735308211220578626838574219174015370961886471302859427678749705304763041
887 759709016364640098533049633021694505539347994856676458167877759149849954754831
888 872667664299234457160548793234144516917007082827742206270858406727791083414437
889 1002370200280368795219934410182922955058714578625459007897083234908667537716141
890 1151290981748376200180385753424585911182785662787007050482814582917194290440869
891 1322268903908130201598840126972275217044027665503656449845515927739346403185444
892 1518560942547492274716723929725545186268109374232577657672746057628728576740578
893 1743903537345298095441819698249153005875359883902348957078519363251799307200325
894 2002582960319643552807276085884934627994296229996864794048964767711160005947878
895 2299515980675020126466630211170655867589199309568101967032095460008963301591727
896 2640342328092320198882738001056958240207163729861709378009429627107494118515414
897 3031530674967014071822996756858095818253470391971332769826072996573321268699518
898 3480500108240637964271271709888058054037370524679589170210465915813288431521370
899 3995759347869067658354950803724135333813654021535032290788500530626452276852177
900 4587066296868007808024887124246142380097697379137855348738331015438526319577078
901 5265610883266885576716655467755014750749840390177640673331585666378843058133411
902 6044224584045620596186315416234328811435428767574478741693291497102353727795104
903 6937620513070825907228685186809150694675481765795054863200167361669205432271500
904 7962668518164477544900606005623130418644368968910486092656556557599698574871984
905 9138710376995967133505085411648572064928719671093844464383127166720021869448748
906 10487920919231363259997464734695428617291968413280316288365816471703466757692493
907 12035721746733694892639625637522273093752821470724069233261422337314750681869439
908 13811255189947604664049283993488370153861266544970230684105276055042018885269066
909 15847927244490323807182895709934487332276748167855770136089892532960326049678981
910 18184029497501311985651962124828343385488075182138648148117497491976756804771087
911 20863451501452295020659296031026710774445334117906750696769847350394975777446847
912 23936496710162405016322317199635831860888411467860732686113606740762626158285920
913 27460816987743442353967812240669100303756108705679835555961703889493264444618455
914 31502482870469994368350506915212046609978151559201098972337950736812528827081889
915 36137209243404616490921901083485736407974803259577374677849416633725664363152741
916 41451758932913984589772712999007324043725217052429521231208920433785943457755836
917 47545549964324585323468899752214443308027646938829138104879566939827071155347660
918 54532495949573776123887861472402108485131614021441609144981753547773269185793781
919 62543113319902007534145326413285640302850316983176944146709186175175740841497817
920 71726933980092100370876134532734921379682792952977757768844879306969963443072991
921 82255267521148030498261061546702782819727133645136208556894072344753374652309332
922 94324363487808244320034948232125299145692735514496757288049706414881337780771479
923 108159031470416687997405872487246163113933599329208444163633001505622732939968788
924 124016785108298892316700711950670073113930024209149011153940381024001314365383719
925 142192585603472650781831981050582578103255012508251560223476798432444479019833183
926 163024271220178614032411154118210052578383546455835271464309363229163681096253260
927 186898771682654438675874423010337450901619196760525716132863635623545529997639370
928 214259220603970672359587617387443466572911686599913292575804226701001289622240553
929 245613095337599737997344320048852986478863457756498082502668924962559852948335938
930 281541532232058536030817181509821723005658130209423181393664224974633332031258994
931 322709986520330596671965014540066164371703611340281630739446724681270434500490594
932 369880430370139164962125806123410992902179179960950024129580486806660298645047448
933 423925310392971996146500016983123656804027989558839957878852308907917290604057081
934 485843517655366834394989761237550672047999597490962247087321759090657814315606725
935 556778659522299145914191214268726708113519232536402764954806414147928198510487501
936 638039964137169533007576028343316180389543663209482842027236406592619024553609572
937 731126195745560094753121020447433573285203093498706988936076963647531585205534550
938 837753013245462223420102613500522457392469817863504598395885561905642875338562021
939 959884266259976223203702139475063191679250881131806388262788326722745049123326160
940 1099767793781518834254579391050739664475110162848839953438833494547797467977376138
941 1259976371287806797820055061935984399048693083324855879988872221098791984368820640
942 1443454544616414892800571188549499457769889925784073899216023734009761899697068462
943 1653572194447567038712004292205319407563844058173919039020699203424634929523197450
944 1894185795857825866173761789862894297860036245540750452533050001293265944220337030
945 2169708475210028200270602777269765227971245747434772587648426841596115978903388124
946 2485190124079982365384595793630253617690159009137238425568478984041622399221953164
947 2846409009777059853410827773625122971446971547891541080925335280283809586701110511
948 3259976527477900985423820481967376576204723427712053283005610919118084869668607671
949 3733456973694895660168983307428382203258589243111419296449444618015348505830188091
950 4275504488893302083769646671575006026909649614372350956388935584180877384816180017
951 4896019623289380033952193602128321567696454726641600448778991909897975477569205703
952 5606328329613282820709015662424311055226033786465425800925176128142023673182479437
953 6419386586075707404121279787815131213466377645093507236421449335131333691049098734
954 7350014308979762982345008390159270245902844607733147010016994590029186983564711765
955 8415162735407734748462953943581524404708455260819069011772441437919051444049056536
956 9634220051360401873536047982649805108199368989053702824809335781603963138611364344
957 11029360720103718590843283830246029749321286800124390193402753169870271187700354545
958 12625944741231170272408619489708755601521020996520693088185621864699290624006625134
959 14452973956712944452099413490941115860217460041673948811845894946627722069240929033
960 16543613531531163734393762908327419751369624742849855236923182101436620274335748605
961 18935787891143225300104680514621098121595192645080711021585528653655704179688932155
962 21672861716224062406223610642920362325646790300689753214972078542739418110443611005
963 24804418100017693728147804185863479398316311260760202285001072196937863193174263378
964 28387147691538030755706316085020250791205632384458806515163429728570839958438875729
965 32485864608869432698886400034532227164363187494346510978853510560982770679478933524
966 37174667145232525752438345740013348486341473147949206492580276719239910326582345093
967 42538263845430778678322991257696149493368726964346114233643424771053200770925528357
968 48673488446412805995037393515619110644116800276742712162072722478742109496236046432
969 55691030503885060954252448330560333268663289123085376798900214409033959802578511303
970 63717412325256360395252954281493139359528981049407682978071618921990949412009741896
971 72897247163915666546704347356162089909029191603584944250179207954198612527974636390
972 83395818576466358001291829729056511864128903621442370174054729973833594372450926451
973 95402026489197998384095710531224842673124365344606688336080173379744285370071013381
974 109131751960995047289624579169300096699445289986200749708327589737758940500145383554
975 124831699979068668480585940838744367481790561206343781804032958945122983665907766897
976 142783788009071921494861317167661028857240434217208393254761207037311928261479057436
977 163310157587948572173476186489918661830769360109353478976631977871668279770209102794
978 186778897162313451141558016064379498677756772695646016930662484646816167665601237382
979 213610576826576659338024865907483001552127678806998311605328708640237264395962730242
980 244285709819232141588842330331977651586482540406825519127270205440143209489921822327
981 279353271838782927343549778378255203349758288648008674186095848435923921973382999779
982 319440427723163197402416262231399552493841928076021270563638777969041445275429817368
983 365263636117984600698726835282475358990596575270398566998029159734526801302614228842
984 417641326803952311777134441175159148898147612684364131609429438729885085254943962315
985 477508372777804135602223416048041525655412957163191061386915811309734221201724427885
986 545932610457637493459038968794597934047676268625541378323018641855332028740549856535
987 624133697052189191584327870478787051264713286119258046172697765522239941742005145420
988 713504634809598497645451919454048591613551155026004951821451871820580936951220854179
989 815636338245387236496670187516120071448353342182783762899848632872367546094873997774
990 932345673340660260054064104427131172526743882280636051147425363988445927992083495579
991 1065707458010174652813604675811014634660531769978589311043329519644569015521683422340
992 1218090981903249748388298802023736035108988919961297687375953315486419571189927788370
993 1392201682000457808484103032097620656368977743556970871560581865417892549922647327588
994 1591128699852393140387482103860555731458148214829309868438359655122082400074961797197
995 1818399148208001316995703607117448057162014046674699633730441041597107057345070898905
996 2078040030947170752803427094997352872494464036807153741891525484067366477119991704114
997 2374648892657232387069801321972099214504830958635942420810265023720594000972381817785
998 2713474425144656907828210078428835337228344508203630602003984697831190587809240116910
999 3100508430236350401530524829522242511514480430699346768506942816044866173515542056205
1000 3542590734343916232740100774141964551418217035580684799884429453266409801099567900245
