0 0
1 21
2 32
3 43
4 54
5 65
6 76
7 87
8 98
9 109
10 120
11 131
12 142
13 153
14 164
15 175
16 186
17 197
18 208
19 219
20 230
21 241
22 252
23 263
24 274
25 285
26 296
27 307
28 318
29 329
30 340
31 351
32 362
33 373
34 384
35 395
36 406
37 417
38 428
39 439
40 450
41 461
42 472
43 483
44 494
45 505
46 516
47 527
48 538
49 549
50 560
51 571
52 582
53 593
54 604
55 615
56 626
57 637
58 648
59 659
60 670
61 681
62 692
63 703
64 714
65 725
66 736
67 747
68 758
69 769
70 780
71 791
72 802
73 813
74 824
75 835
76 846
77 857
78 868
79 879
80 890
81 901
82 912
83 923
84 934
85 945
86 956
87 967
88 978
89 989
90 1000
91 1011
92 1022
93 1033
94 1044
95 1055
96 1066
97 1077
98 1088
99 1099
100 1110
101 1121
102 1132
103 1143
104 1154
105 1165
106 1176
107 1187
108 1198
109 1209
110 1220
111 1231
112 1242
113 1253
114 1264
115 1275
116 1286
117 1297
118 1308
119 1319
120 1330
121 1341
122 1352
123 1363
124 1374
125 1385
126 1396
127 1407
128 1418
129 1429
130 1440
131 1451
132 1462
133 1473
134 1484
135 1495
136 1506
137 1517
138 1528
139 1539
140 1550
141 1561
142 1572
143 1583
144 1594
145 1605
146 1616
147 1627
148 1638
149 1649
150 1660
151 1671
152 1682
153 1693
154 1704
155 1715
156 1726
157 1737
158 1748
159 1759
160 1770
161 1781
162 1792
163 1803
164 1814
165 1825
166 1836
167 1847
168 1858
169 1869
170 1880
171 1891
172 1902
173 1913
174 1924
175 1935
176 1946
177 1957
178 1968
179 1979
180 1990
181 2001
182 2012
183 2023
184 2034
185 2045
186 2056
187 2067
188 2078
189 2089
190 2100
191 2111
192 2122
193 2133
194 2144
195 2155
196 2166
197 2177
198 2188
199 2199
200 2210
201 2221
202 2232
203 2243
204 2254
205 2265
206 2276
207 2287
208 2298
209 2309
210 2320
211 2331
212 2342
213 2353
214 2364
215 2375
216 2386
217 2397
218 2408
219 2419
220 2430
221 2441
222 2452
223 2463
224 2474
225 2485
226 2496
227 2507
228 2518
229 2529
230 2540
231 2551
232 2562
233 2573
234 2584
235 2595
236 2606
237 2617
238 2628
239 2639
240 2650
241 2661
242 2672
243 2683
244 2694
245 2705
246 2716
247 2727
248 2738
249 2749
250 2760
251 2771
252 2782
253 2793
254 2804
255 2815
256 2826
257 2837
258 2848
259 2859
260 2870
261 2881
262 2892
263 2903
264 2914
265 2925
266 2936
267 2947
268 2958
269 2969
270 2980
271 2991
272 3002
273 3013
274 3024
275 3035
276 3046
277 3057
278 3068
279 3079
280 3090
281 3101
282 3112
283 3123
284 3134
285 3145
286 3156
287 3167
288 3178
289 3189
290 3200
291 3211
292 3222
293 3233
294 3244
295 3255
296 3266
297 3277
298 3288
299 3299
300 3310
301 3321
302 3332
303 3343
304 3354
305 3365
306 3376
307 3387
308 3398
309 3409
310 3420
311 3431
312 3442
313 3453
314 3464
315 3475
316 3486
317 3497
318 3508
319 3519
320 3530
321 3541
322 3552
323 3563
324 3574
325 3585
326 3596
327 3607
328 3618
329 3629
330 3640
331 3651
332 3662
333 3673
334 3684
335 3695
336 3706
337 3717
338 3728
339 3739
340 3750
341 3761
342 3772
343 3783
344 3794
345 3805
346 3816
347 3827
348 3838
349 3849
350 3860
351 3871
352 3882
353 3893
354 3904
355 3915
356 3926
357 3937
358 3948
359 3959
360 3970
361 3981
362 3992
363 4003
364 4014
365 4025
366 4036
367 4047
368 4058
369 4069
370 4080
371 4091
372 4102
373 4113
374 4124
375 4135
376 4146
377 4157
378 4168
379 4179
380 4190
381 4201
382 4212
383 4223
384 4234
385 4245
386 4256
387 4267
388 4278
389 4289
390 4300
391 4311
392 4322
393 4333
394 4344
395 4355
396 4366
397 4377
398 4388
399 4399
400 4410
401 4421
402 4432
403 4443
404 4454
405 4465
406 4476
407 4487
408 4498
409 4509
410 4520
411 4531
412 4542
413 4553
414 4564
415 4575
416 4586
417 4597
418 4608
419 4619
420 4630
421 4641
422 4652
423 4663
424 4674
425 4685
426 4696
427 4707
428 4718
429 4729
430 4740
431 4751
432 4762
433 4773
434 4784
435 4795
436 4806
437 4817
438 4828
439 4839
440 4850
441 4861
442 4872
443 4883
444 4894
445 4905
446 4916
447 4927
448 4938
449 4949
450 4960
451 4971
452 4982
453 4993
454 5004
455 5015
456 5026
457 5037
458 5048
459 5059
460 5070
461 5081
462 5092
463 5103
464 5114
465 5125
466 5136
467 5147
468 5158
469 5169
470 5180
471 5191
472 5202
473 5213
474 5224
475 5235
476 5246
477 5257
478 5268
479 5279
480 5290
481 5301
482 5312
483 5323
484 5334
485 5345
486 5356
487 5367
488 5378
489 5389
490 5400
491 5411
492 5422
493 5433
494 5444
495 5455
496 5466
497 5477
498 5488
499 5499
500 5510
501 5521
502 5532
503 5543
504 5554
505 5565
506 5576
507 5587
508 5598
509 5609
510 5620
511 5631
512 5642
513 5653
514 5664
515 5675
516 5686
517 5697
518 5708
519 5719
520 5730
521 5741
522 5752
523 5763
524 5774
525 5785
526 5796
527 5807
528 5818
529 5829
530 5840
531 5851
532 5862
533 5873
534 5884
535 5895
536 5906
537 5917
538 5928
539 5939
540 5950
541 5961
542 5972
543 5983
544 5994
545 6005
546 6016
547 6027
548 6038
549 6049
550 6060
551 6071
552 6082
553 6093
554 6104
555 6115
556 6126
557 6137
558 6148
559 6159
560 6170
561 6181
562 6192
563 6203
564 6214
565 6225
566 6236
567 6247
568 6258
569 6269
570 6280
571 6291
572 6302
573 6313
574 6324
575 6335
576 6346
577 6357
578 6368
579 6379
580 6390
581 6401
582 6412
583 6423
584 6434
585 6445
586 6456
587 6467
588 6478
589 6489
590 6500
591 6511
592 6522
593 6533
594 6544
595 6555
596 6566
597 6577
598 6588
599 6599
600 6610
601 6621
602 6632
603 6643
604 6654
605 6665
606 6676
607 6687
608 6698
609 6709
610 6720
611 6731
612 6742
613 6753
614 6764
615 6775
616 6786
617 6797
618 6808
619 6819
620 6830
621 6841
622 6852
623 6863
624 6874
625 6885
626 6896
627 6907
628 6918
629 6929
630 6940
631 6951
632 6962
633 6973
634 6984
635 6995
636 7006
637 7017
638 7028
639 7039
640 7050
641 7061
642 7072
643 7083
644 7094
645 7105
646 7116
647 7127
648 7138
649 7149
650 7160
651 7171
652 7182
653 7193
654 7204
655 7215
656 7226
657 7237
658 7248
659 7259
660 7270
661 7281
662 7292
663 7303
664 7314
665 7325
666 7336
667 7347
668 7358
669 7369
670 7380
671 7391
672 7402
673 7413
674 7424
675 7435
676 7446
677 7457
678 7468
679 7479
680 7490
681 7501
682 7512
683 7523
684 7534
685 7545
686 7556
687 7567
688 7578
689 7589
690 7600
691 7611
692 7622
693 7633
694 7644
695 7655
696 7666
697 7677
698 7688
699 7699
700 7710
701 7721
702 7732
703 7743
704 7754
705 7765
706 7776
707 7787
708 7798
709 7809
710 7820
711 7831
712 7842
713 7853
714 7864
715 7875
716 7886
717 7897
718 7908
719 7919
720 7930
721 7941
722 7952
723 7963
724 7974
725 7985
726 7996
727 8007
728 8018
729 8029
730 8040
731 8051
732 8062
733 8073
734 8084
735 8095
736 8106
737 8117
738 8128
739 8139
740 8150
741 8161
742 8172
743 8183
744 8194
745 8205
746 8216
747 8227
748 8238
749 8249
750 8260
751 8271
752 8282
753 8293
754 8304
755 8315
756 8326
757 8337
758 8348
759 8359
760 8370
761 8381
762 8392
763 8403
764 8414
765 8425
766 8436
767 8447
768 8458
769 8469
770 8480
771 8491
772 8502
773 8513
774 8524
775 8535
776 8546
777 8557
778 8568
779 8579
780 8590
781 8601
782 8612
783 8623
784 8634
785 8645
786 8656
787 8667
788 8678
789 8689
790 8700
791 8711
792 8722
793 8733
794 8744
795 8755
796 8766
797 8777
798 8788
799 8799
800 8810
801 8821
802 8832
803 8843
804 8854
805 8865
806 8876
807 8887
808 8898
809 8909
810 8920
811 8931
812 8942
813 8953
814 8964
815 8975
816 8986
817 8997
818 9008
819 9019
820 9030
821 9041
822 9052
823 9063
824 9074
825 9085
826 9096
827 9107
828 9118
829 9129
830 9140
831 9151
832 9162
833 9173
834 9184
835 9195
836 9206
837 9217
838 9228
839 9239
840 9250
841 9261
842 9272
843 9283
844 9294
845 9305
846 9316
847 9327
848 9338
849 9349
850 9360
851 9371
852 9382
853 9393
854 9404
855 9415
856 9426
857 9437
858 9448
859 9459
860 9470
861 9481
862 9492
863 9503
864 9514
865 9525
866 9536
867 9547
868 9558
869 9569
870 9580
871 9591
872 9602
873 9613
874 9624
875 9635
876 9646
877 9657
878 9668
879 9679
880 9690
881 9701
882 9712
883 9723
884 9734
885 9745
886 9756
887 9767
888 9778
889 9789
890 9800
891 9811
892 9822
893 9833
894 9844
895 9855
896 9866
897 9877
898 9888
899 9899
900 9910
901 9921
902 9932
903 9943
904 9954
905 9965
906 9976
907 9987
908 9998
909 10009
910 10020
911 10031
912 10042
913 10053
914 10064
915 10075
916 10086
917 10097
918 10108
919 10119
920 10130
921 10141
922 10152
923 10163
924 10174
925 10185
926 10196
927 10207
928 10218
929 10229
930 10240
931 10251
932 10262
933 10273
934 10284
935 10295
936 10306
937 10317
938 10328
939 10339
940 10350
941 10361
942 10372
943 10383
944 10394
945 10405
946 10416
947 10427
948 10438
949 10449
950 10460
951 10471
952 10482
953 10493
954 10504
955 10515
956 10526
957 10537
958 10548
959 10559
960 10570
961 10581
962 10592
963 10603
964 10614
965 10625
966 10636
967 10647
968 10658
969 10669
970 10680
971 10691
972 10702
973 10713
974 10724
975 10735
976 10746
977 10757
978 10768
979 10779
980 10790
981 10801
982 10812
983 10823
984 10834
985 10845
986 10856
987 10867
988 10878
989 10889
990 10900
991 10911
992 10922
993 10933
994 10944
995 10955
996 10966
997 10977
998 10988
999 10999
1000 11010
