0 1
1 8
2 36
3 120
4 330
5 792
6 1716
7 3432
8 6435
9 11440
10 19448
11 31824
12 50388
13 77520
14 116280
15 170544
16 245157
17 346104
18 480700
19 657800
20 888030
21 1184040
22 1560780
23 2035800
24 2629575
25 3365856
26 4272048
27 5379616
28 6724520
29 8347680
30 10295472
31 12620256
32 15380937
33 18643560
34 22481940
35 26978328
36 32224114
37 38320568
38 45379620
39 53524680
40 62891499
41 73629072
42 85900584
43 99884400
44 115775100
45 133784560
46 154143080
47 177100560
48 202927725
49 231917400
50 264385836
51 300674088
52 341149446
53 386206920
54 436270780
55 491796152
56 553270671
57 621216192
58 696190560
59 778789440
60 869648208
61 969443904
62 1078897248
63 1198774720
64 1329890705
65 1473109704
66 1629348612
67 1799579064
68 1984829850
69 2186189400
70 2404808340
71 2641902120
72 2898753715
73 3176716400
74 3477216600
75 3801756816
76 4151918628
77 4529365776
78 4935847320
79 5373200880
80 5843355957
81 6348337336
82 6890268572
83 7471375560
84 8093990190
85 8760554088
86 9473622444
87 10235867928
88 11050084695
89 11919192480
90 12846240784
91 13834413152
92 14887031544
93 16007560800
94 17199613200
95 18466953120
96 19813501785
97 21243342120
98 22760723700
99 24370067800
100 26075972546
101 27883218168
102 29796772356
103 31821795720
104 33963647355
105 36227890512
106 38620298376
107 41146859952
108 43813786060
109 46627515440
110 49594720968
111 52722315984
112 56017460733
113 59487568920
114 63140314380
115 66983637864
116 71025753942
117 75275158024
118 79740633500
119 84431259000
120 89356415775
121 94525795200
122 99949406400
123 105637584000
124 111600996000
125 117850651776
126 124397910208
127 131254487936
128 138432467745
129 145944307080
130 153802846692
131 162021319416
132 170613359082
133 179593009560
134 188974733940
135 198773423848
136 209004408899
137 219683466288
138 230826830520
139 242451203280
140 254573763444
141 267212177232
142 280384608504
143 294109729200
144 308406729925
145 323295330680
146 338795791740
147 354928924680
148 371716103550
149 389179276200
150 407340975756
151 426224332248
152 445853084391
153 466251591520
154 487444845680
155 509458483872
156 532318800456
157 556052759712
158 580688008560
159 606252889440
160 632776453353
161 660288473064
162 688819456468
163 718400660120
164 749064102930
165 780842580024
166 813769676772
167 847879782984
168 883208107275
169 919790691600
170 957664425960
171 996867063280
172 1037437234460
173 1079414463600
174 1122839183400
175 1167752750736
176 1214197462413
177 1262216571096
178 1311854301420
179 1363155866280
180 1416167483302
181 1470936391496
182 1527510868092
183 1585940245560
184 1646274928815
185 1708566412608
186 1772867299104
187 1839231315648
188 1907713332720
189 1978369382080
190 2051256675104
191 2126433621312
192 2203959847089
193 2283896214600
194 2366304840900
195 2451249117240
196 2538793728570
197 2629004673240
198 2721949282900
199 2817696242600
200 2916315611091
201 3017878841328
202 3122458801176
203 3230129794320
204 3340967581380
205 3455049401232
206 3572453992536
207 3693261615472
208 3817554073685
209 3945414736440
210 4076928560988
211 4212182115144
212 4351263600078
213 4494262873320
214 4641271471980
215 4792382636184
216 4947691332727
217 5107294278944
218 5271289966800
219 5439778687200
220 5612862554520
221 5790645531360
222 5973233453520
223 6160734055200
224 6353256994425
225 6550913878696
226 6753818290868
227 6962085815256
228 7175834063970
229 7395182703480
230 7620253481412
231 7851170253576
232 8088059011227
233 8331047908560
234 8580267290440
235 8835849720368
236 9097930008684
237 9366645241008
238 9642134806920
239 9924540428880
240 10214006191389
241 10510678570392
242 10814706462924
243 11126241217000
244 11445436661750
245 11772449137800
246 12107437527900
247 12450563287800
248 12801990477375
249 13161885792000
250 13530418594176
251 13907760945408
252 14294087638336
253 14689576229120
254 15094407070080
255 15508763342592
256 15932831090241
257 16366799252232
258 16810859697060
259 17265207256440
260 17730039759498
261 18205558067224
262 18691966107188
263 19189470908520
264 19698282637155
265 20218614631344
266 20750683437432
267 21294708845904
268 21850913927700
269 22419525070800
270 23000772017080
271 23594887899440
272 24202109279205
273 24822676183800
274 25456832144700
275 26104824235656
276 26766903111198
277 27443323045416
278 28134341971020
279 28840221518680
280 29561227056647
281 30297627730656
282 31049696504112
283 31817710198560
284 32601949534440
285 33402699172128
286 34220247753264
287 35054887942368
288 35906916468745
289 36776634168680
290 37664346027924
291 38570361224472
292 39494993171634
293 40438559561400
294 41401382408100
295 42383788092360
296 43386107405355
297 44408675593360
298 45451832402600
299 46515922124400
300 47601293640636
301 48708300469488
302 49837300811496
303 50988657595920
304 52162738527405
305 53359916132952
306 54580567809196
307 55825075869992
308 57093827594310
309 58387215274440
310 59705636264508
311 61049493029304
312 62419193193423
313 63815149590720
314 65237780314080
315 66687508765504
316 68164763706512
317 69669979308864
318 71203595205600
319 72766056542400
320 74357814029265
321 75979323992520
322 77631048427140
323 79313455049400
324 81027017349850
325 82772214646616
326 84549532139028
327 86359460961576
328 88202498238195
329 90079147136880
330 91989916924632
331 93935323022736
332 95915887062372
333 97932136940560
334 99984606876440
335 102073837467888
336 104200375748469
337 106364775244728
338 108567596033820
339 110809404801480
340 113090774900334
341 115412286408552
342 117774526188844
343 120178087947800
344 122623572295575
345 125111586805920
346 127642746076560
347 130217671789920
348 132836992774200
349 135501345064800
350 138211371966096
351 140967724113568
352 143771059536281
353 146622043719720
354 149521349668980
355 152469657972312
356 155467656865026
357 158516042293752
358 161615517981060
359 164766795490440
360 167970594291643
361 171227641826384
362 174538673574408
363 177904433119920
364 181325672218380
365 184803150863664
366 188337637355592
367 191929908367824
368 195580749016125
369 199290952927000
370 203061322306700
371 206892668010600
372 210785809612950
373 214741575477000
374 218760802825500
375 222844337811576
376 226993035589983
377 231207760388736
378 235489385581120
379 239838793758080
380 244256876800992
381 248744535954816
382 253302681901632
383 257932234834560
384 262634124532065
385 267409290432648
386 272258681709924
387 277183257348088
388 282183986217770
389 287261847152280
390 292417829024244
391 297652930822632
392 302968161730179
393 308364541201200
394 313843099039800
395 319404875478480
396 325050921257140
397 330782297702480
398 336600076807800
399 342505341313200
400 348499184786181
401 354582711702648
402 360757037528316
403 367023288800520
404 373382603210430
405 379836129685672
406 386385028473356
407 393030471223512
408 399773641072935
409 406615732729440
410 413557952556528
411 420601518658464
412 427747660965768
413 434997621321120
414 442352653565680
415 449814023625824
416 457383009600297
417 465060901847784
418 472849003074900
419 480748628424600
420 488761105565010
421 496887774778680
422 505129989052260
423 513489114166600
424 521966528787275
425 530563624555536
426 539281806179688
427 548122491526896
428 557087111715420
429 566177111207280
430 575393947901352
431 584739093226896
432 594214032237517
433 603820263705560
434 613559300216940
435 623432668266408
436 633441908353254
437 643588575077448
438 653874237236220
439 664300477921080
440 674868894615279
441 685581099291712
442 696438718511264
443 707443393521600
444 718596780356400
445 729900549935040
446 741356388162720
447 752965996031040
448 764731089719025
449 776653400694600
450 788734675816516
451 800976677436728
452 813381183503226
453 825949987663320
454 838684899367380
455 851587743973032
456 864660362849811
457 877904613484272
458 891322369585560
459 904915521191440
460 918685974774788
461 932635653350544
462 946766496583128
463 961080460894320
464 975579519571605
465 990265662876984
466 1005140898156252
467 1020207249948744
468 1035466760097550
469 1050921487860200
470 1066573510019820
471 1082424920996760
472 1098477832960695
473 1114734375943200
474 1131196697950800
475 1147866965078496
476 1164747361623768
477 1181840090201056
478 1199147371856720
479 1216671446184480
480 1234414571441337
481 1252379024663976
482 1270567101785652
483 1288981117753560
484 1307623406646690
485 1326496321794168
486 1345602235894084
487 1364943541132808
488 1384522649304795
489 1404341991932880
490 1424404020389064
491 1444711206015792
492 1465266040247724
493 1486071034734000
494 1507128721461000
495 1528441652875600
496 1550012402008925
497 1571843562600600
498 1593937749223500
499 1616297597409000
500 1638925763772726
501 1661824926140808
502 1684997783676636
503 1708447057008120
504 1732175488355455
505 1756185841659392
506 1780480902710016
507 1805063479276032
508 1829936401234560
509 1855102520701440
510 1880564712162048
511 1906325872602624
512 1932388921642113
513 1958756801664520
514 1985432477951780
515 2012418938817144
516 2039719195739082
517 2067336283495704
518 2095273260299700
519 2123533207933800
520 2152119231886755
521 2181034461489840
522 2210282050053880
523 2239865175006800
524 2269787038031700
525 2300050865205456
526 2330659907137848
527 2361617439111216
528 2392926761220645
529 2424591198514680
530 2456614101136572
531 2488998844466056
532 2521748829261662
533 2554867481803560
534 2588358254036940
535 2622224623715928
536 2656470094548039
537 2691098196339168
538 2726112485139120
539 2761516543387680
540 2797313980061224
541 2833508430819872
542 2870103558155184
543 2907103051538400
544 2944510627569225
545 2982330030125160
546 3020565030511380
547 3059219427611160
548 3098297048036850
549 3137801746281400
550 3177737404870436
551 3218107934514888
552 3258917274264171
553 3300169391659920
554 3341868282890280
555 3384017972944752
556 3426622515769596
557 3469685994423792
558 3513212521235560
559 3557206237959440
560 3601671315933933
561 3646611956239704
562 3692032389858348
563 3737936877831720
564 3784329711421830
565 3831215212271304
566 3878597732564412
567 3926481655188664
568 3974871393896975
569 4023771393470400
570 4073186129881440
571 4123120110457920
572 4173577874047440
573 4224563991182400
574 4276083064245600
575 4328139727636416
576 4380738647937553
577 4433884524082376
578 4487582087522820
579 4541836102397880
580 4596651365702682
581 4652032707458136
582 4707984990881172
583 4764513112555560
584 4821622002603315
585 4879316624856688
586 4937601977030744
587 4996483090896528
588 5055965032454820
589 5116052902110480
590 5176751834847384
591 5238067000403952
592 5300003603449269
593 5362566883759800
594 5425762116396700
595 5489594611883720
596 5554069716385710
597 5619192811887720
598 5684969316374700
599 5751404684011800
600 5818504405325271
601 5886274007383968
602 5954719053981456
603 6023845145818720
604 6093657920687480
605 6164163053654112
606 6235366257244176
607 6307273281627552
608 6379889914804185
609 6453221982790440
610 6527275349806068
611 6602055918461784
612 6677569629947458
613 6753822464220920
614 6830820440197380
615 6908569615939464
616 6987076088847867
617 7066345995852624
618 7146385513605000
619 7227200858670000
620 7308798287719500
621 7391184097726000
622 7474364626157000
623 7558346251170000
624 7643135391808125
625 7728738508196376
626 7815162101738508
627 7902412715314536
628 7990496933478870
629 8079421382659080
630 8169192731355292
631 8259817690340216
632 8351303012859807
633 8443655494834560
634 8536881975061440
635 8630989335416448
636 8725984501057824
637 8821874440629888
638 8918666166467520
639 9016366734801280
640 9114983245963169
641 9214522844593032
642 9314992719845604
643 9416400105598200
644 9518752280659050
645 9622056568976280
646 9726320339847540
647 9831551008130280
648 9937756034452675
649 10044942925425200
650 10153119233852856
651 10262292558948048
652 10372470546544116
653 10483660889309520
654 10595871326962680
655 10709109646487472
656 10823383682349381
657 10938701316712312
658 11055070479656060
659 11172499149394440
660 11290995352494078
661 11410567164093864
662 11531222708125068
663 11652970157532120
664 11775817734494055
665 11899773710646624
666 12024846407305072
667 12151044195687584
668 12278375497139400
669 12406848783357600
670 12536472576616560
671 12667255449994080
672 12799206027598185
673 12932332984794600
674 13066645048434900
675 13202150997085336
676 13338859661256338
677 13476779923632696
678 13615920719304420
679 13756291035998280
680 13897899914310027
681 14040756447937296
682 14184869783913192
683 14330249122840560
684 14476903719126940
685 14624842881220208
686 14774075971844904
687 14924612408239248
688 15076461662392845
689 15229633261285080
690 15384136787124204
691 15539981877587112
692 15697178226059814
693 15855735581878600
694 16015663750571900
695 16176972594102840
696 16339672031112495
697 16503772037163840
698 16669282644986400
699 16836213944721600
700 17004576084168816
701 17174379269032128
702 17345633763167776
703 17518349888832320
704 17692538026931505
705 17868208617269832
706 18045372158800836
707 18224039209878072
708 18404220388506810
709 18585926372596440
710 18769167900213588
711 18953955769835944
712 19140300840606803
713 19328214032590320
714 19517706327027480
715 19708788766592784
716 19901472455651652
717 20095768560518544
718 20291688309715800
719 20489242994233200
720 20688443967788245
721 20889302647087160
722 21091830512086620
723 21296039106256200
724 21501940036841550
725 21709544975128296
726 21918865656706668
727 22129913881736856
728 22342701515215095
729 22557240487240480
730 22773542793282512
731 22991620494449376
732 23211485717756952
733 23433150656398560
734 23656627570015440
735 23881928784967968
736 24109066694607609
737 24338053759549608
738 24568902507946420
739 24801625535761880
740 25036235507046114
741 25272745154211192
742 25511167278307524
743 25751514749301000
744 25993800506350875
745 26238037558088400
746 26484238982896200
747 26732417929188400
748 26982587615691500
749 27234761331726000
750 27488952437488776
751 27745174364336208
752 28003440615068061
753 28263764764212120
754 28526160458309580
755 28790641416201192
756 29057221429314166
757 29325914361949832
758 29596734151572060
759 29869694809096440
760 30144810419180223
761 30422095140513024
762 30701563206108288
763 30983228923595520
764 31267106675513280
765 31553210919602944
766 31841556189103232
767 32132157093045504
768 32425028316549825
769 32720184621121800
770 33017640844950180
771 33317411903205240
772 33619512788337930
773 33923958570379800
774 34230764397243700
775 34539945495025256
776 34851517168305123
777 35165494800452016
778 35481893853926520
779 35800729870585680
780 36122018471988372
781 36445775359701456
782 36772016315606712
783 37100757202208560
784 37432013962942565
785 37765802622484728
786 38102139287061564
787 38441040144760968
788 38782521465843870
789 39126599603056680
790 39473290991944524
791 39822612151165272
792 40174579682804359
793 40529210272690400
794 40886520690711600
795 41246527791132960
796 41609248512914280
797 41974699880028960
798 42342899001783600
799 42713863073138400
800 43087609375028361
801 43464155274685288
802 43843518225960596
803 44225715769648920
804 44610765533812530
805 44998685234106552
806 45389492674104996
807 45783205745627592
808 46179842429067435
809 46579420793719440
810 46981958998109608
811 47387475290325104
812 47795988008345148
813 48207515580372720
814 48622076525167080
815 49039689452377104
816 49460373062875437
817 49884146149093464
818 50311027595357100
819 50741036378223400
820 51174191566817990
821 51610512323173320
822 52050017902567740
823 52492727653865400
824 52938661019856975
825 53387837537601216
826 53840276838767328
827 54295998649978176
828 54755022793154320
829 55217369185858880
830 55683057841643232
831 56152108870393536
832 56624542478678097
833 57100378970095560
834 57579638745623940
835 58062342303970488
836 58548510241922394
837 59038163254698328
838 59531322136300820
839 60028007779869480
840 60528241178035059
841 61032043423274352
842 61539435708265944
843 62050439326246800
844 62565075671369700
845 63083366239061520
846 63605332626382360
847 64130996532385520
848 64660379758478325
849 65193504208783800
850 65730391890503196
851 66271064914279368
852 66815545494561006
853 67363855949967720
854 67916018703655980
855 68472056283685912
856 69031991323388951
857 69595846561736352
858 70163644843708560
859 70735409120665440
860 71311162450717368
861 71890927999097184
862 72474729038533008
863 73062588949621920
864 73654531221204505
865 74250579450740264
866 74850757344683892
867 75455088718862424
868 76063597498853250
869 76676307720363000
870 77293243529607300
871 77914429183691400
872 78539889050991675
873 79169647611538000
874 79803729457397000
875 80442159293056176
876 81084961935808908
877 81732162316140336
878 82383785478114120
879 83039856579760080
880 83700400893462717
881 84365443806350616
882 85035010820686732
883 85709127554259560
884 86387819740775190
885 87071113230250248
886 87759033989405724
887 88451608102061688
888 89148861769532895
889 89850821311025280
890 90557513164033344
891 91268963884738432
892 91985200148407904
893 92706248749795200
894 93432136603540800
895 94162890744574080
896 94898538328516065
897 95639106632083080
898 96384623053491300
899 97135115112862200
900 97890610452628906
901 98651136837943448
902 99416722157084916
903 100187394421868520
904 100963181768055555
905 101744112455764272
906 102530214869881656
907 103321517520476112
908 104118049043211060
909 104919838199759440
910 105726913878219128
911 106539305093529264
912 107357040987887493
913 108180150831168120
914 109008664021341180
915 109842610084892424
916 110682018677244222
917 111526919583177384
918 112377342717253900
919 113233318124240600
920 114094875979533735
921 114962046589584480
922 115834860392325360
923 116713347957597600
924 117597539987579400
925 118487467317215136
926 119383160914645488
927 120284651881638496
928 121191971454021545
929 122105151002114280
930 123024222031162452
931 123949216181772696
932 124880165230348242
933 125817101089525560
934 126760055808611940
935 127709061574024008
936 128664150709727179
937 129625355677676048
938 130592709078255720
939 131566243650724080
940 132545992273655004
941 133531987965382512
942 134524263884445864
943 135522853330035600
944 136527789742440525
945 137539106703495640
946 138556837937031020
947 139581017309321640
948 140611678829538150
949 141648856650198600
950 142692585067621116
951 143742898522377528
952 144799831599747951
953 145863419030176320
954 146933695689726880
955 148010696600541632
956 149094456931298736
957 150185011997671872
958 151282397262790560
959 152386648337701440
960 153497800981830513
961 154615891103446344
962 155740954760124228
963 156873028159211320
964 158012147658292730
965 159158349765658584
966 160311671140772052
967 161472148594738344
968 162639819090774675
969 163814719744681200
970 164996887825312920
971 166186360755052560
972 167383176110284420
973 168587371621869200
974 169798985175619800
975 171018054812778096
976 172244618730492693
977 173478715282297656
978 174720382978592220
979 175969660487121480
980 177226586633458062
981 178491200401484776
982 179763540933878252
983 181043647532593560
984 182331559659349815
985 183627316936116768
986 184930959145602384
987 186242526231741408
988 187562058300184920
989 188889595618790880
990 190225178618115664
991 191568847891906592
992 192920644197595449
993 194280608456793000
994 195648781755784500
995 197025205346026200
996 198409920644642850
997 199802969234926200
998 201204392866834500
999 202614233457493000
1000 204032533091695451
