0 0
1 13
2 22
3 31
4 40
5 49
6 58
7 67
8 76
9 85
10 94
11 103
12 112
13 121
14 130
15 139
16 148
17 157
18 166
19 175
20 184
21 193
22 202
23 211
24 220
25 229
26 238
27 247
28 256
29 265
30 274
31 283
32 292
33 301
34 310
35 319
36 328
37 337
38 346
39 355
40 364
41 373
42 382
43 391
44 400
45 409
46 418
47 427
48 436
49 445
50 454
51 463
52 472
53 481
54 490
55 499
56 508
57 517
58 526
59 535
60 544
61 553
62 562
63 571
64 580
65 589
66 598
67 607
68 616
69 625
70 634
71 643
72 652
73 661
74 670
75 679
76 688
77 697
78 706
79 715
80 724
81 733
82 742
83 751
84 760
85 769
86 778
87 787
88 796
89 805
90 814
91 823
92 832
93 841
94 850
95 859
96 868
97 877
98 886
99 895
100 904
101 913
102 922
103 931
104 940
105 949
106 958
107 967
108 976
109 985
110 994
111 1003
112 1012
113 1021
114 1030
115 1039
116 1048
117 1057
118 1066
119 1075
120 1084
121 1093
122 1102
123 1111
124 1120
125 1129
126 1138
127 1147
128 1156
129 1165
130 1174
131 1183
132 1192
133 1201
134 1210
135 1219
136 1228
137 1237
138 1246
139 1255
140 1264
141 1273
142 1282
143 1291
144 1300
145 1309
146 1318
147 1327
148 1336
149 1345
150 1354
151 1363
152 1372
153 1381
154 1390
155 1399
156 1408
157 1417
158 1426
159 1435
160 1444
161 1453
162 1462
163 1471
164 1480
165 1489
166 1498
167 1507
168 1516
169 1525
170 1534
171 1543
172 1552
173 1561
174 1570
175 1579
176 1588
177 1597
178 1606
179 1615
180 1624
181 1633
182 1642
183 1651
184 1660
185 1669
186 1678
187 1687
188 1696
189 1705
190 1714
191 1723
192 1732
193 1741
194 1750
195 1759
196 1768
197 1777
198 1786
199 1795
200 1804
201 1813
202 1822
203 1831
204 1840
205 1849
206 1858
207 1867
208 1876
209 1885
210 1894
211 1903
212 1912
213 1921
214 1930
215 1939
216 1948
217 1957
218 1966
219 1975
220 1984
221 1993
222 2002
223 2011
224 2020
225 2029
226 2038
227 2047
228 2056
229 2065
230 2074
231 2083
232 2092
233 2101
234 2110
235 2119
236 2128
237 2137
238 2146
239 2155
240 2164
241 2173
242 2182
243 2191
244 2200
245 2209
246 2218
247 2227
248 2236
249 2245
250 2254
251 2263
252 2272
253 2281
254 2290
255 2299
256 2308
257 2317
258 2326
259 2335
260 2344
261 2353
262 2362
263 2371
264 2380
265 2389
266 2398
267 2407
268 2416
269 2425
270 2434
271 2443
272 2452
273 2461
274 2470
275 2479
276 2488
277 2497
278 2506
279 2515
280 2524
281 2533
282 2542
283 2551
284 2560
285 2569
286 2578
287 2587
288 2596
289 2605
290 2614
291 2623
292 2632
293 2641
294 2650
295 2659
296 2668
297 2677
298 2686
299 2695
300 2704
301 2713
302 2722
303 2731
304 2740
305 2749
306 2758
307 2767
308 2776
309 2785
310 2794
311 2803
312 2812
313 2821
314 2830
315 2839
316 2848
317 2857
318 2866
319 2875
320 2884
321 2893
322 2902
323 2911
324 2920
325 2929
326 2938
327 2947
328 2956
329 2965
330 2974
331 2983
332 2992
333 3001
334 3010
335 3019
336 3028
337 3037
338 3046
339 3055
340 3064
341 3073
342 3082
343 3091
344 3100
345 3109
346 3118
347 3127
348 3136
349 3145
350 3154
351 3163
352 3172
353 3181
354 3190
355 3199
356 3208
357 3217
358 3226
359 3235
360 3244
361 3253
362 3262
363 3271
364 3280
365 3289
366 3298
367 3307
368 3316
369 3325
370 3334
371 3343
372 3352
373 3361
374 3370
375 3379
376 3388
377 3397
378 3406
379 3415
380 3424
381 3433
382 3442
383 3451
384 3460
385 3469
386 3478
387 3487
388 3496
389 3505
390 3514
391 3523
392 3532
393 3541
394 3550
395 3559
396 3568
397 3577
398 3586
399 3595
400 3604
401 3613
402 3622
403 3631
404 3640
405 3649
406 3658
407 3667
408 3676
409 3685
410 3694
411 3703
412 3712
413 3721
414 3730
415 3739
416 3748
417 3757
418 3766
419 3775
420 3784
421 3793
422 3802
423 3811
424 3820
425 3829
426 3838
427 3847
428 3856
429 3865
430 3874
431 3883
432 3892
433 3901
434 3910
435 3919
436 3928
437 3937
438 3946
439 3955
440 3964
441 3973
442 3982
443 3991
444 4000
445 4009
446 4018
447 4027
448 4036
449 4045
450 4054
451 4063
452 4072
453 4081
454 4090
455 4099
456 4108
457 4117
458 4126
459 4135
460 4144
461 4153
462 4162
463 4171
464 4180
465 4189
466 4198
467 4207
468 4216
469 4225
470 4234
471 4243
472 4252
473 4261
474 4270
475 4279
476 4288
477 4297
478 4306
479 4315
480 4324
481 4333
482 4342
483 4351
484 4360
485 4369
486 4378
487 4387
488 4396
489 4405
490 4414
491 4423
492 4432
493 4441
494 4450
495 4459
496 4468
497 4477
498 4486
499 4495
500 4504
501 4513
502 4522
503 4531
504 4540
505 4549
506 4558
507 4567
508 4576
509 4585
510 4594
511 4603
512 4612
513 4621
514 4630
515 4639
516 4648
517 4657
518 4666
519 4675
520 4684
521 4693
522 4702
523 4711
524 4720
525 4729
526 4738
527 4747
528 4756
529 4765
530 4774
531 4783
532 4792
533 4801
534 4810
535 4819
536 4828
537 4837
538 4846
539 4855
540 4864
541 4873
542 4882
543 4891
544 4900
545 4909
546 4918
547 4927
548 4936
549 4945
550 4954
551 4963
552 4972
553 4981
554 4990
555 4999
556 5008
557 5017
558 5026
559 5035
560 5044
561 5053
562 5062
563 5071
564 5080
565 5089
566 5098
567 5107
568 5116
569 5125
570 5134
571 5143
572 5152
573 5161
574 5170
575 5179
576 5188
577 5197
578 5206
579 5215
580 5224
581 5233
582 5242
583 5251
584 5260
585 5269
586 5278
587 5287
588 5296
589 5305
590 5314
591 5323
592 5332
593 5341
594 5350
595 5359
596 5368
597 5377
598 5386
599 5395
600 5404
601 5413
602 5422
603 5431
604 5440
605 5449
606 5458
607 5467
608 5476
609 5485
610 5494
611 5503
612 5512
613 5521
614 5530
615 5539
616 5548
617 5557
618 5566
619 5575
620 5584
621 5593
622 5602
623 5611
624 5620
625 5629
626 5638
627 5647
628 5656
629 5665
630 5674
631 5683
632 5692
633 5701
634 5710
635 5719
636 5728
637 5737
638 5746
639 5755
640 5764
641 5773
642 5782
643 5791
644 5800
645 5809
646 5818
647 5827
648 5836
649 5845
650 5854
651 5863
652 5872
653 5881
654 5890
655 5899
656 5908
657 5917
658 5926
659 5935
660 5944
661 5953
662 5962
663 5971
664 5980
665 5989
666 5998
667 6007
668 6016
669 6025
670 6034
671 6043
672 6052
673 6061
674 6070
675 6079
676 6088
677 6097
678 6106
679 6115
680 6124
681 6133
682 6142
683 6151
684 6160
685 6169
686 6178
687 6187
688 6196
689 6205
690 6214
691 6223
692 6232
693 6241
694 6250
695 6259
696 6268
697 6277
698 6286
699 6295
700 6304
701 6313
702 6322
703 6331
704 6340
705 6349
706 6358
707 6367
708 6376
709 6385
710 6394
711 6403
712 6412
713 6421
714 6430
715 6439
716 6448
717 6457
718 6466
719 6475
720 6484
721 6493
722 6502
723 6511
724 6520
725 6529
726 6538
727 6547
728 6556
729 6565
730 6574
731 6583
732 6592
733 6601
734 6610
735 6619
736 6628
737 6637
738 6646
739 6655
740 6664
741 6673
742 6682
743 6691
744 6700
745 6709
746 6718
747 6727
748 6736
749 6745
750 6754
751 6763
752 6772
753 6781
754 6790
755 6799
756 6808
757 6817
758 6826
759 6835
760 6844
761 6853
762 6862
763 6871
764 6880
765 6889
766 6898
767 6907
768 6916
769 6925
770 6934
771 6943
772 6952
773 6961
774 6970
775 6979
776 6988
777 6997
778 7006
779 7015
780 7024
781 7033
782 7042
783 7051
784 7060
785 7069
786 7078
787 7087
788 7096
789 7105
790 7114
791 7123
792 7132
793 7141
794 7150
795 7159
796 7168
797 7177
798 7186
799 7195
800 7204
801 7213
802 7222
803 7231
804 7240
805 7249
806 7258
807 7267
808 7276
809 7285
810 7294
811 7303
812 7312
813 7321
814 7330
815 7339
816 7348
817 7357
818 7366
819 7375
820 7384
821 7393
822 7402
823 7411
824 7420
825 7429
826 7438
827 7447
828 7456
829 7465
830 7474
831 7483
832 7492
833 7501
834 7510
835 7519
836 7528
837 7537
838 7546
839 7555
840 7564
841 7573
842 7582
843 7591
844 7600
845 7609
846 7618
847 7627
848 7636
849 7645
850 7654
851 7663
852 7672
853 7681
854 7690
855 7699
856 7708
857 7717
858 7726
859 7735
860 7744
861 7753
862 7762
863 7771
864 7780
865 7789
866 7798
867 7807
868 7816
869 7825
870 7834
871 7843
872 7852
873 7861
874 7870
875 7879
876 7888
877 7897
878 7906
879 7915
880 7924
881 7933
882 7942
883 7951
884 7960
885 7969
886 7978
887 7987
888 7996
889 8005
890 8014
891 8023
892 8032
893 8041
894 8050
895 8059
896 8068
897 8077
898 8086
899 8095
900 8104
901 8113
902 8122
903 8131
904 8140
905 8149
906 8158
907 8167
908 8176
909 8185
910 8194
911 8203
912 8212
913 8221
914 8230
915 8239
916 8248
917 8257
918 8266
919 8275
920 8284
921 8293
922 8302
923 8311
924 8320
925 8329
926 8338
927 8347
928 8356
929 8365
930 8374
931 8383
932 8392
933 8401
934 8410
935 8419
936 8428
937 8437
938 8446
939 8455
940 8464
941 8473
942 8482
943 8491
944 8500
945 8509
946 8518
947 8527
948 8536
949 8545
950 8554
951 8563
952 8572
953 8581
954 8590
955 8599
956 8608
957 8617
958 8626
959 8635
960 8644
961 8653
962 8662
963 8671
964 8680
965 8689
966 8698
967 8707
968 8716
969 8725
970 8734
971 8743
972 8752
973 8761
974 8770
975 8779
976 8788
977 8797
978 8806
979 8815
980 8824
981 8833
982 8842
983 8851
984 8860
985 8869
986 8878
987 8887
988 8896
989 8905
990 8914
991 8923
992 8932
993 8941
994 8950
995 8959
996 8968
997 8977
998 8986
999 8995
1000 9004
