0 1
1 2
2 3
3 4
4 6
5 8
6 12
7 16
8 23
9 31
10 43
11 57
12 78
13 102
14 136
15 177
16 232
17 298
18 386
19 491
20 628
21 793
22 1003
23 1256
24 1576
25 1959
26 2437
27 3011
28 3719
29 4566
30 5605
31 6843
32 8350
33 10144
34 12311
35 14884
36 17978
37 21638
38 26016
39 31186
40 37339
41 44584
42 53175
43 63262
44 75176
45 89135
46 105559
47 124755
48 147274
49 173526
50 204227
51 239944
52 281590
53 329932
54 386156
55 451277
56 526824
57 614155
58 715221
59 831821
60 966468
61 1121506
62 1300157
63 1505500
64 1741631
65 2012559
66 2323521
67 2679690
68 3087736
69 3554346
70 4087969
71 4697206
72 5392784
73 6185690
74 7089501
75 8118265
76 9289092
77 10619864
78 12132165
79 13848651
80 15796477
81 18004328
82 20506256
83 23338470
84 26543661
85 30167358
86 34262963
87 38887674
88 44108110
89 49995926
90 56634174
91 64112360
92 72533808
93 82010178
94 92669721
95 104651420
96 118114305
97 133230931
98 150198137
99 169229876
100 190569293
101 214481127
102 241265380
103 271248951
104 304801366
105 342325710
106 384276337
107 431149390
108 483502845
109 541946241
110 607163747
111 679903204
112 761002157
113 851376629
114 952050666
115 1064144452
116 1188908249
117 1327710077
118 1482074144
119 1653668666
120 1844349561
121 2056148052
122 2291320913
123 2552338242
124 2841940501
125 3163127353
126 3519222693
127 3913864296
128 4351078601
129 4835271871
130 5371315401
131 5964539505
132 6620830890
133 7346629513
134 8149040696
135 9035836077
136 10015581681
137 11097645017
138 12292341832
139 13610949896
140 15065878136
141 16670689209
142 18440293321
143 20390982758
144 22540654446
145 24908858010
146 27517052600
147 30388671979
148 33549419498
149 37027355201
150 40853235314
151 45060624583
152 49686288422
153 54770336325
154 60356673281
155 66493182098
156 73232243760
157 80630964770
158 88751778803
159 97662728556
160 107438159467
161 118159068428
162 129913904638
163 142798995931
164 156919475296
165 172389800256
166 189334822580
167 207890420103
168 228204732752
169 250438925116
170 274768617131
171 301384802049
172 330495499614
173 362326859896
174 397125074751
175 435157697831
176 476715857291
177 522115831196
178 571701605656
179 625846753121
180 684957390937
181 749474411782
182 819876908324
183 896684817528
184 980462880431
185 1071823774338
186 1171432692374
187 1280011042269
188 1398341745572
189 1527273599626
190 1667727404094
191 1820701100653
192 1987276856364
193 2168627105470
194 2366022741846
195 2580840212974
196 2814570987592
197 3068829878531
198 3345365983699
199 3646072432126
200 3972999029389
201 4328363658648
202 4714566886084
203 5134205287974
204 5590088317496
205 6085253859261
206 6622987708041
207 7206841706491
208 7840656226138
209 8528581302376
210 9275102575356
211 10085065885768
212 10963707205260
213 11916681236279
214 12950095925896
215 14070545699288
216 15285151248482
217 16601598107915
218 18028182516672
219 19573856161146
220 21248279009368
221 23061871173850
222 25025873760112
223 27152408925616
224 29454549941751
225 31946390696158
226 34643126322520
227 37561133582571
228 40718063627363
229 44132934884256
230 47826239745921
231 51820051838713
232 56138148670948
233 60806135438330
234 65851585970276
235 71304185514920
236 77195892663513
237 83561103925872
238 90436839668818
239 97862933703586
240 105882246722734
241 114540884553039
242 123888443077260
243 133978259344889
244 144867692496446
245 156618412527947
246 169296722391555
247 182973889854027
248 197726516681673
249 213636919820626
250 230793554364682
251 249291451168560
252 269232701252580
253 290726957916113
254 313891991306666
255 338854264248681
256 365749566870783
257 394723676655358
258 425933084409357
259 459545750448676
260 495741934760847
261 534715062908610
262 576672674947169
263 621837416509616
264 670448123060171
265 722760953690373
266 779050629562168
267 839611730366815
268 904760108316361
269 974834369944626
270 1050197489931118
271 1131238503938607
272 1218374349844334
273 1312051800816216
274 1412749565173451
275 1520980492851176
276 1637293969337172
277 1762278433057270
278 1896564103591585
279 2040825852575076
280 2195786311682517
281 2362219145337712
282 2540952590045699
283 2732873183547536
284 2938929793929556
285 3160137867148998
286 3397584011986774
287 3652430836071054
288 3925922161489423
289 4219388528587096
290 4534253126900887
291 4872038056472085
292 5234371069753673
293 5622992691950606
294 6039763882095516
295 6486674127079089
296 6965850144195832
297 7479565078510585
298 8030248384943041
299 8620496275465026
300 9253082936723603
301 9930972392403502
302 10657331232548840
303 11435542077822105
304 12269218019229466
305 13162217895057705
306 14118662665280006
307 15142952738857195
308 16239786535829664
309 17414180133147296
310 18671488299600365
311 20017426762576946
312 21458096037352892
313 23000006655487338
314 24650106150830491
315 26415807633566327
316 28305020340996004
317 30326181989842965
318 32488293351466655
319 34800954869440831
320 37274405776748078
321 39919565526999992
322 42748078035954697
323 45772358543578029
324 49005643635237876
325 52462044228828642
326 56156602112874290
327 60105349839666545
328 64325374609114551
329 68834885946073851
330 73653287861850340
331 78801255302666616
332 84300815636225120
333 90175434980549624
334 96450110192202761
335 103151466321735326
336 110307860425292773
337 117949491546113973
338 126108517833796356
339 134819180623301521
340 144117936527873833
341 154043597379576031
342 164637479165761045
343 175943559810422754
344 188008647052292981
345 200882556287683160
346 214618299743286300
347 229272286871217151
348 244904537455382407
349 261578907351144126
350 279363328483702153
351 298330063062758077
352 318555973788329085
353 340122810048577429
354 363117512048110006
355 387632532919029224
356 413766180933342363
357 441622981929358438
358 471314064268398781
359 502957566506000021
360 536679070310691122
361 572612058898037560
362 610898403751884102
363 651688879997206960
364 695143713458946041
365 741433159884081685
366 790738119649411320
367 843250788562528428
368 899175348396088350
369 958728697912338046
370 1022141228367345363
371 1089657644424399783
372 1161537834849962851
373 1238057794119125086
374 1319510599727473501
375 1406207446561484055
376 1498478743590581082
377 1596675274490756792
378 1701169427975813526
379 1812356499739472951
380 1930656072350465813
381 2056513475336633806
382 2190401332423765132
383 2332821198543892337
384 2484305294265418181
385 2645418340688763702
386 2816759503217942793
387 2998964447736452195
388 3192707518433532827
389 3398704041358160276
390 3617712763867604424
391 3850538434667429187
392 4098034535626594792
393 4361106170762284115
394 4640713124699623516
395 4937873096788191656
396 5253665124416975164
397 5589233202595404489
398 5945790114707874598
399 6324621482504294326
400 6727090051741041927
401 7154640222653942322
402 7608802843339879270
403 8091200276484465582
404 8603551759348655061
405 9147679068859117603
406 9725512513742021730
407 10339097267123947242
408 10990600063775926995
409 11682316277192317781
410 12416677403151190383
411 13196258966925435703
412 14023788883518847345
413 14902156290309948969
414 15834420884488187771
415 16823822787139235545
416 17873792969689876005
417 18987964267331664558
418 20170183018805933660
419 21424521360255636321
420 22755290216580025260
421 24167053021441363962
422 25664640213837714847
423 27253164546230421740
424 28938037257084798151
425 30724985147095051100
426 32620068617410232190
427 34629700713903575935
428 36760667241831527310
429 39020148000237259666
430 41415739207102358379
431 43955477170518116535
432 46647863284229267992
433 49501890409405150716
434 52527070729108240606
435 55733465144636286657
436 59131714309169618646
437 62733071376043079216
438 66549436566966297368
439 70593393646562135511
440 74878248419470886234
441 79418069346443402241
442 84227730407729499782
443 89322956321353645668
444 94720370257893471821
445 100437544171752847605
446 106493051905239118582
447 112906525199196103355
448 119698712782720205955
449 126891542690981418001
450 134508188001572923841
451 142573136155347404230
452 151112262071917313679
453 160152905244553715586
454 169723951046458040966
455 179855916453958267599
456 190581040442651931035
457 201933379285114688630
458 213948907032733069133
459 226665621435831345566
460 240123655613925192082
461 254365395758574199976
462 269435605212954994472
463 285381555241961986288
464 302253162872576636606
465 320103136152993290545
466 338987127249525432550
467 358963893768162876614
468 380095468763120598478
469 402447339861711475161
470 426088638015652413418
471 451092336355096099865
472 477535459708164115594
473 505499305314204629559
474 535069675351607262126
475 566337121865805599676
476 599397204782301852927
477 634350763653787028584
478 671304203896731807233
479 710369798236628238006
480 751666004194993125592
481 795317798414758232181
482 841457028742823649456
483 890222784951928088295
484 941761789114997698056
485 996228806608573411013
486 1053787078862455346514
487 1114608778936426484249
488 1178875491155735802647
489 1246778716001272919666
490 1318520401612270233224
491 1394313503224447816940
492 1474382572040363953133
493 1558964374994977806174
494 1648308547066172438761
495 1742678277747760981188
496 1842351033503159891467
497 1947619317987658064008
498 2058791472042884901564
499 2176192515439287461626
500 2300165032574323995028
501 2431070104309287327877
502 2569288288377098289282
503 2715220650772245313221
504 2869289850802400662046
505 3031941282464413132743
506 3203644275096202070013
507 3384893356244349844342
508 3576209579998154653672
509 3778141924035171537111
510 3991268758958164118301
511 4216199393504640098483
512 4453575699570940947379
513 4704073821002175842063
514 4968405970488126319776
515 5247322318923878793977
516 5541612982013113936134
517 5852110108921301661041
518 6179690078238084808001
519 6525275806549652788116
520 6889839175409542385649
521 7274403582551733377347
522 7680046623716094332554
523 8107902911527474124147
524 8559167038437716736151
525 9035096690829005915202
526 9537015921990240021539
527 10066318591787500106587
528 10624471981512075020732
529 11213020592521695111581
530 11833590138006300416411
531 12487891737367521803653
532 13177726323474524612309
533 13904989273245567335013
534 14671675272840783232476
535 15479883428970761068960
536 16331822638729701493804
537 17229817230617210720600
538 18176312890390861435035
539 19173882885687454484111
540 20225234604409151266222
541 21333216422211708570599
542 22500824915577356165494
543 23731212437346370138356
544 25027695072821279146421
545 26393760995005382968155
546 27833079238879849385688
547 29349508915133986374842
548 30947108885217475101877
549 32630147920163234060901
550 34403115367205050943161
551 36270732348871285128753
552 38237963520943177237555
553 40310029416409244587123
554 42492419404397720872601
555 44790905293907018009132
556 47211555614160398040339
557 49760750604354432757377
558 52445197947746313627408
559 55271949286085137715956
560 58248417552751868050008
561 61382395164161775318497
562 64682073111542943380455
563 68156060996536236172175
564 71813408056839596203571
565 75663625229609055443638
566 79716708303343130521600
567 83983162210640880002322
568 88474026517495817981254
569 93200902166643654187581
570 98175979536033971312389
571 103412067875563710992447
572 108922626189067392956038
573 114721795630860408658492
574 120824433490320564237126
575 127246148840551966562302
576 134003339931725153597474
577 141113233412529912746559
578 148593925468119890197616
579 156464424966082817448061
580 164744698707340387584241
581 173455718882380096095249
582 182619512839056823919888
583 192259215272078129526278
584 202399122950629095580176
585 213064752104884207160130
586 224282898599046831034632
587 236081701023305130945922
588 248490706844586261413859
589 261540941761240642265711
590 275264982414934173206643
591 289697032618827122974973
592 304873003269975366031784
593 320830596120295386610808
594 337609391590065169560936
595 355250940815002702558188
596 373798862128436852709431
597 393298942187883251157045
598 413799241966727832978028
599 435350207840317348270001
600 458004788008144308553623
601 481818554503286362923740
602 506849831053734861481873
603 533159827070679866278988
604 560812778053476538349421
605 589876092712502332463865
606 620420507127059714307353
607 652520246268116112057165
608 686253193233019826880478
609 721701066553229757379481
610 758949605954969709105722
611 798088766967999186006768
612 839212924798226411060796
613 882421087896683264554176
614 927817121679723721849796
615 975509982873756796925505
616 1025613964982134990453295
617 1078248955392080004474790
618 1133540704665979618906663
619 1191621108583631746910146
620 1252628503530795506440910
621 1316707975853817969920562
622 1384011685831426958558880
623 1454699206941558115141677
624 1528937881135168275063376
625 1606903190858354689128372
626 1688779148601189609516730
627 1774758704783877366657990
628 1865044174831202682776537
629 1959847686321528964669496
630 2059391647140527228529480
631 2163909235608484556362425
632 2273644913597837330081137
633 2388854963699932382735983
634 2509808051552031608082536
635 2636785814481962651219076
636 2770083477684418110395122
637 2910010499193691843303015
638 3056891244979232231862475
639 3211065695545980277248741
640 3372890185488482409685020
641 3542738177508596708707875
642 3721001072479541451508398
643 3908089057205582486668935
644 4104431991606013700457111
645 4310480337124871462076949
646 4526706128254173781044299
647 4753603989138067267826946
648 4991692197319220372390545
649 5241513796775816319683701
650 5503637762499727151307096
651 5778660218961559003723581
652 6067205714919484306343542
653 6369928557132709817142930
654 6687514205661440172553651
655 7020680733548749464953878
656 7370180353811425547662140
657 7736801016790889035132285
658 8121368081058512888507058
659 8524746061205131302394951
660 8947840456000332817673698
661 9391599660555044587641518
662 9857016966290401433259593
663 10345132652677367520056677
664 10857036174895938656583296
665 11393868451739000294452940
666 11956824258286445517629486
667 12547154728067493595502056
668 13166169969647255482980384
669 13815241802783448943206161
670 14495806619536377005379419
671 15209368375944215483241989
672 15957501720133631304230774
673 16741855262985451980947172
674 17564154997755650263621501
675 18426207875324210441995137
676 19329905542049511423199337
677 20277228247502764885900785
678 21270248929688765106878026
679 22311137485682880566295781
680 23402165235974892374954303
681 24545709591163085124246502
682 25744258930034131533263393
683 27000417698448800353553866
684 28316911738879831363625421
685 29696593860867277871605322
686 31142449663120060247020396
687 32657603618448918933404659
688 34245325433219728719773421
689 35909036693513349075724696
690 37652317810725762600765184
691 39478915279883795756623332
692 41392749264546866860893417
693 43397921522754943172592796
694 45498723689129703063649451
695 47699645928878027716139270
696 50005385980149860746062164
697 52420858601901549459658531
698 54951205445179608281719073
699 57601805366500810491219001
700 60378285202834474611028660
701 63286531028521032840985511
702 66332699915362724119980695
703 69523232218023552371152321
704 72864864407855341219969826
705 76364642479247406973532355
706 80029935953661656574123575
707 83868452507581852374822599
708 87888253251761884175130184
709 92097768690318501305952846
710 96505815389469697877049935
711 101121613386982294887579671
712 105954804374756131323439198
713 111015470688345108146850291
714 116314155138696524440183806
715 121861881722882938654960143
716 127670177252209281782740522
717 133751093937700984130081286
718 140117232974725477106760253
719 146781769170263852819573506
720 153758476658245881594406594
721 161061755750279477635534763
722 168706660971164630122439118
723 176708930330666271859881568
724 185085015885255746880625876
725 193852115645795752984189382
726 203028206889569986197651316
727 212632080937520072186590493
728 222683379460186024851577402
729 233202632378520643600875146
730 244211297428606706709925518
731 255731801462210865865001526
732 267787583558210323920375878
733 280403140023083872114273885
734 293604071362025285843562671
735 307417131305664218954016428
736 321870277981032622582593574
737 336992727319136467572139096
738 352815008795455957133215653
739 369369023603738655757458076
740 386688105367749941220651376
741 404807083500032850651734060
742 423762349321394151918928482
743 443591925059596733749014863
744 464335535850798483634138281
745 486034684872448271784326297
746 508732731741838107613602756
747 532474974320122372524707632
748 557308734067567635805394639
749 583283445101886813536239876
750 610450747117966916191771810
751 638864582333908382360557377
752 668581296635294279311393901
753 699659745096778286894322788
754 732161402067670820574405231
755 766150476015982127183457374
756 801694029333610862568750952
757 838862103313805798709299374
758 877727848520950325159242659
759 918367660781873199488134936
760 960861323037560814483873081
761 1005292153304074193879898921
762 1051747159001957690209588888
763 1100317197924192833923669754
764 1151097146124113726578727361
765 1204186073016375022219516993
766 1259687423996378387111229151
767 1317709210896221493178043553
768 1378364210608578997366598386
769 1441770172223648126550509166
770 1508050033038752490738311727
771 1577332143815074048889599023
772 1649750503671651735806603895
773 1725445005022910006140645613
774 1804561688982956164492944651
775 1887253011677361609828822381
776 1973678121921532286407950001
777 2064003150743712843868729637
778 2158401513250589964731360494
779 2257054223353982965849642006
780 2360150221898687182164777967
781 2467886718753771981901721671
782 2580469549453004933593920863
783 2698113546994164480174756374
784 2821042929432312216467202071
785 2949491703928193388274450293
786 3083704087940340693022764504
787 3223934948277725160271634799
788 3370450258759473520427114110
789 3523527577258789108163787101
790 3683456542940343404363084601
791 3850539394533563994343413788
792 4025091510519029370421431034
793 4207441972141088280734057871
794 4397934150197476827913759851
795 4596926316595586652827474187
796 4804792281705797515062559744
797 5021922058584382849328869243
798 5248722555182613689484387823
799 5485618295704258477069984051
800 5733052172321422504456911980
801 5991486228508002426815719538
802 6261402475301701333080509488
803 6543303741858946450905285539
804 6837714561722963378455094386
805 7145182096283051986707103606
806 7466277096963606051213804497
807 7801594907743960700949000444
808 8151756509675604512522473568
809 8517409609130970421571757566
810 8899229771588828461969917963
811 9297921602834531195851268719
812 9714219979529959777862768266
813 10148891331187245215547993865
814 10602734975663191221223594156
815 11076584510377034355391142065
816 11571309261543787320061392680
817 12087815793808125625662163708
818 12627049482760689878061744702
819 13189996152918959195978870031
820 13777683783859651786576215683
821 14391184287298069419105856950
822 15031615358023124634594092725
823 15700142401714084441377203064
824 16397980542787591098996821751
825 17126396715550358417594267022
826 17886711842065410771034749980
827 18680303100276877491522988121
828 19508606286081561360311437675
829 20373118273183778133458320226
830 21275399574724765449983360004
831 22217077010838260632179411314
832 23199846486451169343993151123
833 24225475883821531494697782923
834 25295808074486832813101046426
835 26412764055483014097178757690
836 27578346214889968804237171487
837 28794641731961759722351371984
838 30063826117310982372086476081
839 31388166898835484452139885751
840 32770027459303858556350798601
841 34211871031752548278772284454
842 35716264859093977687647313416
843 37285884524590579748861394571
844 38923518460115987806848673271
845 40632072639400673752129300325
846 42414575463747094337180792100
847 44274182847997609942310578599
848 46214183514849300594196193733
849 48238004505931946889525421001
850 50349216918401212177548479676
851 52551541876147039010384562988
852 54848856745079917639394818824
853 57245201602333536237114022806
854 59744785969613964515539259106
855 62351995821331449988466091713
856 65071400878573831543609957268
857 67907762200418949875852866532
858 70866040084540107092698343097
859 73951402289532005957331751321
860 77169232591877674590168543278
861 80525139690988018278755885206
862 84024966476277979232856334450
863 87674799670795146675673859588
864 91480979866491345649258758096
865 95450111966823518214883921611
866 99589076052990565170686659418
867 103905038690755971019484297577
868 108405464695475636367939373596
869 113098129373644577851404473536
870 117991131259998859170817958840
871 123092905369958432777075796053
872 128412236987976529870072690276
873 133958276013169939669531019317
874 139740551884446204479331411001
875 145768989108216487062234772852
876 152053923412691097170490155924
877 158606118553696417431847045997
878 165436783797931931934295220338
879 172557592110602218633091543841
880 179980699075416049556058362841
881 187718762576041099642814429721
882 195784963269243383580949581162
883 204193025881123335512830178822
884 212957241359090878236182734446
885 222092489913497780851227603387
886 231614264984172822820073009258
887 241538698168481624527315178362
888 251882585148964518765460484675
889 262663412660090356154504995096
890 273899386535208029575034561338
891 285609460876378579895067651924
892 297813368391435715163322531332
893 310531651944349233813920512830
894 323785697366761254448562966676
895 337597767580427105501057917307
896 351991038082228660789452118411
897 366989633845435601723754690836
898 382618667692977386826261193200
899 398904280200653395819254517901
900 415873681190459054784114365431
901 433555192876539531087229255478
902 451978294728708525214023001726
903 471173670120985588372050798000
904 491173254835220446432862090801
905 512010287492584845146484412309
906 533719361988531136324395159456
907 556336482009740068071399064009
908 579899117714618242279047917301
909 604446264662056374189988834756
910 630018505076433611630379753808
911 656658071540248718776792346786
912 684408913209287275550344075014
913 713316764648893234122621625752
914 743429217393715213042975617566
915 774795794337240928934816284900
916 807468027061529837515792402676
917 841499536221802614337232047469
918 876946115104959930393838357572
919 913865816485680423486405066751
920 952319042908502961911588247809
921 992368640529229737341624411925
922 1034079996654109332431762911843
923 1077521141120571341397403386533
924 1122762851668802145076610697776
925 1169878763459173895733432737529
926 1218945482896482311379736998404
927 1270042705928112564209840426897
928 1323253340989653981276400185807
929 1378663636778122744608506419571
930 1436363315039845896899358328034
931 1496445708567209282036578487804
932 1559007904605896258842021462475
933 1624150893881942976244820893256
934 1691979725465930503404211099661
935 1762603667699924360130192603238
936 1836136375421380008668856717533
937 1912696063727159213943851080856
938 1992405688530070149968413761597
939 2075393134169954709485716047156
940 2161791408351324312330912522448
941 2251738844689892053427982289845
942 2345379313161090374436414551559
943 2442862438754801545567295092898
944 2544343828652090726779455860436
945 2649985308251720770267133439312
946 2759955166386673475403099789410
947 2874428410083806869907819978393
948 2993587029233173241168779714733
949 3117620271547411926979127053251
950 3246724928206047105940972859507
951 3381105630594468612010288127864
952 3520975158562887897616477410547
953 3666554760646647127956344306191
954 3818074486705953843294627812036
955 3975773533460423034845675035420
956 4139900603411771887815710365916
957 4310714277666637214536144927330
958 4488483403190813123215639907303
959 4673487495046245204241629451111
960 4866017154182911354694265206414
961 5066374501379277964399166419564
962 5274873627947390097986152243706
963 5491841063841846500452896053583
964 5717616263835974099255567733751
965 5952552112453464578853008309795
966 6197015448369619941842104648895
967 6451387609023188709970129910798
968 6716064996207615136996693074303
969 6991459663439386169435859778911
970 7277999925931103886207676505430
971 7576130994027952290703815097178
972 7886315630998429231248733036420
973 8209034836103596418058528755339
974 8544788553903729460741526714751
975 8894096410797147287955714755083
976 9257498479823236816318777820417
977 9635556074800288403768986034254
978 10028852574908795418824727341747
979 10437994280872373856676062879736
980 10863611303931504965592652844879
981 11306358488849924787366667765408
982 11766916372239763961801564990017
983 12245992177539511607834487453053
984 12744320848028628464246059627691
985 13262666119314202551196742822009
986 13801821632778520931079437719553
987 14362612091531863067120268402229
988 14945894460472306341153073892018
989 15552559212113915719970799358901
990 16183531619906475296861224625028
991 16839773100833956878604913215478
992 17522282609145324707635966077023
993 18232098083140097717852712346116
994 18970297947002453464660671155991
995 19738002669751617842096992232437
996 20536376383452971700767593594022
997 21366628562913781584556907794730
998 22230015769169865076825741905556
999 23127843459154899464880444632251
1000 24061467864032622473692149727992
