0 0
1 14
2 24
3 34
4 44
5 54
6 64
7 74
8 84
9 94
10 104
11 114
12 124
13 134
14 144
15 154
16 164
17 174
18 184
19 194
20 204
21 214
22 224
23 234
24 244
25 254
26 264
27 274
28 284
29 294
30 304
31 314
32 324
33 334
34 344
35 354
36 364
37 374
38 384
39 394
40 404
41 414
42 424
43 434
44 444
45 454
46 464
47 474
48 484
49 494
50 504
51 514
52 524
53 534
54 544
55 554
56 564
57 574
58 584
59 594
60 604
61 614
62 624
63 634
64 644
65 654
66 664
67 674
68 684
69 694
70 704
71 714
72 724
73 734
74 744
75 754
76 764
77 774
78 784
79 794
80 804
81 814
82 824
83 834
84 844
85 854
86 864
87 874
88 884
89 894
90 904
91 914
92 924
93 934
94 944
95 954
96 964
97 974
98 984
99 994
100 1004
101 1014
102 1024
103 1034
104 1044
105 1054
106 1064
107 1074
108 1084
109 1094
110 1104
111 1114
112 1124
113 1134
114 1144
115 1154
116 1164
117 1174
118 1184
119 1194
120 1204
121 1214
122 1224
123 1234
124 1244
125 1254
126 1264
127 1274
128 1284
129 1294
130 1304
131 1314
132 1324
133 1334
134 1344
135 1354
136 1364
137 1374
138 1384
139 1394
140 1404
141 1414
142 1424
143 1434
144 1444
145 1454
146 1464
147 1474
148 1484
149 1494
150 1504
151 1514
152 1524
153 1534
154 1544
155 1554
156 1564
157 1574
158 1584
159 1594
160 1604
161 1614
162 1624
163 1634
164 1644
165 1654
166 1664
167 1674
168 1684
169 1694
170 1704
171 1714
172 1724
173 1734
174 1744
175 1754
176 1764
177 1774
178 1784
179 1794
180 1804
181 1814
182 1824
183 1834
184 1844
185 1854
186 1864
187 1874
188 1884
189 1894
190 1904
191 1914
192 1924
193 1934
194 1944
195 1954
196 1964
197 1974
198 1984
199 1994
200 2004
201 2014
202 2024
203 2034
204 2044
205 2054
206 2064
207 2074
208 2084
209 2094
210 2104
211 2114
212 2124
213 2134
214 2144
215 2154
216 2164
217 2174
218 2184
219 2194
220 2204
221 2214
222 2224
223 2234
224 2244
225 2254
226 2264
227 2274
228 2284
229 2294
230 2304
231 2314
232 2324
233 2334
234 2344
235 2354
236 2364
237 2374
238 2384
239 2394
240 2404
241 2414
242 2424
243 2434
244 2444
245 2454
246 2464
247 2474
248 2484
249 2494
250 2504
251 2514
252 2524
253 2534
254 2544
255 2554
256 2564
257 2574
258 2584
259 2594
260 2604
261 2614
262 2624
263 2634
264 2644
265 2654
266 2664
267 2674
268 2684
269 2694
270 2704
271 2714
272 2724
273 2734
274 2744
275 2754
276 2764
277 2774
278 2784
279 2794
280 2804
281 2814
282 2824
283 2834
284 2844
285 2854
286 2864
287 2874
288 2884
289 2894
290 2904
291 2914
292 2924
293 2934
294 2944
295 2954
296 2964
297 2974
298 2984
299 2994
300 3004
301 3014
302 3024
303 3034
304 3044
305 3054
306 3064
307 3074
308 3084
309 3094
310 3104
311 3114
312 3124
313 3134
314 3144
315 3154
316 3164
317 3174
318 3184
319 3194
320 3204
321 3214
322 3224
323 3234
324 3244
325 3254
326 3264
327 3274
328 3284
329 3294
330 3304
331 3314
332 3324
333 3334
334 3344
335 3354
336 3364
337 3374
338 3384
339 3394
340 3404
341 3414
342 3424
343 3434
344 3444
345 3454
346 3464
347 3474
348 3484
349 3494
350 3504
351 3514
352 3524
353 3534
354 3544
355 3554
356 3564
357 3574
358 3584
359 3594
360 3604
361 3614
362 3624
363 3634
364 3644
365 3654
366 3664
367 3674
368 3684
369 3694
370 3704
371 3714
372 3724
373 3734
374 3744
375 3754
376 3764
377 3774
378 3784
379 3794
380 3804
381 3814
382 3824
383 3834
384 3844
385 3854
386 3864
387 3874
388 3884
389 3894
390 3904
391 3914
392 3924
393 3934
394 3944
395 3954
396 3964
397 3974
398 3984
399 3994
400 4004
401 4014
402 4024
403 4034
404 4044
405 4054
406 4064
407 4074
408 4084
409 4094
410 4104
411 4114
412 4124
413 4134
414 4144
415 4154
416 4164
417 4174
418 4184
419 4194
420 4204
421 4214
422 4224
423 4234
424 4244
425 4254
426 4264
427 4274
428 4284
429 4294
430 4304
431 4314
432 4324
433 4334
434 4344
435 4354
436 4364
437 4374
438 4384
439 4394
440 4404
441 4414
442 4424
443 4434
444 4444
445 4454
446 4464
447 4474
448 4484
449 4494
450 4504
451 4514
452 4524
453 4534
454 4544
455 4554
456 4564
457 4574
458 4584
459 4594
460 4604
461 4614
462 4624
463 4634
464 4644
465 4654
466 4664
467 4674
468 4684
469 4694
470 4704
471 4714
472 4724
473 4734
474 4744
475 4754
476 4764
477 4774
478 4784
479 4794
480 4804
481 4814
482 4824
483 4834
484 4844
485 4854
486 4864
487 4874
488 4884
489 4894
490 4904
491 4914
492 4924
493 4934
494 4944
495 4954
496 4964
497 4974
498 4984
499 4994
500 5004
501 5014
502 5024
503 5034
504 5044
505 5054
506 5064
507 5074
508 5084
509 5094
510 5104
511 5114
512 5124
513 5134
514 5144
515 5154
516 5164
517 5174
518 5184
519 5194
520 5204
521 5214
522 5224
523 5234
524 5244
525 5254
526 5264
527 5274
528 5284
529 5294
530 5304
531 5314
532 5324
533 5334
534 5344
535 5354
536 5364
537 5374
538 5384
539 5394
540 5404
541 5414
542 5424
543 5434
544 5444
545 5454
546 5464
547 5474
548 5484
549 5494
550 5504
551 5514
552 5524
553 5534
554 5544
555 5554
556 5564
557 5574
558 5584
559 5594
560 5604
561 5614
562 5624
563 5634
564 5644
565 5654
566 5664
567 5674
568 5684
569 5694
570 5704
571 5714
572 5724
573 5734
574 5744
575 5754
576 5764
577 5774
578 5784
579 5794
580 5804
581 5814
582 5824
583 5834
584 5844
585 5854
586 5864
587 5874
588 5884
589 5894
590 5904
591 5914
592 5924
593 5934
594 5944
595 5954
596 5964
597 5974
598 5984
599 5994
600 6004
601 6014
602 6024
603 6034
604 6044
605 6054
606 6064
607 6074
608 6084
609 6094
610 6104
611 6114
612 6124
613 6134
614 6144
615 6154
616 6164
617 6174
618 6184
619 6194
620 6204
621 6214
622 6224
623 6234
624 6244
625 6254
626 6264
627 6274
628 6284
629 6294
630 6304
631 6314
632 6324
633 6334
634 6344
635 6354
636 6364
637 6374
638 6384
639 6394
640 6404
641 6414
642 6424
643 6434
644 6444
645 6454
646 6464
647 6474
648 6484
649 6494
650 6504
651 6514
652 6524
653 6534
654 6544
655 6554
656 6564
657 6574
658 6584
659 6594
660 6604
661 6614
662 6624
663 6634
664 6644
665 6654
666 6664
667 6674
668 6684
669 6694
670 6704
671 6714
672 6724
673 6734
674 6744
675 6754
676 6764
677 6774
678 6784
679 6794
680 6804
681 6814
682 6824
683 6834
684 6844
685 6854
686 6864
687 6874
688 6884
689 6894
690 6904
691 6914
692 6924
693 6934
694 6944
695 6954
696 6964
697 6974
698 6984
699 6994
700 7004
701 7014
702 7024
703 7034
704 7044
705 7054
706 7064
707 7074
708 7084
709 7094
710 7104
711 7114
712 7124
713 7134
714 7144
715 7154
716 7164
717 7174
718 7184
719 7194
720 7204
721 7214
722 7224
723 7234
724 7244
725 7254
726 7264
727 7274
728 7284
729 7294
730 7304
731 7314
732 7324
733 7334
734 7344
735 7354
736 7364
737 7374
738 7384
739 7394
740 7404
741 7414
742 7424
743 7434
744 7444
745 7454
746 7464
747 7474
748 7484
749 7494
750 7504
751 7514
752 7524
753 7534
754 7544
755 7554
756 7564
757 7574
758 7584
759 7594
760 7604
761 7614
762 7624
763 7634
764 7644
765 7654
766 7664
767 7674
768 7684
769 7694
770 7704
771 7714
772 7724
773 7734
774 7744
775 7754
776 7764
777 7774
778 7784
779 7794
780 7804
781 7814
782 7824
783 7834
784 7844
785 7854
786 7864
787 7874
788 7884
789 7894
790 7904
791 7914
792 7924
793 7934
794 7944
795 7954
796 7964
797 7974
798 7984
799 7994
800 8004
801 8014
802 8024
803 8034
804 8044
805 8054
806 8064
807 8074
808 8084
809 8094
810 8104
811 8114
812 8124
813 8134
814 8144
815 8154
816 8164
817 8174
818 8184
819 8194
820 8204
821 8214
822 8224
823 8234
824 8244
825 8254
826 8264
827 8274
828 8284
829 8294
830 8304
831 8314
832 8324
833 8334
834 8344
835 8354
836 8364
837 8374
838 8384
839 8394
840 8404
841 8414
842 8424
843 8434
844 8444
845 8454
846 8464
847 8474
848 8484
849 8494
850 8504
851 8514
852 8524
853 8534
854 8544
855 8554
856 8564
857 8574
858 8584
859 8594
860 8604
861 8614
862 8624
863 8634
864 8644
865 8654
866 8664
867 8674
868 8684
869 8694
870 8704
871 8714
872 8724
873 8734
874 8744
875 8754
876 8764
877 8774
878 8784
879 8794
880 8804
881 8814
882 8824
883 8834
884 8844
885 8854
886 8864
887 8874
888 8884
889 8894
890 8904
891 8914
892 8924
893 8934
894 8944
895 8954
896 8964
897 8974
898 8984
899 8994
900 9004
901 9014
902 9024
903 9034
904 9044
905 9054
906 9064
907 9074
908 9084
909 9094
910 9104
911 9114
912 9124
913 9134
914 9144
915 9154
916 9164
917 9174
918 9184
919 9194
920 9204
921 9214
922 9224
923 9234
924 9244
925 9254
926 9264
927 9274
928 9284
929 9294
930 9304
931 9314
932 9324
933 9334
934 9344
935 9354
936 9364
937 9374
938 9384
939 9394
940 9404
941 9414
942 9424
943 9434
944 9444
945 9454
946 9464
947 9474
948 9484
949 9494
950 9504
951 9514
952 9524
953 9534
954 9544
955 9554
956 9564
957 9574
958 9584
959 9594
960 9604
961 9614
962 9624
963 9634
964 9644
965 9654
966 9664
967 9674
968 9684
969 9694
970 9704
971 9714
972 9724
973 9734
974 9744
975 9754
976 9764
977 9774
978 9784
979 9794
980 9804
981 9814
982 9824
983 9834
984 9844
985 9854
986 9864
987 9874
988 9884
989 9894
990 9904
991 9914
992 9924
993 9934
994 9944
995 9954
996 9964
997 9974
998 9984
999 9994
1000 10004
