0 1
1 7
2 18
3 34
4 55
5 81
6 112
7 148
8 189
9 235
10 286
11 342
12 403
13 469
14 540
15 616
16 697
17 783
18 874
19 970
20 1071
21 1177
22 1288
23 1404
24 1525
25 1651
26 1782
27 1918
28 2059
29 2205
30 2356
31 2512
32 2673
33 2839
34 3010
35 3186
36 3367
37 3553
38 3744
39 3940
40 4141
41 4347
42 4558
43 4774
44 4995
45 5221
46 5452
47 5688
48 5929
49 6175
50 6426
51 6682
52 6943
53 7209
54 7480
55 7756
56 8037
57 8323
58 8614
59 8910
60 9211
61 9517
62 9828
63 10144
64 10465
65 10791
66 11122
67 11458
68 11799
69 12145
70 12496
71 12852
72 13213
73 13579
74 13950
75 14326
76 14707
77 15093
78 15484
79 15880
80 16281
81 16687
82 17098
83 17514
84 17935
85 18361
86 18792
87 19228
88 19669
89 20115
90 20566
91 21022
92 21483
93 21949
94 22420
95 22896
96 23377
97 23863
98 24354
99 24850
100 25351
101 25857
102 26368
103 26884
104 27405
105 27931
106 28462
107 28998
108 29539
109 30085
110 30636
111 31192
112 31753
113 32319
114 32890
115 33466
116 34047
117 34633
118 35224
119 35820
120 36421
121 37027
122 37638
123 38254
124 38875
125 39501
126 40132
127 40768
128 41409
129 42055
130 42706
131 43362
132 44023
133 44689
134 45360
135 46036
136 46717
137 47403
138 48094
139 48790
140 49491
141 50197
142 50908
143 51624
144 52345
145 53071
146 53802
147 54538
148 55279
149 56025
150 56776
151 57532
152 58293
153 59059
154 59830
155 60606
156 61387
157 62173
158 62964
159 63760
160 64561
161 65367
162 66178
163 66994
164 67815
165 68641
166 69472
167 70308
168 71149
169 71995
170 72846
171 73702
172 74563
173 75429
174 76300
175 77176
176 78057
177 78943
178 79834
179 80730
180 81631
181 82537
182 83448
183 84364
184 85285
185 86211
186 87142
187 88078
188 89019
189 89965
190 90916
191 91872
192 92833
193 93799
194 94770
195 95746
196 96727
197 97713
198 98704
199 99700
200 100701
201 101707
202 102718
203 103734
204 104755
205 105781
206 106812
207 107848
208 108889
209 109935
210 110986
211 112042
212 113103
213 114169
214 115240
215 116316
216 117397
217 118483
218 119574
219 120670
220 121771
221 122877
222 123988
223 125104
224 126225
225 127351
226 128482
227 129618
228 130759
229 131905
230 133056
231 134212
232 135373
233 136539
234 137710
235 138886
236 140067
237 141253
238 142444
239 143640
240 144841
241 146047
242 147258
243 148474
244 149695
245 150921
246 152152
247 153388
248 154629
249 155875
250 157126
251 158382
252 159643
253 160909
254 162180
255 163456
256 164737
257 166023
258 167314
259 168610
260 169911
261 171217
262 172528
263 173844
264 175165
265 176491
266 177822
267 179158
268 180499
269 181845
270 183196
271 184552
272 185913
273 187279
274 188650
275 190026
276 191407
277 192793
278 194184
279 195580
280 196981
281 198387
282 199798
283 201214
284 202635
285 204061
286 205492
287 206928
288 208369
289 209815
290 211266
291 212722
292 214183
293 215649
294 217120
295 218596
296 220077
297 221563
298 223054
299 224550
300 226051
301 227557
302 229068
303 230584
304 232105
305 233631
306 235162
307 236698
308 238239
309 239785
310 241336
311 242892
312 244453
313 246019
314 247590
315 249166
316 250747
317 252333
318 253924
319 255520
320 257121
321 258727
322 260338
323 261954
324 263575
325 265201
326 266832
327 268468
328 270109
329 271755
330 273406
331 275062
332 276723
333 278389
334 280060
335 281736
336 283417
337 285103
338 286794
339 288490
340 290191
341 291897
342 293608
343 295324
344 297045
345 298771
346 300502
347 302238
348 303979
349 305725
350 307476
351 309232
352 310993
353 312759
354 314530
355 316306
356 318087
357 319873
358 321664
359 323460
360 325261
361 327067
362 328878
363 330694
364 332515
365 334341
366 336172
367 338008
368 339849
369 341695
370 343546
371 345402
372 347263
373 349129
374 351000
375 352876
376 354757
377 356643
378 358534
379 360430
380 362331
381 364237
382 366148
383 368064
384 369985
385 371911
386 373842
387 375778
388 377719
389 379665
390 381616
391 383572
392 385533
393 387499
394 389470
395 391446
396 393427
397 395413
398 397404
399 399400
400 401401
401 403407
402 405418
403 407434
404 409455
405 411481
406 413512
407 415548
408 417589
409 419635
410 421686
411 423742
412 425803
413 427869
414 429940
415 432016
416 434097
417 436183
418 438274
419 440370
420 442471
421 444577
422 446688
423 448804
424 450925
425 453051
426 455182
427 457318
428 459459
429 461605
430 463756
431 465912
432 468073
433 470239
434 472410
435 474586
436 476767
437 478953
438 481144
439 483340
440 485541
441 487747
442 489958
443 492174
444 494395
445 496621
446 498852
447 501088
448 503329
449 505575
450 507826
451 510082
452 512343
453 514609
454 516880
455 519156
456 521437
457 523723
458 526014
459 528310
460 530611
461 532917
462 535228
463 537544
464 539865
465 542191
466 544522
467 546858
468 549199
469 551545
470 553896
471 556252
472 558613
473 560979
474 563350
475 565726
476 568107
477 570493
478 572884
479 575280
480 577681
481 580087
482 582498
483 584914
484 587335
485 589761
486 592192
487 594628
488 597069
489 599515
490 601966
491 604422
492 606883
493 609349
494 611820
495 614296
496 616777
497 619263
498 621754
499 624250
500 626751
501 629257
502 631768
503 634284
504 636805
505 639331
506 641862
507 644398
508 646939
509 649485
510 652036
511 654592
512 657153
513 659719
514 662290
515 664866
516 667447
517 670033
518 672624
519 675220
520 677821
521 680427
522 683038
523 685654
524 688275
525 690901
526 693532
527 696168
528 698809
529 701455
530 704106
531 706762
532 709423
533 712089
534 714760
535 717436
536 720117
537 722803
538 725494
539 728190
540 730891
541 733597
542 736308
543 739024
544 741745
545 744471
546 747202
547 749938
548 752679
549 755425
550 758176
551 760932
552 763693
553 766459
554 769230
555 772006
556 774787
557 777573
558 780364
559 783160
560 785961
561 788767
562 791578
563 794394
564 797215
565 800041
566 802872
567 805708
568 808549
569 811395
570 814246
571 817102
572 819963
573 822829
574 825700
575 828576
576 831457
577 834343
578 837234
579 840130
580 843031
581 845937
582 848848
583 851764
584 854685
585 857611
586 860542
587 863478
588 866419
589 869365
590 872316
591 875272
592 878233
593 881199
594 884170
595 887146
596 890127
597 893113
598 896104
599 899100
600 902101
601 905107
602 908118
603 911134
604 914155
605 917181
606 920212
607 923248
608 926289
609 929335
610 932386
611 935442
612 938503
613 941569
614 944640
615 947716
616 950797
617 953883
618 956974
619 960070
620 963171
621 966277
622 969388
623 972504
624 975625
625 978751
626 981882
627 985018
628 988159
629 991305
630 994456
631 997612
632 1000773
633 1003939
634 1007110
635 1010286
636 1013467
637 1016653
638 1019844
639 1023040
640 1026241
641 1029447
642 1032658
643 1035874
644 1039095
645 1042321
646 1045552
647 1048788
648 1052029
649 1055275
650 1058526
651 1061782
652 1065043
653 1068309
654 1071580
655 1074856
656 1078137
657 1081423
658 1084714
659 1088010
660 1091311
661 1094617
662 1097928
663 1101244
664 1104565
665 1107891
666 1111222
667 1114558
668 1117899
669 1121245
670 1124596
671 1127952
672 1131313
673 1134679
674 1138050
675 1141426
676 1144807
677 1148193
678 1151584
679 1154980
680 1158381
681 1161787
682 1165198
683 1168614
684 1172035
685 1175461
686 1178892
687 1182328
688 1185769
689 1189215
690 1192666
691 1196122
692 1199583
693 1203049
694 1206520
695 1209996
696 1213477
697 1216963
698 1220454
699 1223950
700 1227451
701 1230957
702 1234468
703 1237984
704 1241505
705 1245031
706 1248562
707 1252098
708 1255639
709 1259185
710 1262736
711 1266292
712 1269853
713 1273419
714 1276990
715 1280566
716 1284147
717 1287733
718 1291324
719 1294920
720 1298521
721 1302127
722 1305738
723 1309354
724 1312975
725 1316601
726 1320232
727 1323868
728 1327509
729 1331155
730 1334806
731 1338462
732 1342123
733 1345789
734 1349460
735 1353136
736 1356817
737 1360503
738 1364194
739 1367890
740 1371591
741 1375297
742 1379008
743 1382724
744 1386445
745 1390171
746 1393902
747 1397638
748 1401379
749 1405125
750 1408876
751 1412632
752 1416393
753 1420159
754 1423930
755 1427706
756 1431487
757 1435273
758 1439064
759 1442860
760 1446661
761 1450467
762 1454278
763 1458094
764 1461915
765 1465741
766 1469572
767 1473408
768 1477249
769 1481095
770 1484946
771 1488802
772 1492663
773 1496529
774 1500400
775 1504276
776 1508157
777 1512043
778 1515934
779 1519830
780 1523731
781 1527637
782 1531548
783 1535464
784 1539385
785 1543311
786 1547242
787 1551178
788 1555119
789 1559065
790 1563016
791 1566972
792 1570933
793 1574899
794 1578870
795 1582846
796 1586827
797 1590813
798 1594804
799 1598800
800 1602801
801 1606807
802 1610818
803 1614834
804 1618855
805 1622881
806 1626912
807 1630948
808 1634989
809 1639035
810 1643086
811 1647142
812 1651203
813 1655269
814 1659340
815 1663416
816 1667497
817 1671583
818 1675674
819 1679770
820 1683871
821 1687977
822 1692088
823 1696204
824 1700325
825 1704451
826 1708582
827 1712718
828 1716859
829 1721005
830 1725156
831 1729312
832 1733473
833 1737639
834 1741810
835 1745986
836 1750167
837 1754353
838 1758544
839 1762740
840 1766941
841 1771147
842 1775358
843 1779574
844 1783795
845 1788021
846 1792252
847 1796488
848 1800729
849 1804975
850 1809226
851 1813482
852 1817743
853 1822009
854 1826280
855 1830556
856 1834837
857 1839123
858 1843414
859 1847710
860 1852011
861 1856317
862 1860628
863 1864944
864 1869265
865 1873591
866 1877922
867 1882258
868 1886599
869 1890945
870 1895296
871 1899652
872 1904013
873 1908379
874 1912750
875 1917126
876 1921507
877 1925893
878 1930284
879 1934680
880 1939081
881 1943487
882 1947898
883 1952314
884 1956735
885 1961161
886 1965592
887 1970028
888 1974469
889 1978915
890 1983366
891 1987822
892 1992283
893 1996749
894 2001220
895 2005696
896 2010177
897 2014663
898 2019154
899 2023650
900 2028151
901 2032657
902 2037168
903 2041684
904 2046205
905 2050731
906 2055262
907 2059798
908 2064339
909 2068885
910 2073436
911 2077992
912 2082553
913 2087119
914 2091690
915 2096266
916 2100847
917 2105433
918 2110024
919 2114620
920 2119221
921 2123827
922 2128438
923 2133054
924 2137675
925 2142301
926 2146932
927 2151568
928 2156209
929 2160855
930 2165506
931 2170162
932 2174823
933 2179489
934 2184160
935 2188836
936 2193517
937 2198203
938 2202894
939 2207590
940 2212291
941 2216997
942 2221708
943 2226424
944 2231145
945 2235871
946 2240602
947 2245338
948 2250079
949 2254825
950 2259576
951 2264332
952 2269093
953 2273859
954 2278630
955 2283406
956 2288187
957 2292973
958 2297764
959 2302560
960 2307361
961 2312167
962 2316978
963 2321794
964 2326615
965 2331441
966 2336272
967 2341108
968 2345949
969 2350795
970 2355646
971 2360502
972 2365363
973 2370229
974 2375100
975 2379976
976 2384857
977 2389743
978 2394634
979 2399530
980 2404431
981 2409337
982 2414248
983 2419164
984 2424085
985 2429011
986 2433942
987 2438878
988 2443819
989 2448765
990 2453716
991 2458672
992 2463633
993 2468599
994 2473570
995 2478546
996 2483527
997 2488513
998 2493504
999 2498500
1000 2503501
