0 1
1 5
2 15
3 35
4 70
5 126
6 210
7 330
8 495
9 715
10 1001
11 1365
12 1820
13 2380
14 3060
15 3876
16 4845
17 5985
18 7315
19 8855
20 10626
21 12650
22 14950
23 17550
24 20475
25 23751
26 27405
27 31465
28 35960
29 40920
30 46376
31 52360
32 58905
33 66045
34 73815
35 82251
36 91390
37 101270
38 111930
39 123410
40 135751
41 148995
42 163185
43 178365
44 194580
45 211876
46 230300
47 249900
48 270725
49 292825
50 316251
51 341055
52 367290
53 395010
54 424270
55 455126
56 487635
57 521855
58 557845
59 595665
60 635376
61 677040
62 720720
63 766480
64 814385
65 864501
66 916895
67 971635
68 1028790
69 1088430
70 1150626
71 1215450
72 1282975
73 1353275
74 1426425
75 1502501
76 1581580
77 1663740
78 1749060
79 1837620
80 1929501
81 2024785
82 2123555
83 2225895
84 2331890
85 2441626
86 2555190
87 2672670
88 2794155
89 2919735
90 3049501
91 3183545
92 3321960
93 3464840
94 3612280
95 3764376
96 3921225
97 4082925
98 4249575
99 4421275
100 4598126
101 4780230
102 4967690
103 5160610
104 5359095
105 5563251
106 5773185
107 5989005
108 6210820
109 6438740
110 6672876
111 6913340
112 7160245
113 7413705
114 7673835
115 7940751
116 8214570
117 8495410
118 8783390
119 9078630
120 9381251
121 9691375
122 10009125
123 10334625
124 10668000
125 11009376
126 11358880
127 11716640
128 12082785
129 12457445
130 12840751
131 13232835
132 13633830
133 14043870
134 14463090
135 14891626
136 15329615
137 15777195
138 16234505
139 16701685
140 17178876
141 17666220
142 18163860
143 18671940
144 19190605
145 19720001
146 20260275
147 20811575
148 21374050
149 21947850
150 22533126
151 23130030
152 23738715
153 24359335
154 24992045
155 25637001
156 26294360
157 26964280
158 27646920
159 28342440
160 29051001
161 29772765
162 30507895
163 31256555
164 32018910
165 32795126
166 33585370
167 34389810
168 35208615
169 36041955
170 36890001
171 37752925
172 38630900
173 39524100
174 40432700
175 41356876
176 42296805
177 43252665
178 44224635
179 45212895
180 46217626
181 47239010
182 48277230
183 49332470
184 50404915
185 51494751
186 52602165
187 53727345
188 54870480
189 56031760
190 57211376
191 58409520
192 59626385
193 60862165
194 62117055
195 63391251
196 64684950
197 65998350
198 67331650
199 68685050
200 70058751
201 71452955
202 72867865
203 74303685
204 75760620
205 77238876
206 78738660
207 80260180
208 81803645
209 83369265
210 84957251
211 86567815
212 88201170
213 89857530
214 91537110
215 93240126
216 94966795
217 96717335
218 98491965
219 100290905
220 102114376
221 103962600
222 105835800
223 107734200
224 109658025
225 111607501
226 113582855
227 115584315
228 117612110
229 119666470
230 121747626
231 123855810
232 125991255
233 128154195
234 130344865
235 132563501
236 134810340
237 137085620
238 139389580
239 141722460
240 144084501
241 146475945
242 148897035
243 151348015
244 153829130
245 156340626
246 158882750
247 161455750
248 164059875
249 166695375
250 169362501
251 172061505
252 174792640
253 177556160
254 180352320
255 183181376
256 186043585
257 188939205
258 191868495
259 194831715
260 197829126
261 200860990
262 203927570
263 207029130
264 210165935
265 213338251
266 216546345
267 219790485
268 223070940
269 226387980
270 229741876
271 233132900
272 236561325
273 240027425
274 243531475
275 247073751
276 250654530
277 254274090
278 257932710
279 261630670
280 265368251
281 269145735
282 272963405
283 276821545
284 280720440
285 284660376
286 288641640
287 292664520
288 296729305
289 300836285
290 304985751
291 309177995
292 313413310
293 317691990
294 322014330
295 326380626
296 330791175
297 335246275
298 339746225
299 344291325
300 348881876
301 353518180
302 358200540
303 362929260
304 367704645
305 372527001
306 377396635
307 382313855
308 387278970
309 392292290
310 397354126
311 402464790
312 407624595
313 412833855
314 418092885
315 423402001
316 428761520
317 434171760
318 439633040
319 445145680
320 450710001
321 456326325
322 461994975
323 467716275
324 473490550
325 479318126
326 485199330
327 491134490
328 497123935
329 503167995
330 509267001
331 515421285
332 521631180
333 527897020
334 534219140
335 540597876
336 547033565
337 553526545
338 560077155
339 566685735
340 573352626
341 580078170
342 586862710
343 593706590
344 600610155
345 607573751
346 614597725
347 621682425
348 628828200
349 636035400
350 643304376
351 650635480
352 658029065
353 665485485
354 673005095
355 680588251
356 688235310
357 695946630
358 703722570
359 711563490
360 719469751
361 727441715
362 735479745
363 743584205
364 751755460
365 759993876
366 768299820
367 776673660
368 785115765
369 793626505
370 802206251
371 810855375
372 819574250
373 828363250
374 837222750
375 846153126
376 855154755
377 864228015
378 873373285
379 882590945
380 891881376
381 901244960
382 910682080
383 920193120
384 929778465
385 939438501
386 949173615
387 958984195
388 968870630
389 978833310
390 988872626
391 998988970
392 1009182735
393 1019454315
394 1029804105
395 1040232501
396 1050739900
397 1061326700
398 1071993300
399 1082740100
400 1093567501
401 1104475905
402 1115465715
403 1126537335
404 1137691170
405 1148927626
406 1160247110
407 1171650030
408 1183136795
409 1194707815
410 1206363501
411 1218104265
412 1229930520
413 1241842680
414 1253841160
415 1265926376
416 1278098745
417 1290358685
418 1302706615
419 1315142955
420 1327668126
421 1340282550
422 1352986650
423 1365780850
424 1378665575
425 1391641251
426 1404708305
427 1417867165
428 1431118260
429 1444462020
430 1457898876
431 1471429260
432 1485053605
433 1498772345
434 1512585915
435 1526494751
436 1540499290
437 1554599970
438 1568797230
439 1583091510
440 1597483251
441 1611972895
442 1626560885
443 1641247665
444 1656033680
445 1670919376
446 1685905200
447 1700991600
448 1716179025
449 1731467925
450 1746858751
451 1762351955
452 1777947990
453 1793647310
454 1809450370
455 1825357626
456 1841369535
457 1857486555
458 1873709145
459 1890037765
460 1906472876
461 1923014940
462 1939664420
463 1956421780
464 1973287485
465 1990262001
466 2007345795
467 2024539335
468 2041843090
469 2059257530
470 2076783126
471 2094420350
472 2112169675
473 2130031575
474 2148006525
475 2166095001
476 2184297480
477 2202614440
478 2221046360
479 2239593720
480 2258257001
481 2277036685
482 2295933255
483 2314947195
484 2334078990
485 2353329126
486 2372698090
487 2392186370
488 2411794455
489 2431522835
490 2451372001
491 2471342445
492 2491434660
493 2511649140
494 2531986380
495 2552446876
496 2573031125
497 2593739625
498 2614572875
499 2635531375
500 2656615626
501 2677826130
502 2699163390
503 2720627910
504 2742220195
505 2763940751
506 2785790085
507 2807768705
508 2829877120
509 2852115840
510 2874485376
511 2896986240
512 2919618945
513 2942384005
514 2965281935
515 2988313251
516 3011478470
517 3034778110
518 3058212690
519 3081782730
520 3105488751
521 3129331275
522 3153310825
523 3177427925
524 3201683100
525 3226076876
526 3250609780
527 3275282340
528 3300095085
529 3325048545
530 3350143251
531 3375379735
532 3400758530
533 3426280170
534 3451945190
535 3477754126
536 3503707515
537 3529805895
538 3556049805
539 3582439785
540 3608976376
541 3635660120
542 3662491560
543 3689471240
544 3716599705
545 3743877501
546 3771305175
547 3798883275
548 3826612350
549 3854492950
550 3882525626
551 3910710930
552 3939049415
553 3967541635
554 3996188145
555 4024989501
556 4053946260
557 4083058980
558 4112328220
559 4141754540
560 4171338501
561 4201080665
562 4230981595
563 4261041855
564 4291262010
565 4321642626
566 4352184270
567 4382887510
568 4413752915
569 4444781055
570 4475972501
571 4507327825
572 4538847600
573 4570532400
574 4602382800
575 4634399376
576 4666582705
577 4698933365
578 4731451935
579 4764138995
580 4796995126
581 4830020910
582 4863216930
583 4896583770
584 4930122015
585 4963832251
586 4997715065
587 5031771045
588 5066000780
589 5100404860
590 5134983876
591 5169738420
592 5204669085
593 5239776465
594 5275061155
595 5310523751
596 5346164850
597 5381985050
598 5417984950
599 5454165150
600 5490526251
601 5527068855
602 5563793565
603 5600700985
604 5637791720
605 5675066376
606 5712525560
607 5750169880
608 5787999945
609 5826016365
610 5864219751
611 5902610715
612 5941189870
613 5979957830
614 6018915210
615 6058062626
616 6097400695
617 6136930035
618 6176651265
619 6216565005
620 6256671876
621 6296972500
622 6337467500
623 6378157500
624 6419043125
625 6460125001
626 6501403755
627 6542880015
628 6584554410
629 6626427570
630 6668500126
631 6710772710
632 6753245955
633 6795920495
634 6838796965
635 6881876001
636 6925158240
637 6968644320
638 7012334880
639 7056230560
640 7100332001
641 7144639845
642 7189154735
643 7233877315
644 7278808230
645 7323948126
646 7369297650
647 7414857450
648 7460628175
649 7506610475
650 7552805001
651 7599212405
652 7645833340
653 7692668460
654 7739718420
655 7786983876
656 7834465485
657 7882163905
658 7930079795
659 7978213815
660 8026566626
661 8075138890
662 8123931270
663 8172944430
664 8222179035
665 8271635751
666 8321315245
667 8371218185
668 8421345240
669 8471697080
670 8522274376
671 8573077800
672 8624108025
673 8675365725
674 8726851575
675 8778566251
676 8830510430
677 8882684790
678 8935090010
679 8987726770
680 9040595751
681 9093697635
682 9147033105
683 9200602845
684 9254407540
685 9308447876
686 9362724540
687 9417238220
688 9471989605
689 9526979385
690 9582208251
691 9637676895
692 9693386010
693 9749336290
694 9805528430
695 9861963126
696 9918641075
697 9975562975
698 10032729525
699 10090141425
700 10147799376
701 10205704080
702 10263856240
703 10322256560
704 10380905745
705 10439804501
706 10498953535
707 10558353555
708 10618005270
709 10677909390
710 10738066626
711 10798477690
712 10859143295
713 10920064155
714 10981240985
715 11042674501
716 11104365420
717 11166314460
718 11228522340
719 11290989780
720 11353717501
721 11416706225
722 11479956675
723 11543469575
724 11607245650
725 11671285626
726 11735590230
727 11800160190
728 11864996235
729 11930099095
730 11995469501
731 12061108185
732 12127015880
733 12193193320
734 12259641240
735 12326360376
736 12393351465
737 12460615245
738 12528152455
739 12595963835
740 12664050126
741 12732412070
742 12801050410
743 12869965890
744 12939159255
745 13008631251
746 13078382625
747 13148414125
748 13218726500
749 13289320500
750 13360196876
751 13431356380
752 13502799765
753 13574527785
754 13646541195
755 13718840751
756 13791427210
757 13864301330
758 13937463870
759 14010915590
760 14084657251
761 14158689615
762 14233013445
763 14307629505
764 14382538560
765 14457741376
766 14533238720
767 14609031360
768 14685120065
769 14761505605
770 14838188751
771 14915170275
772 14992450950
773 15070031550
774 15147912850
775 15226095626
776 15304580655
777 15383368715
778 15462460585
779 15541857045
780 15621558876
781 15701566860
782 15781881780
783 15862504420
784 15943435565
785 16024676001
786 16106226515
787 16188087895
788 16270260930
789 16352746410
790 16435545126
791 16518657870
792 16602085435
793 16685828615
794 16769888205
795 16854265001
796 16938959800
797 17023973400
798 17109306600
799 17194960200
800 17280935001
801 17367231805
802 17453851415
803 17540794635
804 17628062270
805 17715655126
806 17803574010
807 17891819730
808 17980393095
809 18069294915
810 18158526001
811 18248087165
812 18337979220
813 18428202980
814 18518759260
815 18609648876
816 18700872645
817 18792431385
818 18884325915
819 18976557055
820 19069125626
821 19162032450
822 19255278350
823 19348864150
824 19442790675
825 19537058751
826 19631669205
827 19726622865
828 19821920560
829 19917563120
830 20013551376
831 20109886160
832 20206568305
833 20303598645
834 20400978015
835 20498707251
836 20596787190
837 20695218670
838 20794002530
839 20893139610
840 20992630751
841 21092476795
842 21192678585
843 21293236965
844 21394152780
845 21495426876
846 21597060100
847 21699053300
848 21801407325
849 21904123025
850 22007201251
851 22110642855
852 22214448690
853 22318619610
854 22423156470
855 22528060126
856 22633331435
857 22738971255
858 22844980445
859 22951359865
860 23058110376
861 23165232840
862 23272728120
863 23380597080
864 23488840585
865 23597459501
866 23706454695
867 23815827035
868 23925577390
869 24035706630
870 24146215626
871 24257105250
872 24368376375
873 24480029875
874 24592066625
875 24704487501
876 24817293380
877 24930485140
878 25044063660
879 25158029820
880 25272384501
881 25387128585
882 25502262955
883 25617788495
884 25733706090
885 25850016626
886 25966720990
887 26083820070
888 26201314755
889 26319205935
890 26437494501
891 26556181345
892 26675267360
893 26794753440
894 26914640480
895 27034929376
896 27155621025
897 27276716325
898 27398216175
899 27520121475
900 27642433126
901 27765152030
902 27888279090
903 28011815210
904 28135761295
905 28260118251
906 28384886985
907 28510068405
908 28635663420
909 28761672940
910 28888097876
911 29014939140
912 29142197645
913 29269874305
914 29397970035
915 29526485751
916 29655422370
917 29784780810
918 29914561990
919 30044766830
920 30175396251
921 30306451175
922 30437932525
923 30569841225
924 30702178200
925 30834944376
926 30968140680
927 31101768040
928 31235827385
929 31370319645
930 31505245751
931 31640606635
932 31776403230
933 31912636470
934 32049307290
935 32186416626
936 32323965415
937 32461954595
938 32600385105
939 32739257885
940 32878573876
941 33018334020
942 33158539260
943 33299190540
944 33440288805
945 33581835001
946 33723830075
947 33866274975
948 34009170650
949 34152518050
950 34296318126
951 34440571830
952 34585280115
953 34730443935
954 34876064245
955 35022142001
956 35168678160
957 35315673680
958 35463129520
959 35611046640
960 35759426001
961 35908268565
962 36057575295
963 36207347155
964 36357585110
965 36508290126
966 36659463170
967 36811105210
968 36963217215
969 37115800155
970 37268855001
971 37422382725
972 37576384300
973 37730860700
974 37885812900
975 38041241876
976 38197148605
977 38353534065
978 38510399235
979 38667745095
980 38825572626
981 38983882810
982 39142676630
983 39301955070
984 39461719115
985 39621969751
986 39782707965
987 39943934745
988 40105651080
989 40267857960
990 40430556376
991 40593747320
992 40757431785
993 40921610765
994 41086285255
995 41251456251
996 41417124750
997 41583291750
998 41749958250
999 41917125250
1000 42084793751
