0 1
1 1
2 1
3 3
4 3
5 3
6 7
7 7
8 7
9 15
10 15
11 15
12 31
13 31
14 31
15 63
16 63
17 63
18 127
19 127
20 127
21 255
22 255
23 255
24 511
25 511
26 511
27 1023
28 1023
29 1023
30 2047
31 2047
32 2047
33 4095
34 4095
35 4095
36 8191
37 8191
38 8191
39 16383
40 16383
41 16383
42 32767
43 32767
44 32767
45 65535
46 65535
47 65535
48 131071
49 131071
50 131071
51 262143
52 262143
53 262143
54 524287
55 524287
56 524287
57 1048575
58 1048575
59 1048575
60 2097151
61 2097151
62 2097151
63 4194303
64 4194303
65 4194303
66 8388607
67 8388607
68 8388607
69 16777215
70 16777215
71 16777215
72 33554431
73 33554431
74 33554431
75 67108863
76 67108863
77 67108863
78 134217727
79 134217727
80 134217727
81 268435455
82 268435455
83 268435455
84 536870911
85 536870911
86 536870911
87 1073741823
88 1073741823
89 1073741823
90 2147483647
91 2147483647
92 2147483647
93 4294967295
94 4294967295
95 4294967295
96 8589934591
97 8589934591
98 8589934591
99 17179869183
100 17179869183
101 17179869183
102 34359738367
103 34359738367
104 34359738367
105 68719476735
106 68719476735
107 68719476735
108 137438953471
109 137438953471
110 137438953471
111 274877906943
112 274877906943
113 274877906943
114 549755813887
115 549755813887
116 549755813887
117 1099511627775
118 1099511627775
119 1099511627775
120 2199023255551
121 2199023255551
122 2199023255551
123 4398046511103
124 4398046511103
125 4398046511103
126 8796093022207
127 8796093022207
128 8796093022207
129 17592186044415
130 17592186044415
131 17592186044415
132 35184372088831
133 35184372088831
134 35184372088831
135 70368744177663
136 70368744177663
137 70368744177663
138 140737488355327
139 140737488355327
140 140737488355327
141 281474976710655
142 281474976710655
143 281474976710655
144 562949953421311
145 562949953421311
146 562949953421311
147 1125899906842623
148 1125899906842623
149 1125899906842623
150 2251799813685247
151 2251799813685247
152 2251799813685247
153 4503599627370495
154 4503599627370495
155 4503599627370495
156 9007199254740991
157 9007199254740991
158 9007199254740991
159 18014398509481983
160 18014398509481983
161 18014398509481983
162 36028797018963967
163 36028797018963967
164 36028797018963967
165 72057594037927935
166 72057594037927935
167 72057594037927935
168 144115188075855871
169 144115188075855871
170 144115188075855871
171 288230376151711743
172 288230376151711743
173 288230376151711743
174 576460752303423487
175 576460752303423487
176 576460752303423487
177 1152921504606846975
178 1152921504606846975
179 1152921504606846975
180 2305843009213693951
181 2305843009213693951
182 2305843009213693951
183 4611686018427387903
184 4611686018427387903
185 4611686018427387903
186 9223372036854775807
187 9223372036854775807
188 9223372036854775807
189 18446744073709551615
190 18446744073709551615
191 18446744073709551615
192 36893488147419103231
193 36893488147419103231
194 36893488147419103231
195 73786976294838206463
196 73786976294838206463
197 73786976294838206463
198 147573952589676412927
199 147573952589676412927
200 147573952589676412927
201 295147905179352825855
202 295147905179352825855
203 295147905179352825855
204 590295810358705651711
205 590295810358705651711
206 590295810358705651711
207 1180591620717411303423
208 1180591620717411303423
209 1180591620717411303423
210 2361183241434822606847
211 2361183241434822606847
212 2361183241434822606847
213 4722366482869645213695
214 4722366482869645213695
215 4722366482869645213695
216 9444732965739290427391
217 9444732965739290427391
218 9444732965739290427391
219 18889465931478580854783
220 18889465931478580854783
221 18889465931478580854783
222 37778931862957161709567
223 37778931862957161709567
224 37778931862957161709567
225 75557863725914323419135
226 75557863725914323419135
227 75557863725914323419135
228 151115727451828646838271
229 151115727451828646838271
230 151115727451828646838271
231 302231454903657293676543
232 302231454903657293676543
233 302231454903657293676543
234 604462909807314587353087
235 604462909807314587353087
236 604462909807314587353087
237 1208925819614629174706175
238 1208925819614629174706175
239 1208925819614629174706175
240 2417851639229258349412351
241 2417851639229258349412351
242 2417851639229258349412351
243 4835703278458516698824703
244 4835703278458516698824703
245 4835703278458516698824703
246 9671406556917033397649407
247 9671406556917033397649407
248 9671406556917033397649407
249 19342813113834066795298815
250 19342813113834066795298815
251 19342813113834066795298815
252 38685626227668133590597631
253 38685626227668133590597631
254 38685626227668133590597631
255 77371252455336267181195263
256 77371252455336267181195263
257 77371252455336267181195263
258 154742504910672534362390527
259 154742504910672534362390527
260 154742504910672534362390527
261 309485009821345068724781055
262 309485009821345068724781055
263 309485009821345068724781055
264 618970019642690137449562111
265 618970019642690137449562111
266 618970019642690137449562111
267 1237940039285380274899124223
268 1237940039285380274899124223
269 1237940039285380274899124223
270 2475880078570760549798248447
271 2475880078570760549798248447
272 2475880078570760549798248447
273 4951760157141521099596496895
274 4951760157141521099596496895
275 4951760157141521099596496895
276 9903520314283042199192993791
277 9903520314283042199192993791
278 9903520314283042199192993791
279 19807040628566084398385987583
280 19807040628566084398385987583
281 19807040628566084398385987583
282 39614081257132168796771975167
283 39614081257132168796771975167
284 39614081257132168796771975167
285 79228162514264337593543950335
286 79228162514264337593543950335
287 79228162514264337593543950335
288 158456325028528675187087900671
289 158456325028528675187087900671
290 158456325028528675187087900671
291 316912650057057350374175801343
292 316912650057057350374175801343
293 316912650057057350374175801343
294 633825300114114700748351602687
295 633825300114114700748351602687
296 633825300114114700748351602687
297 1267650600228229401496703205375
298 1267650600228229401496703205375
299 1267650600228229401496703205375
300 2535301200456458802993406410751
301 2535301200456458802993406410751
302 2535301200456458802993406410751
303 5070602400912917605986812821503
304 5070602400912917605986812821503
305 5070602400912917605986812821503
306 10141204801825835211973625643007
307 10141204801825835211973625643007
308 10141204801825835211973625643007
309 20282409603651670423947251286015
310 20282409603651670423947251286015
311 20282409603651670423947251286015
312 40564819207303340847894502572031
313 40564819207303340847894502572031
314 40564819207303340847894502572031
315 81129638414606681695789005144063
316 81129638414606681695789005144063
317 81129638414606681695789005144063
318 162259276829213363391578010288127
319 162259276829213363391578010288127
320 162259276829213363391578010288127
321 324518553658426726783156020576255
322 324518553658426726783156020576255
323 324518553658426726783156020576255
324 649037107316853453566312041152511
325 649037107316853453566312041152511
326 649037107316853453566312041152511
327 1298074214633706907132624082305023
328 1298074214633706907132624082305023
329 1298074214633706907132624082305023
330 2596148429267413814265248164610047
331 2596148429267413814265248164610047
332 2596148429267413814265248164610047
333 5192296858534827628530496329220095
334 5192296858534827628530496329220095
335 5192296858534827628530496329220095
336 10384593717069655257060992658440191
337 10384593717069655257060992658440191
338 10384593717069655257060992658440191
339 20769187434139310514121985316880383
340 20769187434139310514121985316880383
341 20769187434139310514121985316880383
342 41538374868278621028243970633760767
343 41538374868278621028243970633760767
344 41538374868278621028243970633760767
345 83076749736557242056487941267521535
346 83076749736557242056487941267521535
347 83076749736557242056487941267521535
348 166153499473114484112975882535043071
349 166153499473114484112975882535043071
350 166153499473114484112975882535043071
351 332306998946228968225951765070086143
352 332306998946228968225951765070086143
353 332306998946228968225951765070086143
354 664613997892457936451903530140172287
355 664613997892457936451903530140172287
356 664613997892457936451903530140172287
357 1329227995784915872903807060280344575
358 1329227995784915872903807060280344575
359 1329227995784915872903807060280344575
360 2658455991569831745807614120560689151
361 2658455991569831745807614120560689151
362 2658455991569831745807614120560689151
363 5316911983139663491615228241121378303
364 5316911983139663491615228241121378303
365 5316911983139663491615228241121378303
366 10633823966279326983230456482242756607
367 10633823966279326983230456482242756607
368 10633823966279326983230456482242756607
369 21267647932558653966460912964485513215
370 21267647932558653966460912964485513215
371 21267647932558653966460912964485513215
372 42535295865117307932921825928971026431
373 42535295865117307932921825928971026431
374 42535295865117307932921825928971026431
375 85070591730234615865843651857942052863
376 85070591730234615865843651857942052863
377 85070591730234615865843651857942052863
378 170141183460469231731687303715884105727
379 170141183460469231731687303715884105727
380 170141183460469231731687303715884105727
381 340282366920938463463374607431768211455
382 340282366920938463463374607431768211455
383 340282366920938463463374607431768211455
384 680564733841876926926749214863536422911
385 680564733841876926926749214863536422911
386 680564733841876926926749214863536422911
387 1361129467683753853853498429727072845823
388 1361129467683753853853498429727072845823
389 1361129467683753853853498429727072845823
390 2722258935367507707706996859454145691647
391 2722258935367507707706996859454145691647
392 2722258935367507707706996859454145691647
393 5444517870735015415413993718908291383295
394 5444517870735015415413993718908291383295
395 5444517870735015415413993718908291383295
396 10889035741470030830827987437816582766591
397 10889035741470030830827987437816582766591
398 10889035741470030830827987437816582766591
399 21778071482940061661655974875633165533183
400 21778071482940061661655974875633165533183
401 21778071482940061661655974875633165533183
402 43556142965880123323311949751266331066367
403 43556142965880123323311949751266331066367
404 43556142965880123323311949751266331066367
405 87112285931760246646623899502532662132735
406 87112285931760246646623899502532662132735
407 87112285931760246646623899502532662132735
408 174224571863520493293247799005065324265471
409 174224571863520493293247799005065324265471
410 174224571863520493293247799005065324265471
411 348449143727040986586495598010130648530943
412 348449143727040986586495598010130648530943
413 348449143727040986586495598010130648530943
414 696898287454081973172991196020261297061887
415 696898287454081973172991196020261297061887
416 696898287454081973172991196020261297061887
417 1393796574908163946345982392040522594123775
418 1393796574908163946345982392040522594123775
419 1393796574908163946345982392040522594123775
420 2787593149816327892691964784081045188247551
421 2787593149816327892691964784081045188247551
422 2787593149816327892691964784081045188247551
423 5575186299632655785383929568162090376495103
424 5575186299632655785383929568162090376495103
425 5575186299632655785383929568162090376495103
426 11150372599265311570767859136324180752990207
427 11150372599265311570767859136324180752990207
428 11150372599265311570767859136324180752990207
429 22300745198530623141535718272648361505980415
430 22300745198530623141535718272648361505980415
431 22300745198530623141535718272648361505980415
432 44601490397061246283071436545296723011960831
433 44601490397061246283071436545296723011960831
434 44601490397061246283071436545296723011960831
435 89202980794122492566142873090593446023921663
436 89202980794122492566142873090593446023921663
437 89202980794122492566142873090593446023921663
438 178405961588244985132285746181186892047843327
439 178405961588244985132285746181186892047843327
440 178405961588244985132285746181186892047843327
441 356811923176489970264571492362373784095686655
442 356811923176489970264571492362373784095686655
443 356811923176489970264571492362373784095686655
444 713623846352979940529142984724747568191373311
445 713623846352979940529142984724747568191373311
446 713623846352979940529142984724747568191373311
447 1427247692705959881058285969449495136382746623
448 1427247692705959881058285969449495136382746623
449 1427247692705959881058285969449495136382746623
450 2854495385411919762116571938898990272765493247
451 2854495385411919762116571938898990272765493247
452 2854495385411919762116571938898990272765493247
453 5708990770823839524233143877797980545530986495
454 5708990770823839524233143877797980545530986495
455 5708990770823839524233143877797980545530986495
456 11417981541647679048466287755595961091061972991
457 11417981541647679048466287755595961091061972991
458 11417981541647679048466287755595961091061972991
459 22835963083295358096932575511191922182123945983
460 22835963083295358096932575511191922182123945983
461 22835963083295358096932575511191922182123945983
462 45671926166590716193865151022383844364247891967
463 45671926166590716193865151022383844364247891967
464 45671926166590716193865151022383844364247891967
465 91343852333181432387730302044767688728495783935
466 91343852333181432387730302044767688728495783935
467 91343852333181432387730302044767688728495783935
468 182687704666362864775460604089535377456991567871
469 182687704666362864775460604089535377456991567871
470 182687704666362864775460604089535377456991567871
471 365375409332725729550921208179070754913983135743
472 365375409332725729550921208179070754913983135743
473 365375409332725729550921208179070754913983135743
474 730750818665451459101842416358141509827966271487
475 730750818665451459101842416358141509827966271487
476 730750818665451459101842416358141509827966271487
477 1461501637330902918203684832716283019655932542975
478 1461501637330902918203684832716283019655932542975
479 1461501637330902918203684832716283019655932542975
480 2923003274661805836407369665432566039311865085951
481 2923003274661805836407369665432566039311865085951
482 2923003274661805836407369665432566039311865085951
483 5846006549323611672814739330865132078623730171903
484 5846006549323611672814739330865132078623730171903
485 5846006549323611672814739330865132078623730171903
486 11692013098647223345629478661730264157247460343807
487 11692013098647223345629478661730264157247460343807
488 11692013098647223345629478661730264157247460343807
489 23384026197294446691258957323460528314494920687615
490 23384026197294446691258957323460528314494920687615
491 23384026197294446691258957323460528314494920687615
492 46768052394588893382517914646921056628989841375231
493 46768052394588893382517914646921056628989841375231
494 46768052394588893382517914646921056628989841375231
495 93536104789177786765035829293842113257979682750463
496 93536104789177786765035829293842113257979682750463
497 93536104789177786765035829293842113257979682750463
498 187072209578355573530071658587684226515959365500927
499 187072209578355573530071658587684226515959365500927
500 187072209578355573530071658587684226515959365500927
501 374144419156711147060143317175368453031918731001855
502 374144419156711147060143317175368453031918731001855
503 374144419156711147060143317175368453031918731001855
504 748288838313422294120286634350736906063837462003711
505 748288838313422294120286634350736906063837462003711
506 748288838313422294120286634350736906063837462003711
507 1496577676626844588240573268701473812127674924007423
508 1496577676626844588240573268701473812127674924007423
509 1496577676626844588240573268701473812127674924007423
510 2993155353253689176481146537402947624255349848014847
511 2993155353253689176481146537402947624255349848014847
512 2993155353253689176481146537402947624255349848014847
513 5986310706507378352962293074805895248510699696029695
514 5986310706507378352962293074805895248510699696029695
515 5986310706507378352962293074805895248510699696029695
516 11972621413014756705924586149611790497021399392059391
517 11972621413014756705924586149611790497021399392059391
518 11972621413014756705924586149611790497021399392059391
519 23945242826029513411849172299223580994042798784118783
520 23945242826029513411849172299223580994042798784118783
521 23945242826029513411849172299223580994042798784118783
522 47890485652059026823698344598447161988085597568237567
523 47890485652059026823698344598447161988085597568237567
524 47890485652059026823698344598447161988085597568237567
525 95780971304118053647396689196894323976171195136475135
526 95780971304118053647396689196894323976171195136475135
527 95780971304118053647396689196894323976171195136475135
528 191561942608236107294793378393788647952342390272950271
529 191561942608236107294793378393788647952342390272950271
530 191561942608236107294793378393788647952342390272950271
531 383123885216472214589586756787577295904684780545900543
532 383123885216472214589586756787577295904684780545900543
533 383123885216472214589586756787577295904684780545900543
534 766247770432944429179173513575154591809369561091801087
535 766247770432944429179173513575154591809369561091801087
536 766247770432944429179173513575154591809369561091801087
537 1532495540865888858358347027150309183618739122183602175
538 1532495540865888858358347027150309183618739122183602175
539 1532495540865888858358347027150309183618739122183602175
540 3064991081731777716716694054300618367237478244367204351
541 3064991081731777716716694054300618367237478244367204351
542 3064991081731777716716694054300618367237478244367204351
543 6129982163463555433433388108601236734474956488734408703
544 6129982163463555433433388108601236734474956488734408703
545 6129982163463555433433388108601236734474956488734408703
546 12259964326927110866866776217202473468949912977468817407
547 12259964326927110866866776217202473468949912977468817407
548 12259964326927110866866776217202473468949912977468817407
549 24519928653854221733733552434404946937899825954937634815
550 24519928653854221733733552434404946937899825954937634815
551 24519928653854221733733552434404946937899825954937634815
552 49039857307708443467467104868809893875799651909875269631
553 49039857307708443467467104868809893875799651909875269631
554 49039857307708443467467104868809893875799651909875269631
555 98079714615416886934934209737619787751599303819750539263
556 98079714615416886934934209737619787751599303819750539263
557 98079714615416886934934209737619787751599303819750539263
558 196159429230833773869868419475239575503198607639501078527
559 196159429230833773869868419475239575503198607639501078527
560 196159429230833773869868419475239575503198607639501078527
561 392318858461667547739736838950479151006397215279002157055
562 392318858461667547739736838950479151006397215279002157055
563 392318858461667547739736838950479151006397215279002157055
564 784637716923335095479473677900958302012794430558004314111
565 784637716923335095479473677900958302012794430558004314111
566 784637716923335095479473677900958302012794430558004314111
567 1569275433846670190958947355801916604025588861116008628223
568 1569275433846670190958947355801916604025588861116008628223
569 1569275433846670190958947355801916604025588861116008628223
570 3138550867693340381917894711603833208051177722232017256447
571 3138550867693340381917894711603833208051177722232017256447
572 3138550867693340381917894711603833208051177722232017256447
573 6277101735386680763835789423207666416102355444464034512895
574 6277101735386680763835789423207666416102355444464034512895
575 6277101735386680763835789423207666416102355444464034512895
576 12554203470773361527671578846415332832204710888928069025791
577 12554203470773361527671578846415332832204710888928069025791
578 12554203470773361527671578846415332832204710888928069025791
579 25108406941546723055343157692830665664409421777856138051583
580 25108406941546723055343157692830665664409421777856138051583
581 25108406941546723055343157692830665664409421777856138051583
582 50216813883093446110686315385661331328818843555712276103167
583 50216813883093446110686315385661331328818843555712276103167
584 50216813883093446110686315385661331328818843555712276103167
585 100433627766186892221372630771322662657637687111424552206335
586 100433627766186892221372630771322662657637687111424552206335
587 100433627766186892221372630771322662657637687111424552206335
588 200867255532373784442745261542645325315275374222849104412671
589 200867255532373784442745261542645325315275374222849104412671
590 200867255532373784442745261542645325315275374222849104412671
591 401734511064747568885490523085290650630550748445698208825343
592 401734511064747568885490523085290650630550748445698208825343
593 401734511064747568885490523085290650630550748445698208825343
594 803469022129495137770981046170581301261101496891396417650687
595 803469022129495137770981046170581301261101496891396417650687
596 803469022129495137770981046170581301261101496891396417650687
597 1606938044258990275541962092341162602522202993782792835301375
598 1606938044258990275541962092341162602522202993782792835301375
599 1606938044258990275541962092341162602522202993782792835301375
600 3213876088517980551083924184682325205044405987565585670602751
601 3213876088517980551083924184682325205044405987565585670602751
602 3213876088517980551083924184682325205044405987565585670602751
603 6427752177035961102167848369364650410088811975131171341205503
604 6427752177035961102167848369364650410088811975131171341205503
605 6427752177035961102167848369364650410088811975131171341205503
606 12855504354071922204335696738729300820177623950262342682411007
607 12855504354071922204335696738729300820177623950262342682411007
608 12855504354071922204335696738729300820177623950262342682411007
609 25711008708143844408671393477458601640355247900524685364822015
610 25711008708143844408671393477458601640355247900524685364822015
611 25711008708143844408671393477458601640355247900524685364822015
612 51422017416287688817342786954917203280710495801049370729644031
613 51422017416287688817342786954917203280710495801049370729644031
614 51422017416287688817342786954917203280710495801049370729644031
615 102844034832575377634685573909834406561420991602098741459288063
616 102844034832575377634685573909834406561420991602098741459288063
617 102844034832575377634685573909834406561420991602098741459288063
618 205688069665150755269371147819668813122841983204197482918576127
619 205688069665150755269371147819668813122841983204197482918576127
620 205688069665150755269371147819668813122841983204197482918576127
621 411376139330301510538742295639337626245683966408394965837152255
622 411376139330301510538742295639337626245683966408394965837152255
623 411376139330301510538742295639337626245683966408394965837152255
624 822752278660603021077484591278675252491367932816789931674304511
625 822752278660603021077484591278675252491367932816789931674304511
626 822752278660603021077484591278675252491367932816789931674304511
627 1645504557321206042154969182557350504982735865633579863348609023
628 1645504557321206042154969182557350504982735865633579863348609023
629 1645504557321206042154969182557350504982735865633579863348609023
630 3291009114642412084309938365114701009965471731267159726697218047
631 3291009114642412084309938365114701009965471731267159726697218047
632 3291009114642412084309938365114701009965471731267159726697218047
633 6582018229284824168619876730229402019930943462534319453394436095
634 6582018229284824168619876730229402019930943462534319453394436095
635 6582018229284824168619876730229402019930943462534319453394436095
636 13164036458569648337239753460458804039861886925068638906788872191
637 13164036458569648337239753460458804039861886925068638906788872191
638 13164036458569648337239753460458804039861886925068638906788872191
639 26328072917139296674479506920917608079723773850137277813577744383
640 26328072917139296674479506920917608079723773850137277813577744383
641 26328072917139296674479506920917608079723773850137277813577744383
642 52656145834278593348959013841835216159447547700274555627155488767
643 52656145834278593348959013841835216159447547700274555627155488767
644 52656145834278593348959013841835216159447547700274555627155488767
645 105312291668557186697918027683670432318895095400549111254310977535
646 105312291668557186697918027683670432318895095400549111254310977535
647 105312291668557186697918027683670432318895095400549111254310977535
648 210624583337114373395836055367340864637790190801098222508621955071
649 210624583337114373395836055367340864637790190801098222508621955071
650 210624583337114373395836055367340864637790190801098222508621955071
651 421249166674228746791672110734681729275580381602196445017243910143
652 421249166674228746791672110734681729275580381602196445017243910143
653 421249166674228746791672110734681729275580381602196445017243910143
654 842498333348457493583344221469363458551160763204392890034487820287
655 842498333348457493583344221469363458551160763204392890034487820287
656 842498333348457493583344221469363458551160763204392890034487820287
657 1684996666696914987166688442938726917102321526408785780068975640575
658 1684996666696914987166688442938726917102321526408785780068975640575
659 1684996666696914987166688442938726917102321526408785780068975640575
660 3369993333393829974333376885877453834204643052817571560137951281151
661 3369993333393829974333376885877453834204643052817571560137951281151
662 3369993333393829974333376885877453834204643052817571560137951281151
663 6739986666787659948666753771754907668409286105635143120275902562303
664 6739986666787659948666753771754907668409286105635143120275902562303
665 6739986666787659948666753771754907668409286105635143120275902562303
666 13479973333575319897333507543509815336818572211270286240551805124607
667 13479973333575319897333507543509815336818572211270286240551805124607
668 13479973333575319897333507543509815336818572211270286240551805124607
669 26959946667150639794667015087019630673637144422540572481103610249215
670 26959946667150639794667015087019630673637144422540572481103610249215
671 26959946667150639794667015087019630673637144422540572481103610249215
672 53919893334301279589334030174039261347274288845081144962207220498431
673 53919893334301279589334030174039261347274288845081144962207220498431
674 53919893334301279589334030174039261347274288845081144962207220498431
675 107839786668602559178668060348078522694548577690162289924414440996863
676 107839786668602559178668060348078522694548577690162289924414440996863
677 107839786668602559178668060348078522694548577690162289924414440996863
678 215679573337205118357336120696157045389097155380324579848828881993727
679 215679573337205118357336120696157045389097155380324579848828881993727
680 215679573337205118357336120696157045389097155380324579848828881993727
681 431359146674410236714672241392314090778194310760649159697657763987455
682 431359146674410236714672241392314090778194310760649159697657763987455
683 431359146674410236714672241392314090778194310760649159697657763987455
684 862718293348820473429344482784628181556388621521298319395315527974911
685 862718293348820473429344482784628181556388621521298319395315527974911
686 862718293348820473429344482784628181556388621521298319395315527974911
687 1725436586697640946858688965569256363112777243042596638790631055949823
688 1725436586697640946858688965569256363112777243042596638790631055949823
689 1725436586697640946858688965569256363112777243042596638790631055949823
690 3450873173395281893717377931138512726225554486085193277581262111899647
691 3450873173395281893717377931138512726225554486085193277581262111899647
692 3450873173395281893717377931138512726225554486085193277581262111899647
693 6901746346790563787434755862277025452451108972170386555162524223799295
694 6901746346790563787434755862277025452451108972170386555162524223799295
695 6901746346790563787434755862277025452451108972170386555162524223799295
696 13803492693581127574869511724554050904902217944340773110325048447598591
697 13803492693581127574869511724554050904902217944340773110325048447598591
698 13803492693581127574869511724554050904902217944340773110325048447598591
699 27606985387162255149739023449108101809804435888681546220650096895197183
700 27606985387162255149739023449108101809804435888681546220650096895197183
701 27606985387162255149739023449108101809804435888681546220650096895197183
702 55213970774324510299478046898216203619608871777363092441300193790394367
703 55213970774324510299478046898216203619608871777363092441300193790394367
704 55213970774324510299478046898216203619608871777363092441300193790394367
705 110427941548649020598956093796432407239217743554726184882600387580788735
706 110427941548649020598956093796432407239217743554726184882600387580788735
707 110427941548649020598956093796432407239217743554726184882600387580788735
708 220855883097298041197912187592864814478435487109452369765200775161577471
709 220855883097298041197912187592864814478435487109452369765200775161577471
710 220855883097298041197912187592864814478435487109452369765200775161577471
711 441711766194596082395824375185729628956870974218904739530401550323154943
712 441711766194596082395824375185729628956870974218904739530401550323154943
713 441711766194596082395824375185729628956870974218904739530401550323154943
714 883423532389192164791648750371459257913741948437809479060803100646309887
715 883423532389192164791648750371459257913741948437809479060803100646309887
716 883423532389192164791648750371459257913741948437809479060803100646309887
717 1766847064778384329583297500742918515827483896875618958121606201292619775
718 1766847064778384329583297500742918515827483896875618958121606201292619775
719 1766847064778384329583297500742918515827483896875618958121606201292619775
720 3533694129556768659166595001485837031654967793751237916243212402585239551
721 3533694129556768659166595001485837031654967793751237916243212402585239551
722 3533694129556768659166595001485837031654967793751237916243212402585239551
723 7067388259113537318333190002971674063309935587502475832486424805170479103
724 7067388259113537318333190002971674063309935587502475832486424805170479103
725 7067388259113537318333190002971674063309935587502475832486424805170479103
726 14134776518227074636666380005943348126619871175004951664972849610340958207
727 14134776518227074636666380005943348126619871175004951664972849610340958207
728 14134776518227074636666380005943348126619871175004951664972849610340958207
729 28269553036454149273332760011886696253239742350009903329945699220681916415
730 28269553036454149273332760011886696253239742350009903329945699220681916415
731 28269553036454149273332760011886696253239742350009903329945699220681916415
732 56539106072908298546665520023773392506479484700019806659891398441363832831
733 56539106072908298546665520023773392506479484700019806659891398441363832831
734 56539106072908298546665520023773392506479484700019806659891398441363832831
735 113078212145816597093331040047546785012958969400039613319782796882727665663
736 113078212145816597093331040047546785012958969400039613319782796882727665663
737 113078212145816597093331040047546785012958969400039613319782796882727665663
738 226156424291633194186662080095093570025917938800079226639565593765455331327
739 226156424291633194186662080095093570025917938800079226639565593765455331327
740 226156424291633194186662080095093570025917938800079226639565593765455331327
741 452312848583266388373324160190187140051835877600158453279131187530910662655
742 452312848583266388373324160190187140051835877600158453279131187530910662655
743 452312848583266388373324160190187140051835877600158453279131187530910662655
744 904625697166532776746648320380374280103671755200316906558262375061821325311
745 904625697166532776746648320380374280103671755200316906558262375061821325311
746 904625697166532776746648320380374280103671755200316906558262375061821325311
747 1809251394333065553493296640760748560207343510400633813116524750123642650623
748 1809251394333065553493296640760748560207343510400633813116524750123642650623
749 1809251394333065553493296640760748560207343510400633813116524750123642650623
750 3618502788666131106986593281521497120414687020801267626233049500247285301247
751 3618502788666131106986593281521497120414687020801267626233049500247285301247
752 3618502788666131106986593281521497120414687020801267626233049500247285301247
753 7237005577332262213973186563042994240829374041602535252466099000494570602495
754 7237005577332262213973186563042994240829374041602535252466099000494570602495
755 7237005577332262213973186563042994240829374041602535252466099000494570602495
756 14474011154664524427946373126085988481658748083205070504932198000989141204991
757 14474011154664524427946373126085988481658748083205070504932198000989141204991
758 14474011154664524427946373126085988481658748083205070504932198000989141204991
759 28948022309329048855892746252171976963317496166410141009864396001978282409983
760 28948022309329048855892746252171976963317496166410141009864396001978282409983
761 28948022309329048855892746252171976963317496166410141009864396001978282409983
762 57896044618658097711785492504343953926634992332820282019728792003956564819967
763 57896044618658097711785492504343953926634992332820282019728792003956564819967
764 57896044618658097711785492504343953926634992332820282019728792003956564819967
765 115792089237316195423570985008687907853269984665640564039457584007913129639935
766 115792089237316195423570985008687907853269984665640564039457584007913129639935
767 115792089237316195423570985008687907853269984665640564039457584007913129639935
768 231584178474632390847141970017375815706539969331281128078915168015826259279871
769 231584178474632390847141970017375815706539969331281128078915168015826259279871
770 231584178474632390847141970017375815706539969331281128078915168015826259279871
771 463168356949264781694283940034751631413079938662562256157830336031652518559743
772 463168356949264781694283940034751631413079938662562256157830336031652518559743
773 463168356949264781694283940034751631413079938662562256157830336031652518559743
774 926336713898529563388567880069503262826159877325124512315660672063305037119487
775 926336713898529563388567880069503262826159877325124512315660672063305037119487
776 926336713898529563388567880069503262826159877325124512315660672063305037119487
777 1852673427797059126777135760139006525652319754650249024631321344126610074238975
778 1852673427797059126777135760139006525652319754650249024631321344126610074238975
779 1852673427797059126777135760139006525652319754650249024631321344126610074238975
780 3705346855594118253554271520278013051304639509300498049262642688253220148477951
781 3705346855594118253554271520278013051304639509300498049262642688253220148477951
782 3705346855594118253554271520278013051304639509300498049262642688253220148477951
783 7410693711188236507108543040556026102609279018600996098525285376506440296955903
784 7410693711188236507108543040556026102609279018600996098525285376506440296955903
785 7410693711188236507108543040556026102609279018600996098525285376506440296955903
786 14821387422376473014217086081112052205218558037201992197050570753012880593911807
787 14821387422376473014217086081112052205218558037201992197050570753012880593911807
788 14821387422376473014217086081112052205218558037201992197050570753012880593911807
789 29642774844752946028434172162224104410437116074403984394101141506025761187823615
790 29642774844752946028434172162224104410437116074403984394101141506025761187823615
791 29642774844752946028434172162224104410437116074403984394101141506025761187823615
792 59285549689505892056868344324448208820874232148807968788202283012051522375647231
793 59285549689505892056868344324448208820874232148807968788202283012051522375647231
794 59285549689505892056868344324448208820874232148807968788202283012051522375647231
795 118571099379011784113736688648896417641748464297615937576404566024103044751294463
796 118571099379011784113736688648896417641748464297615937576404566024103044751294463
797 118571099379011784113736688648896417641748464297615937576404566024103044751294463
798 237142198758023568227473377297792835283496928595231875152809132048206089502588927
799 237142198758023568227473377297792835283496928595231875152809132048206089502588927
800 237142198758023568227473377297792835283496928595231875152809132048206089502588927
801 474284397516047136454946754595585670566993857190463750305618264096412179005177855
802 474284397516047136454946754595585670566993857190463750305618264096412179005177855
803 474284397516047136454946754595585670566993857190463750305618264096412179005177855
804 948568795032094272909893509191171341133987714380927500611236528192824358010355711
805 948568795032094272909893509191171341133987714380927500611236528192824358010355711
806 948568795032094272909893509191171341133987714380927500611236528192824358010355711
807 1897137590064188545819787018382342682267975428761855001222473056385648716020711423
808 1897137590064188545819787018382342682267975428761855001222473056385648716020711423
809 1897137590064188545819787018382342682267975428761855001222473056385648716020711423
810 3794275180128377091639574036764685364535950857523710002444946112771297432041422847
811 3794275180128377091639574036764685364535950857523710002444946112771297432041422847
812 3794275180128377091639574036764685364535950857523710002444946112771297432041422847
813 7588550360256754183279148073529370729071901715047420004889892225542594864082845695
814 7588550360256754183279148073529370729071901715047420004889892225542594864082845695
815 7588550360256754183279148073529370729071901715047420004889892225542594864082845695
816 15177100720513508366558296147058741458143803430094840009779784451085189728165691391
817 15177100720513508366558296147058741458143803430094840009779784451085189728165691391
818 15177100720513508366558296147058741458143803430094840009779784451085189728165691391
819 30354201441027016733116592294117482916287606860189680019559568902170379456331382783
820 30354201441027016733116592294117482916287606860189680019559568902170379456331382783
821 30354201441027016733116592294117482916287606860189680019559568902170379456331382783
822 60708402882054033466233184588234965832575213720379360039119137804340758912662765567
823 60708402882054033466233184588234965832575213720379360039119137804340758912662765567
824 60708402882054033466233184588234965832575213720379360039119137804340758912662765567
825 121416805764108066932466369176469931665150427440758720078238275608681517825325531135
826 121416805764108066932466369176469931665150427440758720078238275608681517825325531135
827 121416805764108066932466369176469931665150427440758720078238275608681517825325531135
828 242833611528216133864932738352939863330300854881517440156476551217363035650651062271
829 242833611528216133864932738352939863330300854881517440156476551217363035650651062271
830 242833611528216133864932738352939863330300854881517440156476551217363035650651062271
831 485667223056432267729865476705879726660601709763034880312953102434726071301302124543
832 485667223056432267729865476705879726660601709763034880312953102434726071301302124543
833 485667223056432267729865476705879726660601709763034880312953102434726071301302124543
834 971334446112864535459730953411759453321203419526069760625906204869452142602604249087
835 971334446112864535459730953411759453321203419526069760625906204869452142602604249087
836 971334446112864535459730953411759453321203419526069760625906204869452142602604249087
837 1942668892225729070919461906823518906642406839052139521251812409738904285205208498175
838 1942668892225729070919461906823518906642406839052139521251812409738904285205208498175
839 1942668892225729070919461906823518906642406839052139521251812409738904285205208498175
840 3885337784451458141838923813647037813284813678104279042503624819477808570410416996351
841 3885337784451458141838923813647037813284813678104279042503624819477808570410416996351
842 3885337784451458141838923813647037813284813678104279042503624819477808570410416996351
843 7770675568902916283677847627294075626569627356208558085007249638955617140820833992703
844 7770675568902916283677847627294075626569627356208558085007249638955617140820833992703
845 7770675568902916283677847627294075626569627356208558085007249638955617140820833992703
846 15541351137805832567355695254588151253139254712417116170014499277911234281641667985407
847 15541351137805832567355695254588151253139254712417116170014499277911234281641667985407
848 15541351137805832567355695254588151253139254712417116170014499277911234281641667985407
849 31082702275611665134711390509176302506278509424834232340028998555822468563283335970815
850 31082702275611665134711390509176302506278509424834232340028998555822468563283335970815
851 31082702275611665134711390509176302506278509424834232340028998555822468563283335970815
852 62165404551223330269422781018352605012557018849668464680057997111644937126566671941631
853 62165404551223330269422781018352605012557018849668464680057997111644937126566671941631
854 62165404551223330269422781018352605012557018849668464680057997111644937126566671941631
855 124330809102446660538845562036705210025114037699336929360115994223289874253133343883263
856 124330809102446660538845562036705210025114037699336929360115994223289874253133343883263
857 124330809102446660538845562036705210025114037699336929360115994223289874253133343883263
858 248661618204893321077691124073410420050228075398673858720231988446579748506266687766527
859 248661618204893321077691124073410420050228075398673858720231988446579748506266687766527
860 248661618204893321077691124073410420050228075398673858720231988446579748506266687766527
861 497323236409786642155382248146820840100456150797347717440463976893159497012533375533055
862 497323236409786642155382248146820840100456150797347717440463976893159497012533375533055
863 497323236409786642155382248146820840100456150797347717440463976893159497012533375533055
864 994646472819573284310764496293641680200912301594695434880927953786318994025066751066111
865 994646472819573284310764496293641680200912301594695434880927953786318994025066751066111
866 994646472819573284310764496293641680200912301594695434880927953786318994025066751066111
867 1989292945639146568621528992587283360401824603189390869761855907572637988050133502132223
868 1989292945639146568621528992587283360401824603189390869761855907572637988050133502132223
869 1989292945639146568621528992587283360401824603189390869761855907572637988050133502132223
870 3978585891278293137243057985174566720803649206378781739523711815145275976100267004264447
871 3978585891278293137243057985174566720803649206378781739523711815145275976100267004264447
872 3978585891278293137243057985174566720803649206378781739523711815145275976100267004264447
873 7957171782556586274486115970349133441607298412757563479047423630290551952200534008528895
874 7957171782556586274486115970349133441607298412757563479047423630290551952200534008528895
875 7957171782556586274486115970349133441607298412757563479047423630290551952200534008528895
876 15914343565113172548972231940698266883214596825515126958094847260581103904401068017057791
877 15914343565113172548972231940698266883214596825515126958094847260581103904401068017057791
878 15914343565113172548972231940698266883214596825515126958094847260581103904401068017057791
879 31828687130226345097944463881396533766429193651030253916189694521162207808802136034115583
880 31828687130226345097944463881396533766429193651030253916189694521162207808802136034115583
881 31828687130226345097944463881396533766429193651030253916189694521162207808802136034115583
882 63657374260452690195888927762793067532858387302060507832379389042324415617604272068231167
883 63657374260452690195888927762793067532858387302060507832379389042324415617604272068231167
884 63657374260452690195888927762793067532858387302060507832379389042324415617604272068231167
885 127314748520905380391777855525586135065716774604121015664758778084648831235208544136462335
886 127314748520905380391777855525586135065716774604121015664758778084648831235208544136462335
887 127314748520905380391777855525586135065716774604121015664758778084648831235208544136462335
888 254629497041810760783555711051172270131433549208242031329517556169297662470417088272924671
889 254629497041810760783555711051172270131433549208242031329517556169297662470417088272924671
890 254629497041810760783555711051172270131433549208242031329517556169297662470417088272924671
891 509258994083621521567111422102344540262867098416484062659035112338595324940834176545849343
892 509258994083621521567111422102344540262867098416484062659035112338595324940834176545849343
893 509258994083621521567111422102344540262867098416484062659035112338595324940834176545849343
894 1018517988167243043134222844204689080525734196832968125318070224677190649881668353091698687
895 1018517988167243043134222844204689080525734196832968125318070224677190649881668353091698687
896 1018517988167243043134222844204689080525734196832968125318070224677190649881668353091698687
897 2037035976334486086268445688409378161051468393665936250636140449354381299763336706183397375
898 2037035976334486086268445688409378161051468393665936250636140449354381299763336706183397375
899 2037035976334486086268445688409378161051468393665936250636140449354381299763336706183397375
900 4074071952668972172536891376818756322102936787331872501272280898708762599526673412366794751
901 4074071952668972172536891376818756322102936787331872501272280898708762599526673412366794751
902 4074071952668972172536891376818756322102936787331872501272280898708762599526673412366794751
903 8148143905337944345073782753637512644205873574663745002544561797417525199053346824733589503
904 8148143905337944345073782753637512644205873574663745002544561797417525199053346824733589503
905 8148143905337944345073782753637512644205873574663745002544561797417525199053346824733589503
906 16296287810675888690147565507275025288411747149327490005089123594835050398106693649467179007
907 16296287810675888690147565507275025288411747149327490005089123594835050398106693649467179007
908 16296287810675888690147565507275025288411747149327490005089123594835050398106693649467179007
909 32592575621351777380295131014550050576823494298654980010178247189670100796213387298934358015
910 32592575621351777380295131014550050576823494298654980010178247189670100796213387298934358015
911 32592575621351777380295131014550050576823494298654980010178247189670100796213387298934358015
912 65185151242703554760590262029100101153646988597309960020356494379340201592426774597868716031
913 65185151242703554760590262029100101153646988597309960020356494379340201592426774597868716031
914 65185151242703554760590262029100101153646988597309960020356494379340201592426774597868716031
915 130370302485407109521180524058200202307293977194619920040712988758680403184853549195737432063
916 130370302485407109521180524058200202307293977194619920040712988758680403184853549195737432063
917 130370302485407109521180524058200202307293977194619920040712988758680403184853549195737432063
918 260740604970814219042361048116400404614587954389239840081425977517360806369707098391474864127
919 260740604970814219042361048116400404614587954389239840081425977517360806369707098391474864127
920 260740604970814219042361048116400404614587954389239840081425977517360806369707098391474864127
921 521481209941628438084722096232800809229175908778479680162851955034721612739414196782949728255
922 521481209941628438084722096232800809229175908778479680162851955034721612739414196782949728255
923 521481209941628438084722096232800809229175908778479680162851955034721612739414196782949728255
924 1042962419883256876169444192465601618458351817556959360325703910069443225478828393565899456511
925 1042962419883256876169444192465601618458351817556959360325703910069443225478828393565899456511
926 1042962419883256876169444192465601618458351817556959360325703910069443225478828393565899456511
927 2085924839766513752338888384931203236916703635113918720651407820138886450957656787131798913023
928 2085924839766513752338888384931203236916703635113918720651407820138886450957656787131798913023
929 2085924839766513752338888384931203236916703635113918720651407820138886450957656787131798913023
930 4171849679533027504677776769862406473833407270227837441302815640277772901915313574263597826047
931 4171849679533027504677776769862406473833407270227837441302815640277772901915313574263597826047
932 4171849679533027504677776769862406473833407270227837441302815640277772901915313574263597826047
933 8343699359066055009355553539724812947666814540455674882605631280555545803830627148527195652095
934 8343699359066055009355553539724812947666814540455674882605631280555545803830627148527195652095
935 8343699359066055009355553539724812947666814540455674882605631280555545803830627148527195652095
936 16687398718132110018711107079449625895333629080911349765211262561111091607661254297054391304191
937 16687398718132110018711107079449625895333629080911349765211262561111091607661254297054391304191
938 16687398718132110018711107079449625895333629080911349765211262561111091607661254297054391304191
939 33374797436264220037422214158899251790667258161822699530422525122222183215322508594108782608383
940 33374797436264220037422214158899251790667258161822699530422525122222183215322508594108782608383
941 33374797436264220037422214158899251790667258161822699530422525122222183215322508594108782608383
942 66749594872528440074844428317798503581334516323645399060845050244444366430645017188217565216767
943 66749594872528440074844428317798503581334516323645399060845050244444366430645017188217565216767
944 66749594872528440074844428317798503581334516323645399060845050244444366430645017188217565216767
945 133499189745056880149688856635597007162669032647290798121690100488888732861290034376435130433535
946 133499189745056880149688856635597007162669032647290798121690100488888732861290034376435130433535
947 133499189745056880149688856635597007162669032647290798121690100488888732861290034376435130433535
948 266998379490113760299377713271194014325338065294581596243380200977777465722580068752870260867071
949 266998379490113760299377713271194014325338065294581596243380200977777465722580068752870260867071
950 266998379490113760299377713271194014325338065294581596243380200977777465722580068752870260867071
951 533996758980227520598755426542388028650676130589163192486760401955554931445160137505740521734143
952 533996758980227520598755426542388028650676130589163192486760401955554931445160137505740521734143
953 533996758980227520598755426542388028650676130589163192486760401955554931445160137505740521734143
954 1067993517960455041197510853084776057301352261178326384973520803911109862890320275011481043468287
955 1067993517960455041197510853084776057301352261178326384973520803911109862890320275011481043468287
956 1067993517960455041197510853084776057301352261178326384973520803911109862890320275011481043468287
957 2135987035920910082395021706169552114602704522356652769947041607822219725780640550022962086936575
958 2135987035920910082395021706169552114602704522356652769947041607822219725780640550022962086936575
959 2135987035920910082395021706169552114602704522356652769947041607822219725780640550022962086936575
960 4271974071841820164790043412339104229205409044713305539894083215644439451561281100045924173873151
961 4271974071841820164790043412339104229205409044713305539894083215644439451561281100045924173873151
962 4271974071841820164790043412339104229205409044713305539894083215644439451561281100045924173873151
963 8543948143683640329580086824678208458410818089426611079788166431288878903122562200091848347746303
964 8543948143683640329580086824678208458410818089426611079788166431288878903122562200091848347746303
965 8543948143683640329580086824678208458410818089426611079788166431288878903122562200091848347746303
966 17087896287367280659160173649356416916821636178853222159576332862577757806245124400183696695492607
967 17087896287367280659160173649356416916821636178853222159576332862577757806245124400183696695492607
968 17087896287367280659160173649356416916821636178853222159576332862577757806245124400183696695492607
969 34175792574734561318320347298712833833643272357706444319152665725155515612490248800367393390985215
970 34175792574734561318320347298712833833643272357706444319152665725155515612490248800367393390985215
971 34175792574734561318320347298712833833643272357706444319152665725155515612490248800367393390985215
972 68351585149469122636640694597425667667286544715412888638305331450311031224980497600734786781970431
973 68351585149469122636640694597425667667286544715412888638305331450311031224980497600734786781970431
974 68351585149469122636640694597425667667286544715412888638305331450311031224980497600734786781970431
975 136703170298938245273281389194851335334573089430825777276610662900622062449960995201469573563940863
976 136703170298938245273281389194851335334573089430825777276610662900622062449960995201469573563940863
977 136703170298938245273281389194851335334573089430825777276610662900622062449960995201469573563940863
978 273406340597876490546562778389702670669146178861651554553221325801244124899921990402939147127881727
979 273406340597876490546562778389702670669146178861651554553221325801244124899921990402939147127881727
980 273406340597876490546562778389702670669146178861651554553221325801244124899921990402939147127881727
981 546812681195752981093125556779405341338292357723303109106442651602488249799843980805878294255763455
982 546812681195752981093125556779405341338292357723303109106442651602488249799843980805878294255763455
983 546812681195752981093125556779405341338292357723303109106442651602488249799843980805878294255763455
984 1093625362391505962186251113558810682676584715446606218212885303204976499599687961611756588511526911
985 1093625362391505962186251113558810682676584715446606218212885303204976499599687961611756588511526911
986 1093625362391505962186251113558810682676584715446606218212885303204976499599687961611756588511526911
987 2187250724783011924372502227117621365353169430893212436425770606409952999199375923223513177023053823
988 2187250724783011924372502227117621365353169430893212436425770606409952999199375923223513177023053823
989 2187250724783011924372502227117621365353169430893212436425770606409952999199375923223513177023053823
990 4374501449566023848745004454235242730706338861786424872851541212819905998398751846447026354046107647
991 4374501449566023848745004454235242730706338861786424872851541212819905998398751846447026354046107647
992 4374501449566023848745004454235242730706338861786424872851541212819905998398751846447026354046107647
993 8749002899132047697490008908470485461412677723572849745703082425639811996797503692894052708092215295
994 8749002899132047697490008908470485461412677723572849745703082425639811996797503692894052708092215295
995 8749002899132047697490008908470485461412677723572849745703082425639811996797503692894052708092215295
996 17498005798264095394980017816940970922825355447145699491406164851279623993595007385788105416184430591
997 17498005798264095394980017816940970922825355447145699491406164851279623993595007385788105416184430591
998 17498005798264095394980017816940970922825355447145699491406164851279623993595007385788105416184430591
999 34996011596528190789960035633881941845650710894291398982812329702559247987190014771576210832368861183
1000 34996011596528190789960035633881941845650710894291398982812329702559247987190014771576210832368861183
