0 1
1 0
2 1
3 1
4 1
5 1
6 2
7 2
8 2
9 3
10 3
11 3
12 4
13 4
14 5
15 5
16 6
17 6
18 7
19 7
20 8
21 9
22 9
23 10
24 11
25 11
26 12
27 13
28 14
29 14
30 16
31 16
32 17
33 18
34 19
35 20
36 21
37 22
38 23
39 24
40 25
41 26
42 28
43 28
44 30
45 31
46 32
47 33
48 35
49 36
50 37
51 39
52 40
53 41
54 43
55 44
56 46
57 47
58 49
59 50
60 52
61 53
62 55
63 57
64 58
65 60
66 62
67 63
68 65
69 67
70 69
71 70
72 73
73 74
74 76
75 78
76 80
77 82
78 84
79 86
80 88
81 90
82 92
83 94
84 97
85 98
86 101
87 103
88 105
89 107
90 110
91 112
92 114
93 117
94 119
95 121
96 124
97 126
98 129
99 131
100 134
101 136
102 139
103 141
104 144
105 147
106 149
107 152
108 155
109 157
110 160
111 163
112 166
113 168
114 172
115 174
116 177
117 180
118 183
119 186
120 189
121 192
122 195
123 198
124 201
125 204
126 208
127 210
128 214
129 217
130 220
131 223
132 227
133 230
134 233
135 237
136 240
137 243
138 247
139 250
140 254
141 257
142 261
143 264
144 268
145 271
146 275
147 279
148 282
149 286
150 290
151 293
152 297
153 301
154 305
155 308
156 313
157 316
158 320
159 324
160 328
161 332
162 336
163 340
164 344
165 348
166 352
167 356
168 361
169 364
170 369
171 373
172 377
173 381
174 386
175 390
176 394
177 399
178 403
179 407
180 412
181 416
182 421
183 425
184 430
185 434
186 439
187 443
188 448
189 453
190 457
191 462
192 467
193 471
194 476
195 481
196 486
197 490
198 496
199 500
200 505
201 510
202 515
203 520
204 525
205 530
206 535
207 540
208 545
209 550
210 556
211 560
212 566
213 571
214 576
215 581
216 587
217 592
218 597
219 603
220 608
221 613
222 619
223 624
224 630
225 635
226 641
227 646
228 652
229 657
230 663
231 669
232 674
233 680
234 686
235 691
236 697
237 703
238 709
239 714
240 721
241 726
242 732
243 738
244 744
245 750
246 756
247 762
248 768
249 774
250 780
251 786
252 793
253 798
254 805
255 811
256 817
257 823
258 830
259 836
260 842
261 849
262 855
263 861
264 868
265 874
266 881
267 887
268 894
269 900
270 907
271 913
272 920
273 927
274 933
275 940
276 947
277 953
278 960
279 967
280 974
281 980
282 988
283 994
284 1001
285 1008
286 1015
287 1022
288 1029
289 1036
290 1043
291 1050
292 1057
293 1064
294 1072
295 1078
296 1086
297 1093
298 1100
299 1107
300 1115
301 1122
302 1129
303 1137
304 1144
305 1151
306 1159
307 1166
308 1174
309 1181
310 1189
311 1196
312 1204
313 1211
314 1219
315 1227
316 1234
317 1242
318 1250
319 1257
320 1265
321 1273
322 1281
323 1288
324 1297
325 1304
326 1312
327 1320
328 1328
329 1336
330 1344
331 1352
332 1360
333 1368
334 1376
335 1384
336 1393
337 1400
338 1409
339 1417
340 1425
341 1433
342 1442
343 1450
344 1458
345 1467
346 1475
347 1483
348 1492
349 1500
350 1509
351 1517
352 1526
353 1534
354 1543
355 1551
356 1560
357 1569
358 1577
359 1586
360 1595
361 1603
362 1612
363 1621
364 1630
365 1638
366 1648
367 1656
368 1665
369 1674
370 1683
371 1692
372 1701
373 1710
374 1719
375 1728
376 1737
377 1746
378 1756
379 1764
380 1774
381 1783
382 1792
383 1801
384 1811
385 1820
386 1829
387 1839
388 1848
389 1857
390 1867
391 1876
392 1886
393 1895
394 1905
395 1914
396 1924
397 1933
398 1943
399 1953
400 1962
401 1972
402 1982
403 1991
404 2001
405 2011
406 2021
407 2030
408 2041
409 2050
410 2060
411 2070
412 2080
413 2090
414 2100
415 2110
416 2120
417 2130
418 2140
419 2150
420 2161
421 2170
422 2181
423 2191
424 2201
425 2211
426 2222
427 2232
428 2242
429 2253
430 2263
431 2273
432 2284
433 2294
434 2305
435 2315
436 2326
437 2336
438 2347
439 2357
440 2368
441 2379
442 2389
443 2400
444 2411
445 2421
446 2432
447 2443
448 2454
449 2464
450 2476
451 2486
452 2497
453 2508
454 2519
455 2530
456 2541
457 2552
458 2563
459 2574
460 2585
461 2596
462 2608
463 2618
464 2630
465 2641
466 2652
467 2663
468 2675
469 2686
470 2697
471 2709
472 2720
473 2731
474 2743
475 2754
476 2766
477 2777
478 2789
479 2800
480 2812
481 2823
482 2835
483 2847
484 2858
485 2870
486 2882
487 2893
488 2905
489 2917
490 2929
491 2940
492 2953
493 2964
494 2976
495 2988
496 3000
497 3012
498 3024
499 3036
500 3048
501 3060
502 3072
503 3084
504 3097
505 3108
506 3121
507 3133
508 3145
509 3157
510 3170
511 3182
512 3194
513 3207
514 3219
515 3231
516 3244
517 3256
518 3269
519 3281
520 3294
521 3306
522 3319
523 3331
524 3344
525 3357
526 3369
527 3382
528 3395
529 3407
530 3420
531 3433
532 3446
533 3458
534 3472
535 3484
536 3497
537 3510
538 3523
539 3536
540 3549
541 3562
542 3575
543 3588
544 3601
545 3614
546 3628
547 3640
548 3654
549 3667
550 3680
551 3693
552 3707
553 3720
554 3733
555 3747
556 3760
557 3773
558 3787
559 3800
560 3814
561 3827
562 3841
563 3854
564 3868
565 3881
566 3895
567 3909
568 3922
569 3936
570 3950
571 3963
572 3977
573 3991
574 4005
575 4018
576 4033
577 4046
578 4060
579 4074
580 4088
581 4102
582 4116
583 4130
584 4144
585 4158
586 4172
587 4186
588 4201
589 4214
590 4229
591 4243
592 4257
593 4271
594 4286
595 4300
596 4314
597 4329
598 4343
599 4357
600 4372
601 4386
602 4401
603 4415
604 4430
605 4444
606 4459
607 4473
608 4488
609 4503
610 4517
611 4532
612 4547
613 4561
614 4576
615 4591
616 4606
617 4620
618 4636
619 4650
620 4665
621 4680
622 4695
623 4710
624 4725
625 4740
626 4755
627 4770
628 4785
629 4800
630 4816
631 4830
632 4846
633 4861
634 4876
635 4891
636 4907
637 4922
638 4937
639 4953
640 4968
641 4983
642 4999
643 5014
644 5030
645 5045
646 5061
647 5076
648 5092
649 5107
650 5123
651 5139
652 5154
653 5170
654 5186
655 5201
656 5217
657 5233
658 5249
659 5264
660 5281
661 5296
662 5312
663 5328
664 5344
665 5360
666 5376
667 5392
668 5408
669 5424
670 5440
671 5456
672 5473
673 5488
674 5505
675 5521
676 5537
677 5553
678 5570
679 5586
680 5602
681 5619
682 5635
683 5651
684 5668
685 5684
686 5701
687 5717
688 5734
689 5750
690 5767
691 5783
692 5800
693 5817
694 5833
695 5850
696 5867
697 5883
698 5900
699 5917
700 5934
701 5950
702 5968
703 5984
704 6001
705 6018
706 6035
707 6052
708 6069
709 6086
710 6103
711 6120
712 6137
713 6154
714 6172
715 6188
716 6206
717 6223
718 6240
719 6257
720 6275
721 6292
722 6309
723 6327
724 6344
725 6361
726 6379
727 6396
728 6414
729 6431
730 6449
731 6466
732 6484
733 6501
734 6519
735 6537
736 6554
737 6572
738 6590
739 6607
740 6625
741 6643
742 6661
743 6678
744 6697
745 6714
746 6732
747 6750
748 6768
749 6786
750 6804
751 6822
752 6840
753 6858
754 6876
755 6894
756 6913
757 6930
758 6949
759 6967
760 6985
761 7003
762 7022
763 7040
764 7058
765 7077
766 7095
767 7113
768 7132
769 7150
770 7169
771 7187
772 7206
773 7224
774 7243
775 7261
776 7280
777 7299
778 7317
779 7336
780 7355
781 7373
782 7392
783 7411
784 7430
785 7448
786 7468
787 7486
788 7505
789 7524
790 7543
791 7562
792 7581
793 7600
794 7619
795 7638
796 7657
797 7676
798 7696
799 7714
800 7734
801 7753
802 7772
803 7791
804 7811
805 7830
806 7849
807 7869
808 7888
809 7907
810 7927
811 7946
812 7966
813 7985
814 8005
815 8024
816 8044
817 8063
818 8083
819 8103
820 8122
821 8142
822 8162
823 8181
824 8201
825 8221
826 8241
827 8260
828 8281
829 8300
830 8320
831 8340
832 8360
833 8380
834 8400
835 8420
836 8440
837 8460
838 8480
839 8500
840 8521
841 8540
842 8561
843 8581
844 8601
845 8621
846 8642
847 8662
848 8682
849 8703
850 8723
851 8743
852 8764
853 8784
854 8805
855 8825
856 8846
857 8866
858 8887
859 8907
860 8928
861 8949
862 8969
863 8990
864 9011
865 9031
866 9052
867 9073
868 9094
869 9114
870 9136
871 9156
872 9177
873 9198
874 9219
875 9240
876 9261
877 9282
878 9303
879 9324
880 9345
881 9366
882 9388
883 9408
884 9430
885 9451
886 9472
887 9493
888 9515
889 9536
890 9557
891 9579
892 9600
893 9621
894 9643
895 9664
896 9686
897 9707
898 9729
899 9750
900 9772
901 9793
902 9815
903 9837
904 9858
905 9880
906 9902
907 9923
908 9945
909 9967
910 9989
911 10010
912 10033
913 10054
914 10076
915 10098
916 10120
917 10142
918 10164
919 10186
920 10208
921 10230
922 10252
923 10274
924 10297
925 10318
926 10341
927 10363
928 10385
929 10407
930 10430
931 10452
932 10474
933 10497
934 10519
935 10541
936 10564
937 10586
938 10609
939 10631
940 10654
941 10676
942 10699
943 10721
944 10744
945 10767
946 10789
947 10812
948 10835
949 10857
950 10880
951 10903
952 10926
953 10948
954 10972
955 10994
956 11017
957 11040
958 11063
959 11086
960 11109
961 11132
962 11155
963 11178
964 11201
965 11224
966 11248
967 11270
968 11294
969 11317
970 11340
971 11363
972 11387
973 11410
974 11433
975 11457
976 11480
977 11503
978 11527
979 11550
980 11574
981 11597
982 11621
983 11644
984 11668
985 11691
986 11715
987 11739
988 11762
989 11786
990 11810
991 11833
992 11857
993 11881
994 11905
995 11928
996 11953
997 11976
998 12000
999 12024
1000 12048
