0 1
1 0
2 2
3 0
4 3
5 0
6 4
7 0
8 5
9 0
10 6
11 1
12 7
13 2
14 8
15 3
16 9
17 4
18 10
19 5
20 11
21 6
22 13
23 7
24 15
25 8
26 17
27 9
28 19
29 10
30 21
31 11
32 23
33 13
34 25
35 15
36 27
37 17
38 29
39 19
40 31
41 21
42 33
43 23
44 36
45 25
46 39
47 27
48 42
49 29
50 45
51 31
52 48
53 33
54 51
55 36
56 54
57 39
58 57
59 42
60 60
61 45
62 63
63 48
64 66
65 51
66 70
67 54
68 74
69 57
70 78
71 60
72 82
73 63
74 86
75 66
76 90
77 70
78 94
79 74
80 98
81 78
82 102
83 82
84 106
85 86
86 110
87 90
88 115
89 94
90 120
91 98
92 125
93 102
94 130
95 106
96 135
97 110
98 140
99 115
100 145
101 120
102 150
103 125
104 155
105 130
106 160
107 135
108 165
109 140
110 171
111 145
112 177
113 150
114 183
115 155
116 189
117 160
118 195
119 165
120 201
121 171
122 207
123 177
124 213
125 183
126 219
127 189
128 225
129 195
130 231
131 201
132 238
133 207
134 245
135 213
136 252
137 219
138 259
139 225
140 266
141 231
142 273
143 238
144 280
145 245
146 287
147 252
148 294
149 259
150 301
151 266
152 308
153 273
154 316
155 280
156 324
157 287
158 332
159 294
160 340
161 301
162 348
163 308
164 356
165 316
166 364
167 324
168 372
169 332
170 380
171 340
172 388
173 348
174 396
175 356
176 405
177 364
178 414
179 372
180 423
181 380
182 432
183 388
184 441
185 396
186 450
187 405
188 459
189 414
190 468
191 423
192 477
193 432
194 486
195 441
196 495
197 450
198 505
199 459
200 515
201 468
202 525
203 477
204 535
205 486
206 545
207 495
208 555
209 505
210 565
211 515
212 575
213 525
214 585
215 535
216 595
217 545
218 605
219 555
220 616
221 565
222 627
223 575
224 638
225 585
226 649
227 595
228 660
229 605
230 671
231 616
232 682
233 627
234 693
235 638
236 704
237 649
238 715
239 660
240 726
241 671
242 738
243 682
244 750
245 693
246 762
247 704
248 774
249 715
250 786
251 726
252 798
253 738
254 810
255 750
256 822
257 762
258 834
259 774
260 846
261 786
262 858
263 798
264 871
265 810
266 884
267 822
268 897
269 834
270 910
271 846
272 923
273 858
274 936
275 871
276 949
277 884
278 962
279 897
280 975
281 910
282 988
283 923
284 1001
285 936
286 1015
287 949
288 1029
289 962
290 1043
291 975
292 1057
293 988
294 1071
295 1001
296 1085
297 1015
298 1099
299 1029
300 1113
301 1043
302 1127
303 1057
304 1141
305 1071
306 1155
307 1085
308 1170
309 1099
310 1185
311 1113
312 1200
313 1127
314 1215
315 1141
316 1230
317 1155
318 1245
319 1170
320 1260
321 1185
322 1275
323 1200
324 1290
325 1215
326 1305
327 1230
328 1320
329 1245
330 1336
331 1260
332 1352
333 1275
334 1368
335 1290
336 1384
337 1305
338 1400
339 1320
340 1416
341 1336
342 1432
343 1352
344 1448
345 1368
346 1464
347 1384
348 1480
349 1400
350 1496
351 1416
352 1513
353 1432
354 1530
355 1448
356 1547
357 1464
358 1564
359 1480
360 1581
361 1496
362 1598
363 1513
364 1615
365 1530
366 1632
367 1547
368 1649
369 1564
370 1666
371 1581
372 1683
373 1598
374 1701
375 1615
376 1719
377 1632
378 1737
379 1649
380 1755
381 1666
382 1773
383 1683
384 1791
385 1701
386 1809
387 1719
388 1827
389 1737
390 1845
391 1755
392 1863
393 1773
394 1881
395 1791
396 1900
397 1809
398 1919
399 1827
400 1938
401 1845
402 1957
403 1863
404 1976
405 1881
406 1995
407 1900
408 2014
409 1919
410 2033
411 1938
412 2052
413 1957
414 2071
415 1976
416 2090
417 1995
418 2110
419 2014
420 2130
421 2033
422 2150
423 2052
424 2170
425 2071
426 2190
427 2090
428 2210
429 2110
430 2230
431 2130
432 2250
433 2150
434 2270
435 2170
436 2290
437 2190
438 2310
439 2210
440 2331
441 2230
442 2352
443 2250
444 2373
445 2270
446 2394
447 2290
448 2415
449 2310
450 2436
451 2331
452 2457
453 2352
454 2478
455 2373
456 2499
457 2394
458 2520
459 2415
460 2541
461 2436
462 2563
463 2457
464 2585
465 2478
466 2607
467 2499
468 2629
469 2520
470 2651
471 2541
472 2673
473 2563
474 2695
475 2585
476 2717
477 2607
478 2739
479 2629
480 2761
481 2651
482 2783
483 2673
484 2806
485 2695
486 2829
487 2717
488 2852
489 2739
490 2875
491 2761
492 2898
493 2783
494 2921
495 2806
496 2944
497 2829
498 2967
499 2852
500 2990
501 2875
502 3013
503 2898
504 3036
505 2921
506 3060
507 2944
508 3084
509 2967
510 3108
511 2990
512 3132
513 3013
514 3156
515 3036
516 3180
517 3060
518 3204
519 3084
520 3228
521 3108
522 3252
523 3132
524 3276
525 3156
526 3300
527 3180
528 3325
529 3204
530 3350
531 3228
532 3375
533 3252
534 3400
535 3276
536 3425
537 3300
538 3450
539 3325
540 3475
541 3350
542 3500
543 3375
544 3525
545 3400
546 3550
547 3425
548 3575
549 3450
550 3601
551 3475
552 3627
553 3500
554 3653
555 3525
556 3679
557 3550
558 3705
559 3575
560 3731
561 3601
562 3757
563 3627
564 3783
565 3653
566 3809
567 3679
568 3835
569 3705
570 3861
571 3731
572 3888
573 3757
574 3915
575 3783
576 3942
577 3809
578 3969
579 3835
580 3996
581 3861
582 4023
583 3888
584 4050
585 3915
586 4077
587 3942
588 4104
589 3969
590 4131
591 3996
592 4158
593 4023
594 4186
595 4050
596 4214
597 4077
598 4242
599 4104
600 4270
601 4131
602 4298
603 4158
604 4326
605 4186
606 4354
607 4214
608 4382
609 4242
610 4410
611 4270
612 4438
613 4298
614 4466
615 4326
616 4495
617 4354
618 4524
619 4382
620 4553
621 4410
622 4582
623 4438
624 4611
625 4466
626 4640
627 4495
628 4669
629 4524
630 4698
631 4553
632 4727
633 4582
634 4756
635 4611
636 4785
637 4640
638 4815
639 4669
640 4845
641 4698
642 4875
643 4727
644 4905
645 4756
646 4935
647 4785
648 4965
649 4815
650 4995
651 4845
652 5025
653 4875
654 5055
655 4905
656 5085
657 4935
658 5115
659 4965
660 5146
661 4995
662 5177
663 5025
664 5208
665 5055
666 5239
667 5085
668 5270
669 5115
670 5301
671 5146
672 5332
673 5177
674 5363
675 5208
676 5394
677 5239
678 5425
679 5270
680 5456
681 5301
682 5488
683 5332
684 5520
685 5363
686 5552
687 5394
688 5584
689 5425
690 5616
691 5456
692 5648
693 5488
694 5680
695 5520
696 5712
697 5552
698 5744
699 5584
700 5776
701 5616
702 5808
703 5648
704 5841
705 5680
706 5874
707 5712
708 5907
709 5744
710 5940
711 5776
712 5973
713 5808
714 6006
715 5841
716 6039
717 5874
718 6072
719 5907
720 6105
721 5940
722 6138
723 5973
724 6171
725 6006
726 6205
727 6039
728 6239
729 6072
730 6273
731 6105
732 6307
733 6138
734 6341
735 6171
736 6375
737 6205
738 6409
739 6239
740 6443
741 6273
742 6477
743 6307
744 6511
745 6341
746 6545
747 6375
748 6580
749 6409
750 6615
751 6443
752 6650
753 6477
754 6685
755 6511
756 6720
757 6545
758 6755
759 6580
760 6790
761 6615
762 6825
763 6650
764 6860
765 6685
766 6895
767 6720
768 6930
769 6755
770 6966
771 6790
772 7002
773 6825
774 7038
775 6860
776 7074
777 6895
778 7110
779 6930
780 7146
781 6966
782 7182
783 7002
784 7218
785 7038
786 7254
787 7074
788 7290
789 7110
790 7326
791 7146
792 7363
793 7182
794 7400
795 7218
796 7437
797 7254
798 7474
799 7290
800 7511
801 7326
802 7548
803 7363
804 7585
805 7400
806 7622
807 7437
808 7659
809 7474
810 7696
811 7511
812 7733
813 7548
814 7771
815 7585
816 7809
817 7622
818 7847
819 7659
820 7885
821 7696
822 7923
823 7733
824 7961
825 7771
826 7999
827 7809
828 8037
829 7847
830 8075
831 7885
832 8113
833 7923
834 8151
835 7961
836 8190
837 7999
838 8229
839 8037
840 8268
841 8075
842 8307
843 8113
844 8346
845 8151
846 8385
847 8190
848 8424
849 8229
850 8463
851 8268
852 8502
853 8307
854 8541
855 8346
856 8580
857 8385
858 8620
859 8424
860 8660
861 8463
862 8700
863 8502
864 8740
865 8541
866 8780
867 8580
868 8820
869 8620
870 8860
871 8660
872 8900
873 8700
874 8940
875 8740
876 8980
877 8780
878 9020
879 8820
880 9061
881 8860
882 9102
883 8900
884 9143
885 8940
886 9184
887 8980
888 9225
889 9020
890 9266
891 9061
892 9307
893 9102
894 9348
895 9143
896 9389
897 9184
898 9430
899 9225
900 9471
901 9266
902 9513
903 9307
904 9555
905 9348
906 9597
907 9389
908 9639
909 9430
910 9681
911 9471
912 9723
913 9513
914 9765
915 9555
916 9807
917 9597
918 9849
919 9639
920 9891
921 9681
922 9933
923 9723
924 9976
925 9765
926 10019
927 9807
928 10062
929 9849
930 10105
931 9891
932 10148
933 9933
934 10191
935 9976
936 10234
937 10019
938 10277
939 10062
940 10320
941 10105
942 10363
943 10148
944 10406
945 10191
946 10450
947 10234
948 10494
949 10277
950 10538
951 10320
952 10582
953 10363
954 10626
955 10406
956 10670
957 10450
958 10714
959 10494
960 10758
961 10538
962 10802
963 10582
964 10846
965 10626
966 10890
967 10670
968 10935
969 10714
970 10980
971 10758
972 11025
973 10802
974 11070
975 10846
976 11115
977 10890
978 11160
979 10935
980 11205
981 10980
982 11250
983 11025
984 11295
985 11070
986 11340
987 11115
988 11385
989 11160
990 11431
991 11205
992 11477
993 11250
994 11523
995 11295
996 11569
997 11340
998 11615
999 11385
1000 11661
