0 1
1 2
2 1
3 2
4 3
5 2
6 3
7 4
8 3
9 4
10 5
11 4
12 5
13 6
14 5
15 6
16 7
17 6
18 7
19 8
20 7
21 8
22 9
23 8
24 9
25 10
26 9
27 10
28 11
29 10
30 11
31 12
32 11
33 12
34 13
35 12
36 13
37 14
38 13
39 14
40 15
41 14
42 15
43 16
44 15
45 16
46 17
47 16
48 17
49 18
50 17
51 18
52 19
53 18
54 19
55 20
56 19
57 20
58 21
59 20
60 21
61 22
62 21
63 22
64 23
65 22
66 23
67 24
68 23
69 24
70 25
71 24
72 25
73 26
74 25
75 26
76 27
77 26
78 27
79 28
80 27
81 28
82 29
83 28
84 29
85 30
86 29
87 30
88 31
89 30
90 31
91 32
92 31
93 32
94 33
95 32
96 33
97 34
98 33
99 34
100 35
101 34
102 35
103 36
104 35
105 36
106 37
107 36
108 37
109 38
110 37
111 38
112 39
113 38
114 39
115 40
116 39
117 40
118 41
119 40
120 41
121 42
122 41
123 42
124 43
125 42
126 43
127 44
128 43
129 44
130 45
131 44
132 45
133 46
134 45
135 46
136 47
137 46
138 47
139 48
140 47
141 48
142 49
143 48
144 49
145 50
146 49
147 50
148 51
149 50
150 51
151 52
152 51
153 52
154 53
155 52
156 53
157 54
158 53
159 54
160 55
161 54
162 55
163 56
164 55
165 56
166 57
167 56
168 57
169 58
170 57
171 58
172 59
173 58
174 59
175 60
176 59
177 60
178 61
179 60
180 61
181 62
182 61
183 62
184 63
185 62
186 63
187 64
188 63
189 64
190 65
191 64
192 65
193 66
194 65
195 66
196 67
197 66
198 67
199 68
200 67
201 68
202 69
203 68
204 69
205 70
206 69
207 70
208 71
209 70
210 71
211 72
212 71
213 72
214 73
215 72
216 73
217 74
218 73
219 74
220 75
221 74
222 75
223 76
224 75
225 76
226 77
227 76
228 77
229 78
230 77
231 78
232 79
233 78
234 79
235 80
236 79
237 80
238 81
239 80
240 81
241 82
242 81
243 82
244 83
245 82
246 83
247 84
248 83
249 84
250 85
251 84
252 85
253 86
254 85
255 86
256 87
257 86
258 87
259 88
260 87
261 88
262 89
263 88
264 89
265 90
266 89
267 90
268 91
269 90
270 91
271 92
272 91
273 92
274 93
275 92
276 93
277 94
278 93
279 94
280 95
281 94
282 95
283 96
284 95
285 96
286 97
287 96
288 97
289 98
290 97
291 98
292 99
293 98
294 99
295 100
296 99
297 100
298 101
299 100
300 101
301 102
302 101
303 102
304 103
305 102
306 103
307 104
308 103
309 104
310 105
311 104
312 105
313 106
314 105
315 106
316 107
317 106
318 107
319 108
320 107
321 108
322 109
323 108
324 109
325 110
326 109
327 110
328 111
329 110
330 111
331 112
332 111
333 112
334 113
335 112
336 113
337 114
338 113
339 114
340 115
341 114
342 115
343 116
344 115
345 116
346 117
347 116
348 117
349 118
350 117
351 118
352 119
353 118
354 119
355 120
356 119
357 120
358 121
359 120
360 121
361 122
362 121
363 122
364 123
365 122
366 123
367 124
368 123
369 124
370 125
371 124
372 125
373 126
374 125
375 126
376 127
377 126
378 127
379 128
380 127
381 128
382 129
383 128
384 129
385 130
386 129
387 130
388 131
389 130
390 131
391 132
392 131
393 132
394 133
395 132
396 133
397 134
398 133
399 134
400 135
401 134
402 135
403 136
404 135
405 136
406 137
407 136
408 137
409 138
410 137
411 138
412 139
413 138
414 139
415 140
416 139
417 140
418 141
419 140
420 141
421 142
422 141
423 142
424 143
425 142
426 143
427 144
428 143
429 144
430 145
431 144
432 145
433 146
434 145
435 146
436 147
437 146
438 147
439 148
440 147
441 148
442 149
443 148
444 149
445 150
446 149
447 150
448 151
449 150
450 151
451 152
452 151
453 152
454 153
455 152
456 153
457 154
458 153
459 154
460 155
461 154
462 155
463 156
464 155
465 156
466 157
467 156
468 157
469 158
470 157
471 158
472 159
473 158
474 159
475 160
476 159
477 160
478 161
479 160
480 161
481 162
482 161
483 162
484 163
485 162
486 163
487 164
488 163
489 164
490 165
491 164
492 165
493 166
494 165
495 166
496 167
497 166
498 167
499 168
500 167
501 168
502 169
503 168
504 169
505 170
506 169
507 170
508 171
509 170
510 171
511 172
512 171
513 172
514 173
515 172
516 173
517 174
518 173
519 174
520 175
521 174
522 175
523 176
524 175
525 176
526 177
527 176
528 177
529 178
530 177
531 178
532 179
533 178
534 179
535 180
536 179
537 180
538 181
539 180
540 181
541 182
542 181
543 182
544 183
545 182
546 183
547 184
548 183
549 184
550 185
551 184
552 185
553 186
554 185
555 186
556 187
557 186
558 187
559 188
560 187
561 188
562 189
563 188
564 189
565 190
566 189
567 190
568 191
569 190
570 191
571 192
572 191
573 192
574 193
575 192
576 193
577 194
578 193
579 194
580 195
581 194
582 195
583 196
584 195
585 196
586 197
587 196
588 197
589 198
590 197
591 198
592 199
593 198
594 199
595 200
596 199
597 200
598 201
599 200
600 201
601 202
602 201
603 202
604 203
605 202
606 203
607 204
608 203
609 204
610 205
611 204
612 205
613 206
614 205
615 206
616 207
617 206
618 207
619 208
620 207
621 208
622 209
623 208
624 209
625 210
626 209
627 210
628 211
629 210
630 211
631 212
632 211
633 212
634 213
635 212
636 213
637 214
638 213
639 214
640 215
641 214
642 215
643 216
644 215
645 216
646 217
647 216
648 217
649 218
650 217
651 218
652 219
653 218
654 219
655 220
656 219
657 220
658 221
659 220
660 221
661 222
662 221
663 222
664 223
665 222
666 223
667 224
668 223
669 224
670 225
671 224
672 225
673 226
674 225
675 226
676 227
677 226
678 227
679 228
680 227
681 228
682 229
683 228
684 229
685 230
686 229
687 230
688 231
689 230
690 231
691 232
692 231
693 232
694 233
695 232
696 233
697 234
698 233
699 234
700 235
701 234
702 235
703 236
704 235
705 236
706 237
707 236
708 237
709 238
710 237
711 238
712 239
713 238
714 239
715 240
716 239
717 240
718 241
719 240
720 241
721 242
722 241
723 242
724 243
725 242
726 243
727 244
728 243
729 244
730 245
731 244
732 245
733 246
734 245
735 246
736 247
737 246
738 247
739 248
740 247
741 248
742 249
743 248
744 249
745 250
746 249
747 250
748 251
749 250
750 251
751 252
752 251
753 252
754 253
755 252
756 253
757 254
758 253
759 254
760 255
761 254
762 255
763 256
764 255
765 256
766 257
767 256
768 257
769 258
770 257
771 258
772 259
773 258
774 259
775 260
776 259
777 260
778 261
779 260
780 261
781 262
782 261
783 262
784 263
785 262
786 263
787 264
788 263
789 264
790 265
791 264
792 265
793 266
794 265
795 266
796 267
797 266
798 267
799 268
800 267
801 268
802 269
803 268
804 269
805 270
806 269
807 270
808 271
809 270
810 271
811 272
812 271
813 272
814 273
815 272
816 273
817 274
818 273
819 274
820 275
821 274
822 275
823 276
824 275
825 276
826 277
827 276
828 277
829 278
830 277
831 278
832 279
833 278
834 279
835 280
836 279
837 280
838 281
839 280
840 281
841 282
842 281
843 282
844 283
845 282
846 283
847 284
848 283
849 284
850 285
851 284
852 285
853 286
854 285
855 286
856 287
857 286
858 287
859 288
860 287
861 288
862 289
863 288
864 289
865 290
866 289
867 290
868 291
869 290
870 291
871 292
872 291
873 292
874 293
875 292
876 293
877 294
878 293
879 294
880 295
881 294
882 295
883 296
884 295
885 296
886 297
887 296
888 297
889 298
890 297
891 298
892 299
893 298
894 299
895 300
896 299
897 300
898 301
899 300
900 301
901 302
902 301
903 302
904 303
905 302
906 303
907 304
908 303
909 304
910 305
911 304
912 305
913 306
914 305
915 306
916 307
917 306
918 307
919 308
920 307
921 308
922 309
923 308
924 309
925 310
926 309
927 310
928 311
929 310
930 311
931 312
932 311
933 312
934 313
935 312
936 313
937 314
938 313
939 314
940 315
941 314
942 315
943 316
944 315
945 316
946 317
947 316
948 317
949 318
950 317
951 318
952 319
953 318
954 319
955 320
956 319
957 320
958 321
959 320
960 321
961 322
962 321
963 322
964 323
965 322
966 323
967 324
968 323
969 324
970 325
971 324
972 325
973 326
974 325
975 326
976 327
977 326
978 327
979 328
980 327
981 328
982 329
983 328
984 329
985 330
986 329
987 330
988 331
989 330
990 331
991 332
992 331
993 332
994 333
995 332
996 333
997 334
998 333
999 334
1000 335
