0 0
1 15
2 27
3 39
4 51
5 63
6 75
7 87
8 99
9 111
10 123
11 135
12 147
13 159
14 171
15 183
16 195
17 207
18 219
19 231
20 243
21 255
22 267
23 279
24 291
25 303
26 315
27 327
28 339
29 351
30 363
31 375
32 387
33 399
34 411
35 423
36 435
37 447
38 459
39 471
40 483
41 495
42 507
43 519
44 531
45 543
46 555
47 567
48 579
49 591
50 603
51 615
52 627
53 639
54 651
55 663
56 675
57 687
58 699
59 711
60 723
61 735
62 747
63 759
64 771
65 783
66 795
67 807
68 819
69 831
70 843
71 855
72 867
73 879
74 891
75 903
76 915
77 927
78 939
79 951
80 963
81 975
82 987
83 999
84 1011
85 1023
86 1035
87 1047
88 1059
89 1071
90 1083
91 1095
92 1107
93 1119
94 1131
95 1143
96 1155
97 1167
98 1179
99 1191
100 1203
101 1215
102 1227
103 1239
104 1251
105 1263
106 1275
107 1287
108 1299
109 1311
110 1323
111 1335
112 1347
113 1359
114 1371
115 1383
116 1395
117 1407
118 1419
119 1431
120 1443
121 1455
122 1467
123 1479
124 1491
125 1503
126 1515
127 1527
128 1539
129 1551
130 1563
131 1575
132 1587
133 1599
134 1611
135 1623
136 1635
137 1647
138 1659
139 1671
140 1683
141 1695
142 1707
143 1719
144 1731
145 1743
146 1755
147 1767
148 1779
149 1791
150 1803
151 1815
152 1827
153 1839
154 1851
155 1863
156 1875
157 1887
158 1899
159 1911
160 1923
161 1935
162 1947
163 1959
164 1971
165 1983
166 1995
167 2007
168 2019
169 2031
170 2043
171 2055
172 2067
173 2079
174 2091
175 2103
176 2115
177 2127
178 2139
179 2151
180 2163
181 2175
182 2187
183 2199
184 2211
185 2223
186 2235
187 2247
188 2259
189 2271
190 2283
191 2295
192 2307
193 2319
194 2331
195 2343
196 2355
197 2367
198 2379
199 2391
200 2403
201 2415
202 2427
203 2439
204 2451
205 2463
206 2475
207 2487
208 2499
209 2511
210 2523
211 2535
212 2547
213 2559
214 2571
215 2583
216 2595
217 2607
218 2619
219 2631
220 2643
221 2655
222 2667
223 2679
224 2691
225 2703
226 2715
227 2727
228 2739
229 2751
230 2763
231 2775
232 2787
233 2799
234 2811
235 2823
236 2835
237 2847
238 2859
239 2871
240 2883
241 2895
242 2907
243 2919
244 2931
245 2943
246 2955
247 2967
248 2979
249 2991
250 3003
251 3015
252 3027
253 3039
254 3051
255 3063
256 3075
257 3087
258 3099
259 3111
260 3123
261 3135
262 3147
263 3159
264 3171
265 3183
266 3195
267 3207
268 3219
269 3231
270 3243
271 3255
272 3267
273 3279
274 3291
275 3303
276 3315
277 3327
278 3339
279 3351
280 3363
281 3375
282 3387
283 3399
284 3411
285 3423
286 3435
287 3447
288 3459
289 3471
290 3483
291 3495
292 3507
293 3519
294 3531
295 3543
296 3555
297 3567
298 3579
299 3591
300 3603
301 3615
302 3627
303 3639
304 3651
305 3663
306 3675
307 3687
308 3699
309 3711
310 3723
311 3735
312 3747
313 3759
314 3771
315 3783
316 3795
317 3807
318 3819
319 3831
320 3843
321 3855
322 3867
323 3879
324 3891
325 3903
326 3915
327 3927
328 3939
329 3951
330 3963
331 3975
332 3987
333 3999
334 4011
335 4023
336 4035
337 4047
338 4059
339 4071
340 4083
341 4095
342 4107
343 4119
344 4131
345 4143
346 4155
347 4167
348 4179
349 4191
350 4203
351 4215
352 4227
353 4239
354 4251
355 4263
356 4275
357 4287
358 4299
359 4311
360 4323
361 4335
362 4347
363 4359
364 4371
365 4383
366 4395
367 4407
368 4419
369 4431
370 4443
371 4455
372 4467
373 4479
374 4491
375 4503
376 4515
377 4527
378 4539
379 4551
380 4563
381 4575
382 4587
383 4599
384 4611
385 4623
386 4635
387 4647
388 4659
389 4671
390 4683
391 4695
392 4707
393 4719
394 4731
395 4743
396 4755
397 4767
398 4779
399 4791
400 4803
401 4815
402 4827
403 4839
404 4851
405 4863
406 4875
407 4887
408 4899
409 4911
410 4923
411 4935
412 4947
413 4959
414 4971
415 4983
416 4995
417 5007
418 5019
419 5031
420 5043
421 5055
422 5067
423 5079
424 5091
425 5103
426 5115
427 5127
428 5139
429 5151
430 5163
431 5175
432 5187
433 5199
434 5211
435 5223
436 5235
437 5247
438 5259
439 5271
440 5283
441 5295
442 5307
443 5319
444 5331
445 5343
446 5355
447 5367
448 5379
449 5391
450 5403
451 5415
452 5427
453 5439
454 5451
455 5463
456 5475
457 5487
458 5499
459 5511
460 5523
461 5535
462 5547
463 5559
464 5571
465 5583
466 5595
467 5607
468 5619
469 5631
470 5643
471 5655
472 5667
473 5679
474 5691
475 5703
476 5715
477 5727
478 5739
479 5751
480 5763
481 5775
482 5787
483 5799
484 5811
485 5823
486 5835
487 5847
488 5859
489 5871
490 5883
491 5895
492 5907
493 5919
494 5931
495 5943
496 5955
497 5967
498 5979
499 5991
500 6003
501 6015
502 6027
503 6039
504 6051
505 6063
506 6075
507 6087
508 6099
509 6111
510 6123
511 6135
512 6147
513 6159
514 6171
515 6183
516 6195
517 6207
518 6219
519 6231
520 6243
521 6255
522 6267
523 6279
524 6291
525 6303
526 6315
527 6327
528 6339
529 6351
530 6363
531 6375
532 6387
533 6399
534 6411
535 6423
536 6435
537 6447
538 6459
539 6471
540 6483
541 6495
542 6507
543 6519
544 6531
545 6543
546 6555
547 6567
548 6579
549 6591
550 6603
551 6615
552 6627
553 6639
554 6651
555 6663
556 6675
557 6687
558 6699
559 6711
560 6723
561 6735
562 6747
563 6759
564 6771
565 6783
566 6795
567 6807
568 6819
569 6831
570 6843
571 6855
572 6867
573 6879
574 6891
575 6903
576 6915
577 6927
578 6939
579 6951
580 6963
581 6975
582 6987
583 6999
584 7011
585 7023
586 7035
587 7047
588 7059
589 7071
590 7083
591 7095
592 7107
593 7119
594 7131
595 7143
596 7155
597 7167
598 7179
599 7191
600 7203
601 7215
602 7227
603 7239
604 7251
605 7263
606 7275
607 7287
608 7299
609 7311
610 7323
611 7335
612 7347
613 7359
614 7371
615 7383
616 7395
617 7407
618 7419
619 7431
620 7443
621 7455
622 7467
623 7479
624 7491
625 7503
626 7515
627 7527
628 7539
629 7551
630 7563
631 7575
632 7587
633 7599
634 7611
635 7623
636 7635
637 7647
638 7659
639 7671
640 7683
641 7695
642 7707
643 7719
644 7731
645 7743
646 7755
647 7767
648 7779
649 7791
650 7803
651 7815
652 7827
653 7839
654 7851
655 7863
656 7875
657 7887
658 7899
659 7911
660 7923
661 7935
662 7947
663 7959
664 7971
665 7983
666 7995
667 8007
668 8019
669 8031
670 8043
671 8055
672 8067
673 8079
674 8091
675 8103
676 8115
677 8127
678 8139
679 8151
680 8163
681 8175
682 8187
683 8199
684 8211
685 8223
686 8235
687 8247
688 8259
689 8271
690 8283
691 8295
692 8307
693 8319
694 8331
695 8343
696 8355
697 8367
698 8379
699 8391
700 8403
701 8415
702 8427
703 8439
704 8451
705 8463
706 8475
707 8487
708 8499
709 8511
710 8523
711 8535
712 8547
713 8559
714 8571
715 8583
716 8595
717 8607
718 8619
719 8631
720 8643
721 8655
722 8667
723 8679
724 8691
725 8703
726 8715
727 8727
728 8739
729 8751
730 8763
731 8775
732 8787
733 8799
734 8811
735 8823
736 8835
737 8847
738 8859
739 8871
740 8883
741 8895
742 8907
743 8919
744 8931
745 8943
746 8955
747 8967
748 8979
749 8991
750 9003
751 9015
752 9027
753 9039
754 9051
755 9063
756 9075
757 9087
758 9099
759 9111
760 9123
761 9135
762 9147
763 9159
764 9171
765 9183
766 9195
767 9207
768 9219
769 9231
770 9243
771 9255
772 9267
773 9279
774 9291
775 9303
776 9315
777 9327
778 9339
779 9351
780 9363
781 9375
782 9387
783 9399
784 9411
785 9423
786 9435
787 9447
788 9459
789 9471
790 9483
791 9495
792 9507
793 9519
794 9531
795 9543
796 9555
797 9567
798 9579
799 9591
800 9603
801 9615
802 9627
803 9639
804 9651
805 9663
806 9675
807 9687
808 9699
809 9711
810 9723
811 9735
812 9747
813 9759
814 9771
815 9783
816 9795
817 9807
818 9819
819 9831
820 9843
821 9855
822 9867
823 9879
824 9891
825 9903
826 9915
827 9927
828 9939
829 9951
830 9963
831 9975
832 9987
833 9999
834 10011
835 10023
836 10035
837 10047
838 10059
839 10071
840 10083
841 10095
842 10107
843 10119
844 10131
845 10143
846 10155
847 10167
848 10179
849 10191
850 10203
851 10215
852 10227
853 10239
854 10251
855 10263
856 10275
857 10287
858 10299
859 10311
860 10323
861 10335
862 10347
863 10359
864 10371
865 10383
866 10395
867 10407
868 10419
869 10431
870 10443
871 10455
872 10467
873 10479
874 10491
875 10503
876 10515
877 10527
878 10539
879 10551
880 10563
881 10575
882 10587
883 10599
884 10611
885 10623
886 10635
887 10647
888 10659
889 10671
890 10683
891 10695
892 10707
893 10719
894 10731
895 10743
896 10755
897 10767
898 10779
899 10791
900 10803
901 10815
902 10827
903 10839
904 10851
905 10863
906 10875
907 10887
908 10899
909 10911
910 10923
911 10935
912 10947
913 10959
914 10971
915 10983
916 10995
917 11007
918 11019
919 11031
920 11043
921 11055
922 11067
923 11079
924 11091
925 11103
926 11115
927 11127
928 11139
929 11151
930 11163
931 11175
932 11187
933 11199
934 11211
935 11223
936 11235
937 11247
938 11259
939 11271
940 11283
941 11295
942 11307
943 11319
944 11331
945 11343
946 11355
947 11367
948 11379
949 11391
950 11403
951 11415
952 11427
953 11439
954 11451
955 11463
956 11475
957 11487
958 11499
959 11511
960 11523
961 11535
962 11547
963 11559
964 11571
965 11583
966 11595
967 11607
968 11619
969 11631
970 11643
971 11655
972 11667
973 11679
974 11691
975 11703
976 11715
977 11727
978 11739
979 11751
980 11763
981 11775
982 11787
983 11799
984 11811
985 11823
986 11835
987 11847
988 11859
989 11871
990 11883
991 11895
992 11907
993 11919
994 11931
995 11943
996 11955
997 11967
998 11979
999 11991
1000 12003
