0 1
1 2
2 3
3 4
4 5
5 6
6 7
7 9
8 11
9 13
10 15
11 17
12 19
13 21
14 24
15 27
16 30
17 33
18 36
19 39
20 42
21 46
22 50
23 54
24 58
25 62
26 66
27 70
28 75
29 80
30 85
31 90
32 95
33 100
34 105
35 111
36 117
37 123
38 129
39 135
40 141
41 147
42 154
43 161
44 168
45 175
46 182
47 189
48 196
49 204
50 212
51 220
52 228
53 236
54 244
55 252
56 261
57 270
58 279
59 288
60 297
61 306
62 315
63 325
64 335
65 345
66 355
67 365
68 375
69 385
70 396
71 407
72 418
73 429
74 440
75 451
76 462
77 474
78 486
79 498
80 510
81 522
82 534
83 546
84 559
85 572
86 585
87 598
88 611
89 624
90 637
91 651
92 665
93 679
94 693
95 707
96 721
97 735
98 750
99 765
100 780
101 795
102 810
103 825
104 840
105 856
106 872
107 888
108 904
109 920
110 936
111 952
112 969
113 986
114 1003
115 1020
116 1037
117 1054
118 1071
119 1089
120 1107
121 1125
122 1143
123 1161
124 1179
125 1197
126 1216
127 1235
128 1254
129 1273
130 1292
131 1311
132 1330
133 1350
134 1370
135 1390
136 1410
137 1430
138 1450
139 1470
140 1491
141 1512
142 1533
143 1554
144 1575
145 1596
146 1617
147 1639
148 1661
149 1683
150 1705
151 1727
152 1749
153 1771
154 1794
155 1817
156 1840
157 1863
158 1886
159 1909
160 1932
161 1956
162 1980
163 2004
164 2028
165 2052
166 2076
167 2100
168 2125
169 2150
170 2175
171 2200
172 2225
173 2250
174 2275
175 2301
176 2327
177 2353
178 2379
179 2405
180 2431
181 2457
182 2484
183 2511
184 2538
185 2565
186 2592
187 2619
188 2646
189 2674
190 2702
191 2730
192 2758
193 2786
194 2814
195 2842
196 2871
197 2900
198 2929
199 2958
200 2987
201 3016
202 3045
203 3075
204 3105
205 3135
206 3165
207 3195
208 3225
209 3255
210 3286
211 3317
212 3348
213 3379
214 3410
215 3441
216 3472
217 3504
218 3536
219 3568
220 3600
221 3632
222 3664
223 3696
224 3729
225 3762
226 3795
227 3828
228 3861
229 3894
230 3927
231 3961
232 3995
233 4029
234 4063
235 4097
236 4131
237 4165
238 4200
239 4235
240 4270
241 4305
242 4340
243 4375
244 4410
245 4446
246 4482
247 4518
248 4554
249 4590
250 4626
251 4662
252 4699
253 4736
254 4773
255 4810
256 4847
257 4884
258 4921
259 4959
260 4997
261 5035
262 5073
263 5111
264 5149
265 5187
266 5226
267 5265
268 5304
269 5343
270 5382
271 5421
272 5460
273 5500
274 5540
275 5580
276 5620
277 5660
278 5700
279 5740
280 5781
281 5822
282 5863
283 5904
284 5945
285 5986
286 6027
287 6069
288 6111
289 6153
290 6195
291 6237
292 6279
293 6321
294 6364
295 6407
296 6450
297 6493
298 6536
299 6579
300 6622
301 6666
302 6710
303 6754
304 6798
305 6842
306 6886
307 6930
308 6975
309 7020
310 7065
311 7110
312 7155
313 7200
314 7245
315 7291
316 7337
317 7383
318 7429
319 7475
320 7521
321 7567
322 7614
323 7661
324 7708
325 7755
326 7802
327 7849
328 7896
329 7944
330 7992
331 8040
332 8088
333 8136
334 8184
335 8232
336 8281
337 8330
338 8379
339 8428
340 8477
341 8526
342 8575
343 8625
344 8675
345 8725
346 8775
347 8825
348 8875
349 8925
350 8976
351 9027
352 9078
353 9129
354 9180
355 9231
356 9282
357 9334
358 9386
359 9438
360 9490
361 9542
362 9594
363 9646
364 9699
365 9752
366 9805
367 9858
368 9911
369 9964
370 10017
371 10071
372 10125
373 10179
374 10233
375 10287
376 10341
377 10395
378 10450
379 10505
380 10560
381 10615
382 10670
383 10725
384 10780
385 10836
386 10892
387 10948
388 11004
389 11060
390 11116
391 11172
392 11229
393 11286
394 11343
395 11400
396 11457
397 11514
398 11571
399 11629
400 11687
401 11745
402 11803
403 11861
404 11919
405 11977
406 12036
407 12095
408 12154
409 12213
410 12272
411 12331
412 12390
413 12450
414 12510
415 12570
416 12630
417 12690
418 12750
419 12810
420 12871
421 12932
422 12993
423 13054
424 13115
425 13176
426 13237
427 13299
428 13361
429 13423
430 13485
431 13547
432 13609
433 13671
434 13734
435 13797
436 13860
437 13923
438 13986
439 14049
440 14112
441 14176
442 14240
443 14304
444 14368
445 14432
446 14496
447 14560
448 14625
449 14690
450 14755
451 14820
452 14885
453 14950
454 15015
455 15081
456 15147
457 15213
458 15279
459 15345
460 15411
461 15477
462 15544
463 15611
464 15678
465 15745
466 15812
467 15879
468 15946
469 16014
470 16082
471 16150
472 16218
473 16286
474 16354
475 16422
476 16491
477 16560
478 16629
479 16698
480 16767
481 16836
482 16905
483 16975
484 17045
485 17115
486 17185
487 17255
488 17325
489 17395
490 17466
491 17537
492 17608
493 17679
494 17750
495 17821
496 17892
497 17964
498 18036
499 18108
500 18180
501 18252
502 18324
503 18396
504 18469
505 18542
506 18615
507 18688
508 18761
509 18834
510 18907
511 18981
512 19055
513 19129
514 19203
515 19277
516 19351
517 19425
518 19500
519 19575
520 19650
521 19725
522 19800
523 19875
524 19950
525 20026
526 20102
527 20178
528 20254
529 20330
530 20406
531 20482
532 20559
533 20636
534 20713
535 20790
536 20867
537 20944
538 21021
539 21099
540 21177
541 21255
542 21333
543 21411
544 21489
545 21567
546 21646
547 21725
548 21804
549 21883
550 21962
551 22041
552 22120
553 22200
554 22280
555 22360
556 22440
557 22520
558 22600
559 22680
560 22761
561 22842
562 22923
563 23004
564 23085
565 23166
566 23247
567 23329
568 23411
569 23493
570 23575
571 23657
572 23739
573 23821
574 23904
575 23987
576 24070
577 24153
578 24236
579 24319
580 24402
581 24486
582 24570
583 24654
584 24738
585 24822
586 24906
587 24990
588 25075
589 25160
590 25245
591 25330
592 25415
593 25500
594 25585
595 25671
596 25757
597 25843
598 25929
599 26015
600 26101
601 26187
602 26274
603 26361
604 26448
605 26535
606 26622
607 26709
608 26796
609 26884
610 26972
611 27060
612 27148
613 27236
614 27324
615 27412
616 27501
617 27590
618 27679
619 27768
620 27857
621 27946
622 28035
623 28125
624 28215
625 28305
626 28395
627 28485
628 28575
629 28665
630 28756
631 28847
632 28938
633 29029
634 29120
635 29211
636 29302
637 29394
638 29486
639 29578
640 29670
641 29762
642 29854
643 29946
644 30039
645 30132
646 30225
647 30318
648 30411
649 30504
650 30597
651 30691
652 30785
653 30879
654 30973
655 31067
656 31161
657 31255
658 31350
659 31445
660 31540
661 31635
662 31730
663 31825
664 31920
665 32016
666 32112
667 32208
668 32304
669 32400
670 32496
671 32592
672 32689
673 32786
674 32883
675 32980
676 33077
677 33174
678 33271
679 33369
680 33467
681 33565
682 33663
683 33761
684 33859
685 33957
686 34056
687 34155
688 34254
689 34353
690 34452
691 34551
692 34650
693 34750
694 34850
695 34950
696 35050
697 35150
698 35250
699 35350
700 35451
701 35552
702 35653
703 35754
704 35855
705 35956
706 36057
707 36159
708 36261
709 36363
710 36465
711 36567
712 36669
713 36771
714 36874
715 36977
716 37080
717 37183
718 37286
719 37389
720 37492
721 37596
722 37700
723 37804
724 37908
725 38012
726 38116
727 38220
728 38325
729 38430
730 38535
731 38640
732 38745
733 38850
734 38955
735 39061
736 39167
737 39273
738 39379
739 39485
740 39591
741 39697
742 39804
743 39911
744 40018
745 40125
746 40232
747 40339
748 40446
749 40554
750 40662
751 40770
752 40878
753 40986
754 41094
755 41202
756 41311
757 41420
758 41529
759 41638
760 41747
761 41856
762 41965
763 42075
764 42185
765 42295
766 42405
767 42515
768 42625
769 42735
770 42846
771 42957
772 43068
773 43179
774 43290
775 43401
776 43512
777 43624
778 43736
779 43848
780 43960
781 44072
782 44184
783 44296
784 44409
785 44522
786 44635
787 44748
788 44861
789 44974
790 45087
791 45201
792 45315
793 45429
794 45543
795 45657
796 45771
797 45885
798 46000
799 46115
800 46230
801 46345
802 46460
803 46575
804 46690
805 46806
806 46922
807 47038
808 47154
809 47270
810 47386
811 47502
812 47619
813 47736
814 47853
815 47970
816 48087
817 48204
818 48321
819 48439
820 48557
821 48675
822 48793
823 48911
824 49029
825 49147
826 49266
827 49385
828 49504
829 49623
830 49742
831 49861
832 49980
833 50100
834 50220
835 50340
836 50460
837 50580
838 50700
839 50820
840 50941
841 51062
842 51183
843 51304
844 51425
845 51546
846 51667
847 51789
848 51911
849 52033
850 52155
851 52277
852 52399
853 52521
854 52644
855 52767
856 52890
857 53013
858 53136
859 53259
860 53382
861 53506
862 53630
863 53754
864 53878
865 54002
866 54126
867 54250
868 54375
869 54500
870 54625
871 54750
872 54875
873 55000
874 55125
875 55251
876 55377
877 55503
878 55629
879 55755
880 55881
881 56007
882 56134
883 56261
884 56388
885 56515
886 56642
887 56769
888 56896
889 57024
890 57152
891 57280
892 57408
893 57536
894 57664
895 57792
896 57921
897 58050
898 58179
899 58308
900 58437
901 58566
902 58695
903 58825
904 58955
905 59085
906 59215
907 59345
908 59475
909 59605
910 59736
911 59867
912 59998
913 60129
914 60260
915 60391
916 60522
917 60654
918 60786
919 60918
920 61050
921 61182
922 61314
923 61446
924 61579
925 61712
926 61845
927 61978
928 62111
929 62244
930 62377
931 62511
932 62645
933 62779
934 62913
935 63047
936 63181
937 63315
938 63450
939 63585
940 63720
941 63855
942 63990
943 64125
944 64260
945 64396
946 64532
947 64668
948 64804
949 64940
950 65076
951 65212
952 65349
953 65486
954 65623
955 65760
956 65897
957 66034
958 66171
959 66309
960 66447
961 66585
962 66723
963 66861
964 66999
965 67137
966 67276
967 67415
968 67554
969 67693
970 67832
971 67971
972 68110
973 68250
974 68390
975 68530
976 68670
977 68810
978 68950
979 69090
980 69231
981 69372
982 69513
983 69654
984 69795
985 69936
986 70077
987 70219
988 70361
989 70503
990 70645
991 70787
992 70929
993 71071
994 71214
995 71357
996 71500
997 71643
998 71786
999 71929
1000 72072
