0 3
1 2
2 2
3 3
4 2
5 2
6 3
7 2
8 2
9 3
10 2
11 2
12 3
13 2
14 2
15 3
16 2
17 2
18 3
19 2
20 2
21 3
22 2
23 2
24 3
25 2
26 2
27 3
28 2
29 2
30 3
31 2
32 2
33 3
34 2
35 2
36 3
37 2
38 2
39 3
40 2
41 2
42 3
43 2
44 2
45 3
46 2
47 2
48 3
49 2
50 2
51 3
52 2
53 2
54 3
55 2
56 2
57 3
58 2
59 2
60 3
61 2
62 2
63 3
64 2
65 2
66 3
67 2
68 2
69 3
70 2
71 2
72 3
73 2
74 2
75 3
76 2
77 2
78 3
79 2
80 2
81 3
82 2
83 2
84 3
85 2
86 2
87 3
88 2
89 2
90 3
91 2
92 2
93 3
94 2
95 2
96 3
97 2
98 2
99 3
100 2
101 2
102 3
103 2
104 2
105 3
106 2
107 2
108 3
109 2
110 2
111 3
112 2
113 2
114 3
115 2
116 2
117 3
118 2
119 2
120 3
121 2
122 2
123 3
124 2
125 2
126 3
127 2
128 2
129 3
130 2
131 2
132 3
133 2
134 2
135 3
136 2
137 2
138 3
139 2
140 2
141 3
142 2
143 2
144 3
145 2
146 2
147 3
148 2
149 2
150 3
151 2
152 2
153 3
154 2
155 2
156 3
157 2
158 2
159 3
160 2
161 2
162 3
163 2
164 2
165 3
166 2
167 2
168 3
169 2
170 2
171 3
172 2
173 2
174 3
175 2
176 2
177 3
178 2
179 2
180 3
181 2
182 2
183 3
184 2
185 2
186 3
187 2
188 2
189 3
190 2
191 2
192 3
193 2
194 2
195 3
196 2
197 2
198 3
199 2
200 2
201 3
202 2
203 2
204 3
205 2
206 2
207 3
208 2
209 2
210 3
211 2
212 2
213 3
214 2
215 2
216 3
217 2
218 2
219 3
220 2
221 2
222 3
223 2
224 2
225 3
226 2
227 2
228 3
229 2
230 2
231 3
232 2
233 2
234 3
235 2
236 2
237 3
238 2
239 2
240 3
241 2
242 2
243 3
244 2
245 2
246 3
247 2
248 2
249 3
250 2
251 2
252 3
253 2
254 2
255 3
256 2
257 2
258 3
259 2
260 2
261 3
262 2
263 2
264 3
265 2
266 2
267 3
268 2
269 2
270 3
271 2
272 2
273 3
274 2
275 2
276 3
277 2
278 2
279 3
280 2
281 2
282 3
283 2
284 2
285 3
286 2
287 2
288 3
289 2
290 2
291 3
292 2
293 2
294 3
295 2
296 2
297 3
298 2
299 2
300 3
301 2
302 2
303 3
304 2
305 2
306 3
307 2
308 2
309 3
310 2
311 2
312 3
313 2
314 2
315 3
316 2
317 2
318 3
319 2
320 2
321 3
322 2
323 2
324 3
325 2
326 2
327 3
328 2
329 2
330 3
331 2
332 2
333 3
334 2
335 2
336 3
337 2
338 2
339 3
340 2
341 2
342 3
343 2
344 2
345 3
346 2
347 2
348 3
349 2
350 2
351 3
352 2
353 2
354 3
355 2
356 2
357 3
358 2
359 2
360 3
361 2
362 2
363 3
364 2
365 2
366 3
367 2
368 2
369 3
370 2
371 2
372 3
373 2
374 2
375 3
376 2
377 2
378 3
379 2
380 2
381 3
382 2
383 2
384 3
385 2
386 2
387 3
388 2
389 2
390 3
391 2
392 2
393 3
394 2
395 2
396 3
397 2
398 2
399 3
400 2
401 2
402 3
403 2
404 2
405 3
406 2
407 2
408 3
409 2
410 2
411 3
412 2
413 2
414 3
415 2
416 2
417 3
418 2
419 2
420 3
421 2
422 2
423 3
424 2
425 2
426 3
427 2
428 2
429 3
430 2
431 2
432 3
433 2
434 2
435 3
436 2
437 2
438 3
439 2
440 2
441 3
442 2
443 2
444 3
445 2
446 2
447 3
448 2
449 2
450 3
451 2
452 2
453 3
454 2
455 2
456 3
457 2
458 2
459 3
460 2
461 2
462 3
463 2
464 2
465 3
466 2
467 2
468 3
469 2
470 2
471 3
472 2
473 2
474 3
475 2
476 2
477 3
478 2
479 2
480 3
481 2
482 2
483 3
484 2
485 2
486 3
487 2
488 2
489 3
490 2
491 2
492 3
493 2
494 2
495 3
496 2
497 2
498 3
499 2
500 2
501 3
502 2
503 2
504 3
505 2
506 2
507 3
508 2
509 2
510 3
511 2
512 2
513 3
514 2
515 2
516 3
517 2
518 2
519 3
520 2
521 2
522 3
523 2
524 2
525 3
526 2
527 2
528 3
529 2
530 2
531 3
532 2
533 2
534 3
535 2
536 2
537 3
538 2
539 2
540 3
541 2
542 2
543 3
544 2
545 2
546 3
547 2
548 2
549 3
550 2
551 2
552 3
553 2
554 2
555 3
556 2
557 2
558 3
559 2
560 2
561 3
562 2
563 2
564 3
565 2
566 2
567 3
568 2
569 2
570 3
571 2
572 2
573 3
574 2
575 2
576 3
577 2
578 2
579 3
580 2
581 2
582 3
583 2
584 2
585 3
586 2
587 2
588 3
589 2
590 2
591 3
592 2
593 2
594 3
595 2
596 2
597 3
598 2
599 2
600 3
601 2
602 2
603 3
604 2
605 2
606 3
607 2
608 2
609 3
610 2
611 2
612 3
613 2
614 2
615 3
616 2
617 2
618 3
619 2
620 2
621 3
622 2
623 2
624 3
625 2
626 2
627 3
628 2
629 2
630 3
631 2
632 2
633 3
634 2
635 2
636 3
637 2
638 2
639 3
640 2
641 2
642 3
643 2
644 2
645 3
646 2
647 2
648 3
649 2
650 2
651 3
652 2
653 2
654 3
655 2
656 2
657 3
658 2
659 2
660 3
661 2
662 2
663 3
664 2
665 2
666 3
667 2
668 2
669 3
670 2
671 2
672 3
673 2
674 2
675 3
676 2
677 2
678 3
679 2
680 2
681 3
682 2
683 2
684 3
685 2
686 2
687 3
688 2
689 2
690 3
691 2
692 2
693 3
694 2
695 2
696 3
697 2
698 2
699 3
700 2
701 2
702 3
703 2
704 2
705 3
706 2
707 2
708 3
709 2
710 2
711 3
712 2
713 2
714 3
715 2
716 2
717 3
718 2
719 2
720 3
721 2
722 2
723 3
724 2
725 2
726 3
727 2
728 2
729 3
730 2
731 2
732 3
733 2
734 2
735 3
736 2
737 2
738 3
739 2
740 2
741 3
742 2
743 2
744 3
745 2
746 2
747 3
748 2
749 2
750 3
751 2
752 2
753 3
754 2
755 2
756 3
757 2
758 2
759 3
760 2
761 2
762 3
763 2
764 2
765 3
766 2
767 2
768 3
769 2
770 2
771 3
772 2
773 2
774 3
775 2
776 2
777 3
778 2
779 2
780 3
781 2
782 2
783 3
784 2
785 2
786 3
787 2
788 2
789 3
790 2
791 2
792 3
793 2
794 2
795 3
796 2
797 2
798 3
799 2
800 2
801 3
802 2
803 2
804 3
805 2
806 2
807 3
808 2
809 2
810 3
811 2
812 2
813 3
814 2
815 2
816 3
817 2
818 2
819 3
820 2
821 2
822 3
823 2
824 2
825 3
826 2
827 2
828 3
829 2
830 2
831 3
832 2
833 2
834 3
835 2
836 2
837 3
838 2
839 2
840 3
841 2
842 2
843 3
844 2
845 2
846 3
847 2
848 2
849 3
850 2
851 2
852 3
853 2
854 2
855 3
856 2
857 2
858 3
859 2
860 2
861 3
862 2
863 2
864 3
865 2
866 2
867 3
868 2
869 2
870 3
871 2
872 2
873 3
874 2
875 2
876 3
877 2
878 2
879 3
880 2
881 2
882 3
883 2
884 2
885 3
886 2
887 2
888 3
889 2
890 2
891 3
892 2
893 2
894 3
895 2
896 2
897 3
898 2
899 2
900 3
901 2
902 2
903 3
904 2
905 2
906 3
907 2
908 2
909 3
910 2
911 2
912 3
913 2
914 2
915 3
916 2
917 2
918 3
919 2
920 2
921 3
922 2
923 2
924 3
925 2
926 2
927 3
928 2
929 2
930 3
931 2
932 2
933 3
934 2
935 2
936 3
937 2
938 2
939 3
940 2
941 2
942 3
943 2
944 2
945 3
946 2
947 2
948 3
949 2
950 2
951 3
952 2
953 2
954 3
955 2
956 2
957 3
958 2
959 2
960 3
961 2
962 2
963 3
964 2
965 2
966 3
967 2
968 2
969 3
970 2
971 2
972 3
973 2
974 2
975 3
976 2
977 2
978 3
979 2
980 2
981 3
982 2
983 2
984 3
985 2
986 2
987 3
988 2
989 2
990 3
991 2
992 2
993 3
994 2
995 2
996 3
997 2
998 2
999 3
1000 2
