0 0
1 21
2 42
3 63
4 84
5 105
6 126
7 147
8 168
9 189
10 210
11 231
12 252
13 273
14 294
15 315
16 336
17 357
18 378
19 399
20 420
21 441
22 462
23 483
24 504
25 525
26 546
27 567
28 588
29 609
30 630
31 651
32 672
33 693
34 714
35 735
36 756
37 777
38 798
39 819
40 840
41 861
42 882
43 903
44 924
45 945
46 966
47 987
48 1008
49 1029
50 1050
51 1071
52 1092
53 1113
54 1134
55 1155
56 1176
57 1197
58 1218
59 1239
60 1260
61 1281
62 1302
63 1323
64 1344
65 1365
66 1386
67 1407
68 1428
69 1449
70 1470
71 1491
72 1512
73 1533
74 1554
75 1575
76 1596
77 1617
78 1638
79 1659
80 1680
81 1701
82 1722
83 1743
84 1764
85 1785
86 1806
87 1827
88 1848
89 1869
90 1890
91 1911
92 1932
93 1953
94 1974
95 1995
96 2016
97 2037
98 2058
99 2079
100 2100
101 2121
102 2142
103 2163
104 2184
105 2205
106 2226
107 2247
108 2268
109 2289
110 2310
111 2331
112 2352
113 2373
114 2394
115 2415
116 2436
117 2457
118 2478
119 2499
120 2520
121 2541
122 2562
123 2583
124 2604
125 2625
126 2646
127 2667
128 2688
129 2709
130 2730
131 2751
132 2772
133 2793
134 2814
135 2835
136 2856
137 2877
138 2898
139 2919
140 2940
141 2961
142 2982
143 3003
144 3024
145 3045
146 3066
147 3087
148 3108
149 3129
150 3150
151 3171
152 3192
153 3213
154 3234
155 3255
156 3276
157 3297
158 3318
159 3339
160 3360
161 3381
162 3402
163 3423
164 3444
165 3465
166 3486
167 3507
168 3528
169 3549
170 3570
171 3591
172 3612
173 3633
174 3654
175 3675
176 3696
177 3717
178 3738
179 3759
180 3780
181 3801
182 3822
183 3843
184 3864
185 3885
186 3906
187 3927
188 3948
189 3969
190 3990
191 4011
192 4032
193 4053
194 4074
195 4095
196 4116
197 4137
198 4158
199 4179
200 4200
201 4221
202 4242
203 4263
204 4284
205 4305
206 4326
207 4347
208 4368
209 4389
210 4410
211 4431
212 4452
213 4473
214 4494
215 4515
216 4536
217 4557
218 4578
219 4599
220 4620
221 4641
222 4662
223 4683
224 4704
225 4725
226 4746
227 4767
228 4788
229 4809
230 4830
231 4851
232 4872
233 4893
234 4914
235 4935
236 4956
237 4977
238 4998
239 5019
240 5040
241 5061
242 5082
243 5103
244 5124
245 5145
246 5166
247 5187
248 5208
249 5229
250 5250
251 5271
252 5292
253 5313
254 5334
255 5355
256 5376
257 5397
258 5418
259 5439
260 5460
261 5481
262 5502
263 5523
264 5544
265 5565
266 5586
267 5607
268 5628
269 5649
270 5670
271 5691
272 5712
273 5733
274 5754
275 5775
276 5796
277 5817
278 5838
279 5859
280 5880
281 5901
282 5922
283 5943
284 5964
285 5985
286 6006
287 6027
288 6048
289 6069
290 6090
291 6111
292 6132
293 6153
294 6174
295 6195
296 6216
297 6237
298 6258
299 6279
300 6300
301 6321
302 6342
303 6363
304 6384
305 6405
306 6426
307 6447
308 6468
309 6489
310 6510
311 6531
312 6552
313 6573
314 6594
315 6615
316 6636
317 6657
318 6678
319 6699
320 6720
321 6741
322 6762
323 6783
324 6804
325 6825
326 6846
327 6867
328 6888
329 6909
330 6930
331 6951
332 6972
333 6993
334 7014
335 7035
336 7056
337 7077
338 7098
339 7119
340 7140
341 7161
342 7182
343 7203
344 7224
345 7245
346 7266
347 7287
348 7308
349 7329
350 7350
351 7371
352 7392
353 7413
354 7434
355 7455
356 7476
357 7497
358 7518
359 7539
360 7560
361 7581
362 7602
363 7623
364 7644
365 7665
366 7686
367 7707
368 7728
369 7749
370 7770
371 7791
372 7812
373 7833
374 7854
375 7875
376 7896
377 7917
378 7938
379 7959
380 7980
381 8001
382 8022
383 8043
384 8064
385 8085
386 8106
387 8127
388 8148
389 8169
390 8190
391 8211
392 8232
393 8253
394 8274
395 8295
396 8316
397 8337
398 8358
399 8379
400 8400
401 8421
402 8442
403 8463
404 8484
405 8505
406 8526
407 8547
408 8568
409 8589
410 8610
411 8631
412 8652
413 8673
414 8694
415 8715
416 8736
417 8757
418 8778
419 8799
420 8820
421 8841
422 8862
423 8883
424 8904
425 8925
426 8946
427 8967
428 8988
429 9009
430 9030
431 9051
432 9072
433 9093
434 9114
435 9135
436 9156
437 9177
438 9198
439 9219
440 9240
441 9261
442 9282
443 9303
444 9324
445 9345
446 9366
447 9387
448 9408
449 9429
450 9450
451 9471
452 9492
453 9513
454 9534
455 9555
456 9576
457 9597
458 9618
459 9639
460 9660
461 9681
462 9702
463 9723
464 9744
465 9765
466 9786
467 9807
468 9828
469 9849
470 9870
471 9891
472 9912
473 9933
474 9954
475 9975
476 9996
477 10017
478 10038
479 10059
480 10080
481 10101
482 10122
483 10143
484 10164
485 10185
486 10206
487 10227
488 10248
489 10269
490 10290
491 10311
492 10332
493 10353
494 10374
495 10395
496 10416
497 10437
498 10458
499 10479
500 10500
501 10521
502 10542
503 10563
504 10584
505 10605
506 10626
507 10647
508 10668
509 10689
510 10710
511 10731
512 10752
513 10773
514 10794
515 10815
516 10836
517 10857
518 10878
519 10899
520 10920
521 10941
522 10962
523 10983
524 11004
525 11025
526 11046
527 11067
528 11088
529 11109
530 11130
531 11151
532 11172
533 11193
534 11214
535 11235
536 11256
537 11277
538 11298
539 11319
540 11340
541 11361
542 11382
543 11403
544 11424
545 11445
546 11466
547 11487
548 11508
549 11529
550 11550
551 11571
552 11592
553 11613
554 11634
555 11655
556 11676
557 11697
558 11718
559 11739
560 11760
561 11781
562 11802
563 11823
564 11844
565 11865
566 11886
567 11907
568 11928
569 11949
570 11970
571 11991
572 12012
573 12033
574 12054
575 12075
576 12096
577 12117
578 12138
579 12159
580 12180
581 12201
582 12222
583 12243
584 12264
585 12285
586 12306
587 12327
588 12348
589 12369
590 12390
591 12411
592 12432
593 12453
594 12474
595 12495
596 12516
597 12537
598 12558
599 12579
600 12600
601 12621
602 12642
603 12663
604 12684
605 12705
606 12726
607 12747
608 12768
609 12789
610 12810
611 12831
612 12852
613 12873
614 12894
615 12915
616 12936
617 12957
618 12978
619 12999
620 13020
621 13041
622 13062
623 13083
624 13104
625 13125
626 13146
627 13167
628 13188
629 13209
630 13230
631 13251
632 13272
633 13293
634 13314
635 13335
636 13356
637 13377
638 13398
639 13419
640 13440
641 13461
642 13482
643 13503
644 13524
645 13545
646 13566
647 13587
648 13608
649 13629
650 13650
651 13671
652 13692
653 13713
654 13734
655 13755
656 13776
657 13797
658 13818
659 13839
660 13860
661 13881
662 13902
663 13923
664 13944
665 13965
666 13986
667 14007
668 14028
669 14049
670 14070
671 14091
672 14112
673 14133
674 14154
675 14175
676 14196
677 14217
678 14238
679 14259
680 14280
681 14301
682 14322
683 14343
684 14364
685 14385
686 14406
687 14427
688 14448
689 14469
690 14490
691 14511
692 14532
693 14553
694 14574
695 14595
696 14616
697 14637
698 14658
699 14679
700 14700
701 14721
702 14742
703 14763
704 14784
705 14805
706 14826
707 14847
708 14868
709 14889
710 14910
711 14931
712 14952
713 14973
714 14994
715 15015
716 15036
717 15057
718 15078
719 15099
720 15120
721 15141
722 15162
723 15183
724 15204
725 15225
726 15246
727 15267
728 15288
729 15309
730 15330
731 15351
732 15372
733 15393
734 15414
735 15435
736 15456
737 15477
738 15498
739 15519
740 15540
741 15561
742 15582
743 15603
744 15624
745 15645
746 15666
747 15687
748 15708
749 15729
750 15750
751 15771
752 15792
753 15813
754 15834
755 15855
756 15876
757 15897
758 15918
759 15939
760 15960
761 15981
762 16002
763 16023
764 16044
765 16065
766 16086
767 16107
768 16128
769 16149
770 16170
771 16191
772 16212
773 16233
774 16254
775 16275
776 16296
777 16317
778 16338
779 16359
780 16380
781 16401
782 16422
783 16443
784 16464
785 16485
786 16506
787 16527
788 16548
789 16569
790 16590
791 16611
792 16632
793 16653
794 16674
795 16695
796 16716
797 16737
798 16758
799 16779
800 16800
801 16821
802 16842
803 16863
804 16884
805 16905
806 16926
807 16947
808 16968
809 16989
810 17010
811 17031
812 17052
813 17073
814 17094
815 17115
816 17136
817 17157
818 17178
819 17199
820 17220
821 17241
822 17262
823 17283
824 17304
825 17325
826 17346
827 17367
828 17388
829 17409
830 17430
831 17451
832 17472
833 17493
834 17514
835 17535
836 17556
837 17577
838 17598
839 17619
840 17640
841 17661
842 17682
843 17703
844 17724
845 17745
846 17766
847 17787
848 17808
849 17829
850 17850
851 17871
852 17892
853 17913
854 17934
855 17955
856 17976
857 17997
858 18018
859 18039
860 18060
861 18081
862 18102
863 18123
864 18144
865 18165
866 18186
867 18207
868 18228
869 18249
870 18270
871 18291
872 18312
873 18333
874 18354
875 18375
876 18396
877 18417
878 18438
879 18459
880 18480
881 18501
882 18522
883 18543
884 18564
885 18585
886 18606
887 18627
888 18648
889 18669
890 18690
891 18711
892 18732
893 18753
894 18774
895 18795
896 18816
897 18837
898 18858
899 18879
900 18900
901 18921
902 18942
903 18963
904 18984
905 19005
906 19026
907 19047
908 19068
909 19089
910 19110
911 19131
912 19152
913 19173
914 19194
915 19215
916 19236
917 19257
918 19278
919 19299
920 19320
921 19341
922 19362
923 19383
924 19404
925 19425
926 19446
927 19467
928 19488
929 19509
930 19530
931 19551
932 19572
933 19593
934 19614
935 19635
936 19656
937 19677
938 19698
939 19719
940 19740
941 19761
942 19782
943 19803
944 19824
945 19845
946 19866
947 19887
948 19908
949 19929
950 19950
951 19971
952 19992
953 20013
954 20034
955 20055
956 20076
957 20097
958 20118
959 20139
960 20160
961 20181
962 20202
963 20223
964 20244
965 20265
966 20286
967 20307
968 20328
969 20349
970 20370
971 20391
972 20412
973 20433
974 20454
975 20475
976 20496
977 20517
978 20538
979 20559
980 20580
981 20601
982 20622
983 20643
984 20664
985 20685
986 20706
987 20727
988 20748
989 20769
990 20790
991 20811
992 20832
993 20853
994 20874
995 20895
996 20916
997 20937
998 20958
999 20979
1000 21000
