0 0
1 15
2 30
3 45
4 60
5 75
6 90
7 105
8 120
9 135
10 150
11 165
12 180
13 195
14 210
15 225
16 240
17 255
18 270
19 285
20 300
21 315
22 330
23 345
24 360
25 375
26 390
27 405
28 420
29 435
30 450
31 465
32 480
33 495
34 510
35 525
36 540
37 555
38 570
39 585
40 600
41 615
42 630
43 645
44 660
45 675
46 690
47 705
48 720
49 735
50 750
51 765
52 780
53 795
54 810
55 825
56 840
57 855
58 870
59 885
60 900
61 915
62 930
63 945
64 960
65 975
66 990
67 1005
68 1020
69 1035
70 1050
71 1065
72 1080
73 1095
74 1110
75 1125
76 1140
77 1155
78 1170
79 1185
80 1200
81 1215
82 1230
83 1245
84 1260
85 1275
86 1290
87 1305
88 1320
89 1335
90 1350
91 1365
92 1380
93 1395
94 1410
95 1425
96 1440
97 1455
98 1470
99 1485
100 1500
101 1515
102 1530
103 1545
104 1560
105 1575
106 1590
107 1605
108 1620
109 1635
110 1650
111 1665
112 1680
113 1695
114 1710
115 1725
116 1740
117 1755
118 1770
119 1785
120 1800
121 1815
122 1830
123 1845
124 1860
125 1875
126 1890
127 1905
128 1920
129 1935
130 1950
131 1965
132 1980
133 1995
134 2010
135 2025
136 2040
137 2055
138 2070
139 2085
140 2100
141 2115
142 2130
143 2145
144 2160
145 2175
146 2190
147 2205
148 2220
149 2235
150 2250
151 2265
152 2280
153 2295
154 2310
155 2325
156 2340
157 2355
158 2370
159 2385
160 2400
161 2415
162 2430
163 2445
164 2460
165 2475
166 2490
167 2505
168 2520
169 2535
170 2550
171 2565
172 2580
173 2595
174 2610
175 2625
176 2640
177 2655
178 2670
179 2685
180 2700
181 2715
182 2730
183 2745
184 2760
185 2775
186 2790
187 2805
188 2820
189 2835
190 2850
191 2865
192 2880
193 2895
194 2910
195 2925
196 2940
197 2955
198 2970
199 2985
200 3000
201 3015
202 3030
203 3045
204 3060
205 3075
206 3090
207 3105
208 3120
209 3135
210 3150
211 3165
212 3180
213 3195
214 3210
215 3225
216 3240
217 3255
218 3270
219 3285
220 3300
221 3315
222 3330
223 3345
224 3360
225 3375
226 3390
227 3405
228 3420
229 3435
230 3450
231 3465
232 3480
233 3495
234 3510
235 3525
236 3540
237 3555
238 3570
239 3585
240 3600
241 3615
242 3630
243 3645
244 3660
245 3675
246 3690
247 3705
248 3720
249 3735
250 3750
251 3765
252 3780
253 3795
254 3810
255 3825
256 3840
257 3855
258 3870
259 3885
260 3900
261 3915
262 3930
263 3945
264 3960
265 3975
266 3990
267 4005
268 4020
269 4035
270 4050
271 4065
272 4080
273 4095
274 4110
275 4125
276 4140
277 4155
278 4170
279 4185
280 4200
281 4215
282 4230
283 4245
284 4260
285 4275
286 4290
287 4305
288 4320
289 4335
290 4350
291 4365
292 4380
293 4395
294 4410
295 4425
296 4440
297 4455
298 4470
299 4485
300 4500
301 4515
302 4530
303 4545
304 4560
305 4575
306 4590
307 4605
308 4620
309 4635
310 4650
311 4665
312 4680
313 4695
314 4710
315 4725
316 4740
317 4755
318 4770
319 4785
320 4800
321 4815
322 4830
323 4845
324 4860
325 4875
326 4890
327 4905
328 4920
329 4935
330 4950
331 4965
332 4980
333 4995
334 5010
335 5025
336 5040
337 5055
338 5070
339 5085
340 5100
341 5115
342 5130
343 5145
344 5160
345 5175
346 5190
347 5205
348 5220
349 5235
350 5250
351 5265
352 5280
353 5295
354 5310
355 5325
356 5340
357 5355
358 5370
359 5385
360 5400
361 5415
362 5430
363 5445
364 5460
365 5475
366 5490
367 5505
368 5520
369 5535
370 5550
371 5565
372 5580
373 5595
374 5610
375 5625
376 5640
377 5655
378 5670
379 5685
380 5700
381 5715
382 5730
383 5745
384 5760
385 5775
386 5790
387 5805
388 5820
389 5835
390 5850
391 5865
392 5880
393 5895
394 5910
395 5925
396 5940
397 5955
398 5970
399 5985
400 6000
401 6015
402 6030
403 6045
404 6060
405 6075
406 6090
407 6105
408 6120
409 6135
410 6150
411 6165
412 6180
413 6195
414 6210
415 6225
416 6240
417 6255
418 6270
419 6285
420 6300
421 6315
422 6330
423 6345
424 6360
425 6375
426 6390
427 6405
428 6420
429 6435
430 6450
431 6465
432 6480
433 6495
434 6510
435 6525
436 6540
437 6555
438 6570
439 6585
440 6600
441 6615
442 6630
443 6645
444 6660
445 6675
446 6690
447 6705
448 6720
449 6735
450 6750
451 6765
452 6780
453 6795
454 6810
455 6825
456 6840
457 6855
458 6870
459 6885
460 6900
461 6915
462 6930
463 6945
464 6960
465 6975
466 6990
467 7005
468 7020
469 7035
470 7050
471 7065
472 7080
473 7095
474 7110
475 7125
476 7140
477 7155
478 7170
479 7185
480 7200
481 7215
482 7230
483 7245
484 7260
485 7275
486 7290
487 7305
488 7320
489 7335
490 7350
491 7365
492 7380
493 7395
494 7410
495 7425
496 7440
497 7455
498 7470
499 7485
500 7500
501 7515
502 7530
503 7545
504 7560
505 7575
506 7590
507 7605
508 7620
509 7635
510 7650
511 7665
512 7680
513 7695
514 7710
515 7725
516 7740
517 7755
518 7770
519 7785
520 7800
521 7815
522 7830
523 7845
524 7860
525 7875
526 7890
527 7905
528 7920
529 7935
530 7950
531 7965
532 7980
533 7995
534 8010
535 8025
536 8040
537 8055
538 8070
539 8085
540 8100
541 8115
542 8130
543 8145
544 8160
545 8175
546 8190
547 8205
548 8220
549 8235
550 8250
551 8265
552 8280
553 8295
554 8310
555 8325
556 8340
557 8355
558 8370
559 8385
560 8400
561 8415
562 8430
563 8445
564 8460
565 8475
566 8490
567 8505
568 8520
569 8535
570 8550
571 8565
572 8580
573 8595
574 8610
575 8625
576 8640
577 8655
578 8670
579 8685
580 8700
581 8715
582 8730
583 8745
584 8760
585 8775
586 8790
587 8805
588 8820
589 8835
590 8850
591 8865
592 8880
593 8895
594 8910
595 8925
596 8940
597 8955
598 8970
599 8985
600 9000
601 9015
602 9030
603 9045
604 9060
605 9075
606 9090
607 9105
608 9120
609 9135
610 9150
611 9165
612 9180
613 9195
614 9210
615 9225
616 9240
617 9255
618 9270
619 9285
620 9300
621 9315
622 9330
623 9345
624 9360
625 9375
626 9390
627 9405
628 9420
629 9435
630 9450
631 9465
632 9480
633 9495
634 9510
635 9525
636 9540
637 9555
638 9570
639 9585
640 9600
641 9615
642 9630
643 9645
644 9660
645 9675
646 9690
647 9705
648 9720
649 9735
650 9750
651 9765
652 9780
653 9795
654 9810
655 9825
656 9840
657 9855
658 9870
659 9885
660 9900
661 9915
662 9930
663 9945
664 9960
665 9975
666 9990
667 10005
668 10020
669 10035
670 10050
671 10065
672 10080
673 10095
674 10110
675 10125
676 10140
677 10155
678 10170
679 10185
680 10200
681 10215
682 10230
683 10245
684 10260
685 10275
686 10290
687 10305
688 10320
689 10335
690 10350
691 10365
692 10380
693 10395
694 10410
695 10425
696 10440
697 10455
698 10470
699 10485
700 10500
701 10515
702 10530
703 10545
704 10560
705 10575
706 10590
707 10605
708 10620
709 10635
710 10650
711 10665
712 10680
713 10695
714 10710
715 10725
716 10740
717 10755
718 10770
719 10785
720 10800
721 10815
722 10830
723 10845
724 10860
725 10875
726 10890
727 10905
728 10920
729 10935
730 10950
731 10965
732 10980
733 10995
734 11010
735 11025
736 11040
737 11055
738 11070
739 11085
740 11100
741 11115
742 11130
743 11145
744 11160
745 11175
746 11190
747 11205
748 11220
749 11235
750 11250
751 11265
752 11280
753 11295
754 11310
755 11325
756 11340
757 11355
758 11370
759 11385
760 11400
761 11415
762 11430
763 11445
764 11460
765 11475
766 11490
767 11505
768 11520
769 11535
770 11550
771 11565
772 11580
773 11595
774 11610
775 11625
776 11640
777 11655
778 11670
779 11685
780 11700
781 11715
782 11730
783 11745
784 11760
785 11775
786 11790
787 11805
788 11820
789 11835
790 11850
791 11865
792 11880
793 11895
794 11910
795 11925
796 11940
797 11955
798 11970
799 11985
800 12000
801 12015
802 12030
803 12045
804 12060
805 12075
806 12090
807 12105
808 12120
809 12135
810 12150
811 12165
812 12180
813 12195
814 12210
815 12225
816 12240
817 12255
818 12270
819 12285
820 12300
821 12315
822 12330
823 12345
824 12360
825 12375
826 12390
827 12405
828 12420
829 12435
830 12450
831 12465
832 12480
833 12495
834 12510
835 12525
836 12540
837 12555
838 12570
839 12585
840 12600
841 12615
842 12630
843 12645
844 12660
845 12675
846 12690
847 12705
848 12720
849 12735
850 12750
851 12765
852 12780
853 12795
854 12810
855 12825
856 12840
857 12855
858 12870
859 12885
860 12900
861 12915
862 12930
863 12945
864 12960
865 12975
866 12990
867 13005
868 13020
869 13035
870 13050
871 13065
872 13080
873 13095
874 13110
875 13125
876 13140
877 13155
878 13170
879 13185
880 13200
881 13215
882 13230
883 13245
884 13260
885 13275
886 13290
887 13305
888 13320
889 13335
890 13350
891 13365
892 13380
893 13395
894 13410
895 13425
896 13440
897 13455
898 13470
899 13485
900 13500
901 13515
902 13530
903 13545
904 13560
905 13575
906 13590
907 13605
908 13620
909 13635
910 13650
911 13665
912 13680
913 13695
914 13710
915 13725
916 13740
917 13755
918 13770
919 13785
920 13800
921 13815
922 13830
923 13845
924 13860
925 13875
926 13890
927 13905
928 13920
929 13935
930 13950
931 13965
932 13980
933 13995
934 14010
935 14025
936 14040
937 14055
938 14070
939 14085
940 14100
941 14115
942 14130
943 14145
944 14160
945 14175
946 14190
947 14205
948 14220
949 14235
950 14250
951 14265
952 14280
953 14295
954 14310
955 14325
956 14340
957 14355
958 14370
959 14385
960 14400
961 14415
962 14430
963 14445
964 14460
965 14475
966 14490
967 14505
968 14520
969 14535
970 14550
971 14565
972 14580
973 14595
974 14610
975 14625
976 14640
977 14655
978 14670
979 14685
980 14700
981 14715
982 14730
983 14745
984 14760
985 14775
986 14790
987 14805
988 14820
989 14835
990 14850
991 14865
992 14880
993 14895
994 14910
995 14925
996 14940
997 14955
998 14970
999 14985
1000 15000
