0 1
1 3
2 8
3 16
4 30
5 50
6 80
7 120
8 175
9 245
10 336
11 448
12 588
13 756
14 960
15 1200
16 1485
17 1815
18 2200
19 2640
20 3146
21 3718
22 4368
23 5096
24 5915
25 6825
26 7840
27 8960
28 10200
29 11560
30 13056
31 14688
32 16473
33 18411
34 20520
35 22800
36 25270
37 27930
38 30800
39 33880
40 37191
41 40733
42 44528
43 48576
44 52900
45 57500
46 62400
47 67600
48 73125
49 78975
50 85176
51 91728
52 98658
53 105966
54 113680
55 121800
56 130355
57 139345
58 148800
59 158720
60 169136
61 180048
62 191488
63 203456
64 215985
65 229075
66 242760
67 257040
68 271950
69 287490
70 303696
71 320568
72 338143
73 356421
74 375440
75 395200
76 415740
77 437060
78 459200
79 482160
80 505981
81 530663
82 556248
83 582736
84 610170
85 638550
86 667920
87 698280
88 729675
89 762105
90 795616
91 830208
92 865928
93 902776
94 940800
95 980000
96 1020425
97 1062075
98 1105000
99 1149200
100 1194726
101 1241578
102 1289808
103 1339416
104 1390455
105 1442925
106 1496880
107 1552320
108 1609300
109 1667820
110 1727936
111 1789648
112 1853013
113 1918031
114 1984760
115 2053200
116 2123410
117 2195390
118 2269200
119 2344840
120 2422371
121 2501793
122 2583168
123 2666496
124 2751840
125 2839200
126 2928640
127 3020160
128 3113825
129 3209635
130 3307656
131 3407888
132 3510398
133 3615186
134 3722320
135 3831800
136 3943695
137 4058005
138 4174800
139 4294080
140 4415916
141 4540308
142 4667328
143 4796976
144 4929325
145 5064375
146 5202200
147 5342800
148 5486250
149 5632550
150 5781776
151 5933928
152 6089083
153 6247241
154 6408480
155 6572800
156 6740280
157 6910920
158 7084800
159 7261920
160 7442361
161 7626123
162 7813288
163 8003856
164 8197910
165 8395450
166 8596560
167 8801240
168 9009575
169 9221565
170 9437296
171 9656768
172 9880068
173 10107196
174 10338240
175 10573200
176 10812165
177 11055135
178 11302200
179 11553360
180 11808706
181 12068238
182 12332048
183 12600136
184 12872595
185 13149425
186 13430720
187 13716480
188 14006800
189 14301680
190 14601216
191 14905408
192 15214353
193 15528051
194 15846600
195 16170000
196 16498350
197 16831650
198 17170000
199 17513400
200 17861951
201 18215653
202 18574608
203 18938816
204 19308380
205 19683300
206 20063680
207 20449520
208 20840925
209 21237895
210 21640536
211 22048848
212 22462938
213 22882806
214 23308560
215 23740200
216 24177835
217 24621465
218 25071200
219 25527040
220 25989096
221 26457368
222 26931968
223 27412896
224 27900265
225 28394075
226 28894440
227 29401360
228 29914950
229 30435210
230 30962256
231 31496088
232 32036823
233 32584461
234 33139120
235 33700800
236 34269620
237 34845580
238 35428800
239 36019280
240 36617141
241 37222383
242 37835128
243 38455376
244 39083250
245 39718750
246 40362000
247 41013000
248 41671875
249 42338625
250 43013376
251 43696128
252 44387008
253 45086016
254 45793280
255 46508800
256 47232705
257 47964995
258 48705800
259 49455120
260 50213086
261 50979698
262 51755088
263 52539256
264 53332335
265 54134325
266 54945360
267 55765440
268 56594700
269 57433140
270 58280896
271 59137968
272 60004493
273 60880471
274 61766040
275 62661200
276 63566090
277 64480710
278 65405200
279 66339560
280 67283931
281 68238313
282 69202848
283 70177536
284 71162520
285 72157800
286 73163520
287 74179680
288 75206425
289 76243755
290 77291816
291 78350608
292 79420278
293 80500826
294 81592400
295 82695000
296 83808775
297 84933725
298 86070000
299 87217600
300 88376676
301 89547228
302 90729408
303 91923216
304 93128805
305 94346175
306 95575480
307 96816720
308 98070050
309 99335470
310 100613136
311 101903048
312 103205363
313 104520081
314 105847360
315 107187200
316 108539760
317 109905040
318 111283200
319 112674240
320 114078321
321 115495443
322 116925768
323 118369296
324 119826190
325 121296450
326 122780240
327 124277560
328 125788575
329 127313285
330 128851856
331 130404288
332 131970748
333 133551236
334 135145920
335 136754800
336 138378045
337 140015655
338 141667800
339 143334480
340 145015866
341 146711958
342 148422928
343 150148776
344 151889675
345 153645625
346 155416800
347 157203200
348 159005000
349 160822200
350 162654976
351 164503328
352 166367433
353 168247291
354 170143080
355 172054800
356 173982630
357 175926570
358 177886800
359 179863320
360 181856311
361 183865773
362 185891888
363 187934656
364 189994260
365 192070700
366 194164160
367 196274640
368 198402325
369 200547215
370 202709496
371 204889168
372 207086418
373 209301246
374 211533840
375 213784200
376 216052515
377 218338785
378 220643200
379 222965760
380 225306656
381 227665888
382 230043648
383 232439936
384 234854945
385 237288675
386 239741320
387 242212880
388 244703550
389 247213330
390 249742416
391 252290808
392 254858703
393 257446101
394 260053200
395 262680000
396 265326700
397 267993300
398 270680000
399 273386800
400 276113901
401 278861303
402 281629208
403 284417616
404 287226730
405 290056550
406 292907280
407 295778920
408 298671675
409 301585545
410 304520736
411 307477248
412 310455288
413 313454856
414 316476160
415 319519200
416 322584185
417 325671115
418 328780200
419 331911440
420 335065046
421 338241018
422 341439568
423 344660696
424 347904615
425 351171325
426 354461040
427 357773760
428 361109700
429 364468860
430 367851456
431 371257488
432 374687173
433 378140511
434 381617720
435 385118800
436 388643970
437 392193230
438 395766800
439 399364680
440 402987091
441 406634033
442 410305728
443 414002176
444 417723600
445 421470000
446 425241600
447 429038400
448 432860625
449 436708275
450 440581576
451 444480528
452 448405358
453 452356066
454 456332880
455 460335800
456 464365055
457 468420645
458 472502800
459 476611520
460 480747036
461 484909348
462 489098688
463 493315056
464 497558685
465 501829575
466 506127960
467 510453840
468 514807450
469 519188790
470 523598096
471 528035368
472 532500843
473 536994521
474 541516640
475 546067200
476 550646440
477 555254360
478 559891200
479 564556960
480 569251881
481 573975963
482 578729448
483 583512336
484 588324870
485 593167050
486 598039120
487 602941080
488 607873175
489 612835405
490 617828016
491 622851008
492 627904628
493 632988876
494 638104000
495 643250000
496 648427125
497 653635375
498 658875000
499 664146000
500 669448626
501 674782878
502 680149008
503 685547016
504 690977155
505 696439425
506 701934080
507 707461120
508 713020800
509 718613120
510 724238336
511 729896448
512 735587713
513 741312131
514 747069960
515 752861200
516 758686110
517 764544690
518 770437200
519 776363640
520 782324271
521 788319093
522 794348368
523 800412096
524 806510540
525 812643700
526 818811840
527 825014960
528 831253325
529 837526935
530 843836056
531 850180688
532 856561098
533 862977286
534 869429520
535 875917800
536 882442395
537 889003305
538 895600800
539 902234880
540 908905816
541 915613608
542 922358528
543 929140576
544 935960025
545 942816875
546 949711400
547 956643600
548 963613750
549 970621850
550 977668176
551 984752728
552 991875783
553 999037341
554 1006237680
555 1013476800
556 1020754980
557 1028072220
558 1035428800
559 1042824720
560 1050260261
561 1057735423
562 1065250488
563 1072805456
564 1080400610
565 1088035950
566 1095711760
567 1103428040
568 1111185075
569 1118982865
570 1126821696
571 1134701568
572 1142622768
573 1150585296
574 1158589440
575 1166635200
576 1174722865
577 1182852435
578 1191024200
579 1199238160
580 1207494606
581 1215793538
582 1224135248
583 1232519736
584 1240947295
585 1249417925
586 1257931920
587 1266489280
588 1275090300
589 1283734980
590 1292423616
591 1301156208
592 1309933053
593 1318754151
594 1327619800
595 1336530000
596 1345485050
597 1354484950
598 1363530000
599 1372620200
600 1381755851
601 1390936953
602 1400163808
603 1409436416
604 1418755080
605 1428119800
606 1437530880
607 1446988320
608 1456492425
609 1466043195
610 1475640936
611 1485285648
612 1494977638
613 1504716906
614 1514503760
615 1524338200
616 1534220535
617 1544150765
618 1554129200
619 1564155840
620 1574230996
621 1584354668
622 1594527168
623 1604748496
624 1615018965
625 1625338575
626 1635707640
627 1646126160
628 1656594450
629 1667112510
630 1677680656
631 1688298888
632 1698967523
633 1709686561
634 1720456320
635 1731276800
636 1742148320
637 1753070880
638 1764044800
639 1775070080
640 1786147041
641 1797275683
642 1808456328
643 1819688976
644 1830973950
645 1842311250
646 1853701200
647 1865143800
648 1876639375
649 1888187925
650 1899789776
651 1911444928
652 1923153708
653 1934916116
654 1946732480
655 1958602800
656 1970527405
657 1982506295
658 1994539800
659 2006627920
660 2018770986
661 2030968998
662 2043222288
663 2055530856
664 2067895035
665 2080314825
666 2092790560
667 2105322240
668 2117910200
669 2130554440
670 2143255296
671 2156012768
672 2168827193
673 2181698571
674 2194627240
675 2207613200
676 2220656790
677 2233758010
678 2246917200
679 2260134360
680 2273409831
681 2286743613
682 2300136048
683 2313587136
684 2327097220
685 2340666300
686 2354294720
687 2367982480
688 2381729925
689 2395537055
690 2409404216
691 2423331408
692 2437318978
693 2451366926
694 2465475600
695 2479645000
696 2493875475
697 2508167025
698 2522520000
699 2536934400
700 2551410576
701 2565948528
702 2580548608
703 2595210816
704 2609935505
705 2624722675
706 2639572680
707 2654485520
708 2669461550
709 2684500770
710 2699603536
711 2714769848
712 2730000063
713 2745294181
714 2760652560
715 2776075200
716 2791562460
717 2807114340
718 2822731200
719 2838413040
720 2854160221
721 2869972743
722 2885850968
723 2901794896
724 2917804890
725 2933880950
726 2950023440
727 2966232360
728 2982508075
729 2998850585
730 3015260256
731 3031737088
732 3048281448
733 3064893336
734 3081573120
735 3098320800
736 3115136745
737 3132020955
738 3148973800
739 3165995280
740 3183085766
741 3200245258
742 3217474128
743 3234772376
744 3252140375
745 3269578125
746 3287086000
747 3304664000
748 3322312500
749 3340031500
750 3357821376
751 3375682128
752 3393614133
753 3411617391
754 3429692280
755 3447838800
756 3466057330
757 3484347870
758 3502710800
759 3521146120
760 3539654211
761 3558235073
762 3576889088
763 3595616256
764 3614416960
765 3633291200
766 3652239360
767 3671261440
768 3690357825
769 3709528515
770 3728773896
771 3748093968
772 3767489118
773 3786959346
774 3806505040
775 3826126200
776 3845823215
777 3865596085
778 3885445200
779 3905370560
780 3925372556
781 3945451188
782 3965606848
783 3985839536
784 4006149645
785 4026537175
786 4047002520
787 4067545680
788 4088167050
789 4108866630
790 4129644816
791 4150501608
792 4171437403
793 4192452201
794 4213546400
795 4234720000
796 4255973400
797 4277306600
798 4298720000
799 4320213600
800 4341787801
801 4363442603
802 4385178408
803 4406995216
804 4428893430
805 4450873050
806 4472934480
807 4495077720
808 4517303175
809 4539610845
810 4562001136
811 4584474048
812 4607029988
813 4629668956
814 4652391360
815 4675197200
816 4698086885
817 4721060415
818 4744118200
819 4767260240
820 4790486946
821 4813798318
822 4837194768
823 4860676296
824 4884243315
825 4907895825
826 4931634240
827 4955458560
828 4979369200
829 5003366160
830 5027449856
831 5051620288
832 5075877873
833 5100222611
834 5124654920
835 5149174800
836 5173782670
837 5198478530
838 5223262800
839 5248135480
840 5273096991
841 5298147333
842 5323286928
843 5348515776
844 5373834300
845 5399242500
846 5424740800
847 5450329200
848 5476008125
849 5501777575
850 5527637976
851 5553589328
852 5579632058
853 5605766166
854 5631992080
855 5658309800
856 5684719755
857 5711221945
858 5737816800
859 5764504320
860 5791284936
861 5818158648
862 5845125888
863 5872186656
864 5899341385
865 5926590075
866 5953933160
867 5981370640
868 6008902950
869 6036530090
870 6064252496
871 6092070168
872 6119983543
873 6147992621
874 6176097840
875 6204299200
876 6232597140
877 6260991660
878 6289483200
879 6318071760
880 6346757781
881 6375541263
882 6404422648
883 6433401936
884 6462479570
885 6491655550
886 6520930320
887 6550303880
888 6579776675
889 6609348705
890 6639020416
891 6668791808
892 6698663328
893 6728634976
894 6758707200
895 6788880000
896 6819153825
897 6849528675
898 6880005000
899 6910582800
900 6941262526
901 6972044178
902 7002928208
903 7033914616
904 7065003855
905 7096195925
906 7127491280
907 7158889920
908 7190392300
909 7221998420
910 7253708736
911 7285523248
912 7317442413
913 7349466231
914 7381595160
915 7413829200
916 7446168810
917 7478613990
918 7511165200
919 7543822440
920 7576586171
921 7609456393
922 7642433568
923 7675517696
924 7708709240
925 7742008200
926 7775415040
927 7808929760
928 7842552825
929 7876284235
930 7910124456
931 7944073488
932 7978131798
933 8012299386
934 8046576720
935 8080963800
936 8115461095
937 8150068605
938 8184786800
939 8219615680
940 8254555716
941 8289606908
942 8324769728
943 8360044176
944 8395430725
945 8430929375
946 8466540600
947 8502264400
948 8538101250
949 8574051150
950 8610114576
951 8646291528
952 8682582483
953 8718987441
954 8755506880
955 8792140800
956 8828889680
957 8865753520
958 8902732800
959 8939827520
960 8977038161
961 9014364723
962 9051807688
963 9089367056
964 9127043310
965 9164836450
966 9202746960
967 9240774840
968 9278920575
969 9317184165
970 9355566096
971 9394066368
972 9432685468
973 9471423396
974 9510280640
975 9549257200
976 9588353565
977 9627569735
978 9666906200
979 9706362960
980 9745940506
981 9785638838
982 9825458448
983 9865399336
984 9905461995
985 9945646425
986 9985953120
987 10026382080
988 10066933800
989 10107608280
990 10148406016
991 10189327008
992 10230371753
993 10271540251
994 10312833000
995 10354250000
996 10395791750
997 10437458250
998 10479250000
999 10521167000
1000 10563209751
