0 0
1 1
2 1
3 2
4 4
5 8
6 15
7 29
8 53
9 98
10 177
11 319
12 565
13 1001
14 1749
15 3047
16 5264
17 9054
18 15467
19 26320
20 44532
21 75054
22 125904
23 210413
24 350215
25 580901
26 960035
27 1581534
28 2596913
29 4251486
30 6939635
31 11296231
32 18337815
33 29692431
34 47956995
35 77271074
36 124212966
37 199224864
38 318839575
39 509199348
40 811549586
41 1290872704
42 2049349818
43 3247423253
44 5136570458
45 8110393793
46 12783942052
47 20116948900
48 31604735095
49 49573915854
50 77639388813
51 121410266235
52 189578287088
53 295594811121
54 460250532303
55 715640586946
56 1111250479921
57 1723288848798
58 2668981086027
59 4128440435751
60 6378094634469
61 9841725371686
62 15168316253937
63 23350679351380
64 35906035716847
65 55150652534128
66 84617119643766
67 129687775927707
68 198555354409006
69 303678598230031
70 463985903177733
71 708208526311214
72 1079918009318269
73 1645132795948415
74 2503794799679282
75 3807070742754768
76 5783413474645819
77 8777787620380103
78 13310663009543250
79 20166669780663709
80 30527727690375393
81 46172811098959684
82 69777481733973700
83 105362689717158548
84 158966746122261939
85 239650730630189372
86 361001735454685656
87 543378906589851387
88 817267038858919355
89 1228280517182192772
90 1844624814465566591
91 2768215239486690022
92 4151234835890176229
93 6220776478700323994
94 9315493085522960937
95 13940073604817743531
96 20846165045416983175
97 31152506124815183323
98 46523165926258902997
99 69431834403222199809
100 103553480024087733939
101 154344419225358391376
102 229900943480026252744
103 342229551653965832083
104 509125049191695335694
105 756945869885509138170
106 1124713003602453914946
107 1670160504824156813682
108 2478661982797965197835
109 3676393129667464812733
110 5449730306043788289502
111 8073824827034176543335
112 11954671520638654138977
113 17691012783127636712615
114 26165384829204738685134
115 38677958559273318072613
116 57143192895096110637758
117 84378637934363438544107
118 124528863525608571200773
119 183687438179395978431780
120 270809050935394220684496
121 399046495667133742602365
122 587709506477108578672123
123 865133355720111304255618
124 1272877830626152118249233
125 1871870807232083940956676
126 2751392967740170626383067
127 4042211747135431410804100
128 5935772232997601182977146
129 8712226089921089726346424
130 12781351052108319772510893
131 18742263861695523017997636
132 27470521179261293975313992
133 40245116924292668719305953
134 58933573503926170497031726
135 86261590251013041753361337
136 126205717644214866150148751
137 184564955450961922187709821
138 269792467990232191494154166
139 394205305794428963314251220
140 575743238692966425390879696
141 840524948650383268168145204
142 1226561618752007145314235474
143 1789149886801663410965475805
144 2608700615282855199536451569
145 3802099346549998379535586403
146 5539185445706797263637608660
147 8066647346483012466022444291
148 11742658547219062572651928379
149 17087063823873379761482577549
150 24854070623751718918306690710
151 36137499677703112843484139370
152 52523123807738923396450401442
153 76309083342268950839793790469
154 110824687396027658921335198503
155 160891355569522749245657844502
156 233488842981918808553334622455
157 338717840677132335919930724885
158 491190320060798853443697471421
159 712037012518387089801431130758
160 1031804975552821458741061917533
161 1494638496074460791206556353481
162 2164309717878288328708839724800
163 3132914481824991405851117239825
164 4533407151573741137915725376939
165 6557663359756309522664410172367
166 9482500110012525133704065061733
167 13707146747904767727564058713849
168 19807188895065373853722329921944
169 28612202630542934990161227844880
170 41317447756601690341402185396907
171 59644512201789330780355568836774
172 86072289555919186417084583759952
173 124168980796880541926030754545466
174 179069160122211874048583768408562
175 258159080979585344568434112077403
176 372060823026793862494757484934280
177 536045172521197104824995420062500
178 772059406580814488346394178207354
179 1111636736266001528182243048939225
180 1600069520020232060042208458847048
181 2302393445509316092615073361708768
182 3311966066965220190222535439856156
183 4762760907086273152770454578715704
184 6846981387483205592613170735557547
185 9840289388003059139195713228905304
186 14137930102300006317973361409274241
187 20306444839016135504468036635412182
188 29157677383473675411111325892310734
189 41854655441291617821192989835142648
190 60063034340430161366394984401826907
191 86167649874202918683919175525628558
192 123582088116484126964965883838399151
193 177191106796307296100360313068469699
194 253982751742733758105524138575099809
195 363951262356609747115064694315893170
196 521386426268789202400497500870833597
197 746714300954654046865456766575485132
198 1069124395549902733174365773888378303
199 1530318357399095979609727864776847348
200 2189857533478214131420218515855202838
201 3132789391081401852353781257038690694
202 4480521151979730267782361311784069871
203 6406319314674248759562440126438470856
204 9157397440528431620649940230530229923
205 13086384722176126750361935865229200452
206 18696148200864638295729241484739388978
207 26703619389544534621045490843049620120
208 38130660646602703667402421724145321862
209 54433394776786902636607749688836398644
210 77686234213508345259258870736058420576
211 110843681279088826060040272676919625946
212 158112675875028022809386709554277162202
213 225482043168991933207125247170205259977
214 321475144918107281174439144291852388350
215 458219578403158565083713187326933913204
216 652967117765857051394474455277558710330
217 930252900649857568292587769420788262094
218 1324961993354955598126049824566539724291
219 1886683641390420983225520441690387093627
220 2685892492170939058262897431659060749597
221 3822721343207419657223861146779517952812
222 5439409090315093674756617393849943526554
223 7737959530125130111939325080091665961849
224 11005186682195992253660034481756006229343
225 15648228365439577525557254360468302026960
226 22244892216886431167774091276692110789354
227 31615013138429190777114408573986763356502
228 44921568724652646041352599745804840177470
229 63813931034127221672676681472094128045828
230 90630769151220433617656236505342793709819
231 128687378877041973132260354392916475489629
232 182682481296914389775665740254463578729301
233 259274040123836363280574588228385686345109
234 367894147901800996316974923256791554113311
235 521901992162784864397687575822729022691698
236 740214818003691002344121391326924814852331
237 1049614567668721293837907075931101078914971
238 1488009432151915173380001794933791443366771
239 2109044669356586514410743321268879651767131
240 2988619509487675453508965273613089936606910
241 4234096207945365229334524016754278842309657
242 5997310698308080166880415233936739377765391
243 8492950422599719943248944809570085647693537
244 12024508124045288248128669458306097431552431
245 17020927234347692772882741399501836955478413
246 24088332783414826014619786251461100910101237
247 34083043300741573456971662041818195155194038
248 48214597652155950738767768684651206723635016
249 68191106920730965580944184387175870963928804
250 96424278520940583422772598317914852098275381
251 136318553178981027685806144355140501362780053
252 192678782818868888301738740561107711796948345
253 272284936770276968219986754026526498502574926
254 384702111512647876947668462089534650910734915
255 543421964180635173869290216053979623023626358
256 767470865700117059991534933570703078982738356
257 1083675176089701444097563407793212423804942438
258 1529851546249738458332682975736163497052150434
259 2159299128668089181686870895206967130900291286
260 3047123789477241608836414358339911351495882341
261 4299139769653455034298652175427067407886348341
262 6064396896346193034066673914063369900905105570
263 8552806707004290586169810918054297328239185914
264 12059938281644217470928765968354166153626756567
265 17001893736706956209644320641123151254380653660
266 23964351810772250646068170034508226993634772570
267 33771522679300465504806255827310834190242895245
268 47583080108934172631308126480975712284821976477
269 67030397611681871052999415821493324914008875186
270 94407990998186341343754084825891530722625234579
271 132942490035620732195224062997173001712798078982
272 187170468802844428741972591533254403520426012353
273 263469097683545734057455106443553292288778362161
274 370801296820694880803835539431830190883810305192
275 521761912570539359406589835615073479414517590854
276 734046264332719838240399367446888680473193821715
277 1032511223497932654607852693397969523566688503765
278 1452067396331103173374107200142413214881546515271
279 2041736838583639097010478934622099063838808586840
280 2870345020130571656150334599711118300400326229497
281 4034503862219106085748440972886158854317149391944
282 5669806108696037875688140246522838413627408890269
283 7966520175561777359801653805052386564678533755689
284 11191591070166314933770368699179344332279277358980
285 15719475893204842789647157290521513211966631852439
286 22075354215896933217790992916344595227588829753889
287 30995669448698667579463254355393430802455448739639
288 43512938216021487178487489381450539563358611755966
289 61074535803532092377204728486897736589134353199610
290 85709041507475124059938305883572309144265788454555
291 120259147723663401681379524946854686855729223166292
292 168707714938540750229451793678232317678373892986532
293 236634149207112614425905123485456506978234655995132
294 331853087249132146824690541298914514095899158693481
295 465308069938940744520223958517761800314318155151409
296 652321803552493773904618787925959506873333929977644
297 914345010531927269788007727722736100263645448809976
298 1281402309233322168626180567164364742072853781258728
299 1795512387128322797378100000521823475531512998518020
300 2515469807609683527864887236085465678512392906734795
301 3523529482711149693787528561221176449303077298514845
302 4934749402337950709082582272138763890194241306372705
303 6910046693733580478958191873993881147230059209830139
304 9674440043434663069151000642447666831418506746723889
305 13542534728082074942677588219102910139760241219521580
306 18954120186997655951416833691791165593949780016250318
307 26523885134503747122792775202276171263373971733451768
308 37110838349357840740057045890298731747244947959149483
309 51915231042310604597685808091547343759760057715676255
310 72613855075968653597416143445242897098797431401624551
311 101548882972760895456171137712887685816428890069984195
312 141991397908947050975884890014012575795933072790542265
313 198509099499437708001895091792171478860979742541262780
314 277479289773620057980921442081099918510508226033178494
315 387804432082944776032727567042364393288965148199995390
316 541910127821021811453491847576927499427887561698060396
317 757136768889837852877184828757100662792911086343222428
318 1057679873006473253813658484395966612973928518083927470
319 1477295029904323083828549531547067776648228151154204740
320 2063068207095438705539688334507192927928808557240784093
321 2880670243213324244693887658357305712353485023756729630
322 4021678712606664505399654870630834892074606032783923354
323 5613779080402683129624849557071409355802672758326784017
324 7834975355986816692697222315553656317417854078186905200
325 10933383293667189142394764551480647932887039914193216160
326 15254795235169265674107536121865613461314188725269515652
327 21281062564058324199711686963487208380733257474825366207
328 29683533428101623659291923609616928293929901507670102570
329 41397440473639676265007042503182296527224359569111045296
330 57725437265943243561610917693738991076263815064643125653
331 80481684893326299755091482431180691146356497886975068857
332 112192342068241024273688752907746769609237758728496811462
333 156374499062501405692354430785614375918249352247010420384
334 217924193214789572250095391364759356047687944783105946809
335 303656088951451560232826448658630245344665697797934515177
336 423053999641923237324867401933951052093698427577218529455
337 589314478556651425792197498279079647549966395400496161159
338 820797718753695202586664117996333621142052393648000157431
339 1143044455902444510798734555297015271242367886517222332230
340 1591579291028443008078977990887894658377521037281730644824
341 2215806538807409663422492716673076353188050121409722445642
342 3084423650909516205840017058040091145616364396837763095264
343 4292942347318979754968715062790090968728026385482228183461
344 5974136679352714149584322029098564574771139877617713501519
345 8312555121955717529564962090069060172655284708444307218856
346 11564674799509551388022711147763495674010641117349262007486
347 16086887706265943637372558813687692122436467740468642641629
348 22374357290901058698795626681356314209760192529420612390126
349 31114960505630404769247201178415028540788093192260151755844
350 43264162127261067459994639947170838953986511224512047591888
351 60148930463228517104149144758093594038267722823077973691463
352 83611939762778795755442992975385552966225078304372740001743
353 116211651784194587778312036631385292302808649482704590893620
354 161499893806888135730335265980953614494014418689509985162010
355 224406899347577035590154105206928583117541574568491236834027
356 311775346033231694320963955806433775826902344123722224819646
357 433100951758053049729896399687282510667983839968586141622066
358 601559390954788107556760398076043129146248779363374566899540
359 835430042140331942170821884911376676683182146789246542910324
360 1160069662279745479404195209710639174569245503448852271936243
361 1610648050788446290264748955921982648128531817854636459010656
362 2235939408795129016390645808277178619376927108999240434054676
363 3103576123392491868094539930454144101931697721339557452388425
364 4307328154866012153549646950469721005387496220365589844007559
365 5977187734401336267353240717181691723872720226327689748289463
366 8293338727017126742365955785910558622979354236254137644687962
367 11505504634720912309083942759899681032310697046114957406637296
368 15959742852897204392037691700468519829194323027813404560549861
369 22135546340015311639008352495040477041189895196602348527607594
370 30697211488307516968630944095017319693513737826057407480338050
371 42564949029349774867133058754722709414416070729648152573780904
372 59013314052320070648230228523991292128465970311614441729467585
373 81807433823449602411846510624997968136492441320212313526447847
374 113391525037405142175242116574855251895594964965392695173231054
375 157149739478939043139111683966642678160988839342546208270399116
376 217767044618956001196679427976416708650575915684540886176609507
377 301728442501624488530951501901880081853552415149398660151371665
378 418009473769636665392175658764084242615520184455265782098797536
379 579031186762280266018534610473811049520816470978764615709089200
380 801980704650568068989625591711514359093040341700540630400412724
381 1110637137586569087682662735550048236640180701103770078029768262
382 1537895921620452136748262815051102012074383215621994140134076373
383 2129258325112612334339601819251750107188717992335150742457414309
384 2947654579691053459522843867549029791735005553659865392579568629
385 4080109537581741331575367676056909329072223773441715262688218826
386 5646953653942546419401185982144464369372277244182413040209106849
387 7814549754367390047471414197183336147614324601095279350580890733
388 10812875494349330482585090859003547014317246215464555128956999859
389 14959811297521401630566815879323874659845470908984059037706144145
390 20694687174389177680591603153084077380699601020791375285067085437
391 28624612675014947797839652761287677175120948589460947137210683695
392 39588453664677209910785966356606303434879161662080131448493993551
393 54745167355963586480347737760519721917840888090268574407070329179
394 75695755698921086201955967164326332426925897254644612525396979987
395 104651612318446208515645974005251306661207751945521157051892112104
396 144666885607624468700197421650217125723592185299012501099756797064
397 199959164591576603614888894718822925185522949689491049663411193143
398 276352009592084162873582201744672447994696052160062741017727475867
399 381885553857745872216708954336194921491326446027258926964709750070
400 527658913988455496355993531489954416740873552162910837768969359637
401 728992282804015351784140180461822817107203060770934810051417850941
402 1007029840371369439528702462848057781921481352574949853763745778262
403 1390950453029209342258253341466360133819349791733618166988128635515
404 1921016281421366436973900114094981472406602038958406613842065514306
405 2652776420059778087126181044621892939692915966088246033924971362404
406 3662862537389266488016826649124650462614419549655175712339992774108
407 5056978558588533147918078897772452853056171417872256469787301780630
408 6980913776342058140324822929222317791135654101927947573129235386248
409 9635721843680214082574350253094769909697124401711098172118605306711
410 13298639176890351235077598636886022496558829613084277418807528661851
411 18351909791820495765448650240491583361922835711039315307135629316181
412 25322500624446321205494320698231428639530965450057834991866109140539
413 34936816017636880505880153594394996359713915881340121501178247367485
414 48196067937004247399243472257753163731035290435232265898673636838490
415 66480088673283915469784265989303456709489676240476228343901800772662
416 91690304055537548190834984188324135403689163706331568532483373151457
417 126446618363991429052734169406544266324319942653790214125474276888598
418 174358510830099352804950788936003610223324696449931972795137053441986
419 240398276538551592119968987665921737898943483031076534862020625039163
420 331414843498426773898816361637665176488808375944459392031004440101087
421 456841037273091280703404882898482817316038762531969809412881916717910
422 629667021888037276625361495015125254234696882080621768650009732026897
423 867779950669071585038891841354708162078402999996433951117088789103112
424 1195807402609747637948977518974136698003987822215785825349933093311809
425 1647653791544072767154089585394635807649997789169653560155804429377198
426 2269989882525358157898105095554440613066463314944336264656875813174500
427 3127053066152568970667990197006394803821310350540753139510479306551712
428 4307250063519279907306662909792890899015251811160366091739150614348000
429 5932237909332593414347689276934045605849976828378053871975947416304588
430 8169412130949953761503296223404460544231481147308922942782836827588655
431 11249078743649082605307827751149556527423714020048957558279024581216738
432 15488064355961407431538339757674820804342047982549201353279720816817080
433 21322174840670594371723463749153101025700996855021891585774148168325942
434 29350814281280626404898214651266046614189139255528990824277235003407879
435 40398313675083066226491271384895215716046390438695609696265183563932289
436 55598218644837814422136004975556157494213339513400877901238412077033787
437 76509119392136254972275637379603769907418234926970910390166064759766459
438 105273810633486589576386749966941391916098314765878253227788173506389444
439 144837968550164137813513915743715898354078420938428661428802436195292494
440 199250570728913477825546970267166899369301466093438679481459563132224412
441 274076573975250159212456182341321771060394680595004459278818544815561652
442 376963740910145831421858401451109490472825268236277715535083321485237395
443 518421117662845957774749783633996672186930910448415760444595445353819835
444 712888086523022839022472188743052041215336466750141125318032889571552322
445 980202308647400979474390540712702898187488001078465214601114182241435474
446 1347615193973562612653490059001092981274647032052281191642225241740405967
447 1852558848300780777758503030021784050193946652079766830473382540012294821
448 2546444316949206786385611226902200053776996214995498126737441440807037901
449 3499875000265720307750219267151970795900893300018259772982136181543071326
450 4809801816440367840476542484153970201024147527340437507076512302421319252
451 6609342364722346098143575495783026646016527752078370583263946315723470304
452 9081254639509813397829430001953730444322759623406463973211012325791810025
453 12476423678621159594441015807040933323032456453162689868210036117272886829
454 17139223776183576435649957064009208197905455376946710428838328714418745783
455 23542310077272561554478710814102280913649349028362971181283532514341324515
456 32334340712610188517419770159487451823353418731160752771454181597413732950
457 44405428936441427201215789305616614882109147785742902229955692066223738085
458 60976903854785392614161541227929527436951460739048827794101043765434678090
459 83724396115308205805071664013295773486497565597651640774970244086834013953
460 114946604909199897626329474821500394561078846153136439489312911285527947058
461 157796678276093361656040186391886354176624640859086133343594002983816627531
462 216599406570524344388764449080886165384523293451902664558298988181513721693
463 297286014091570717834326892103536185312646702341198515437279982275487080950
464 407990091925122543431279222233451296960058047811589112641482219951089737508
465 559864317164251416110995754604915725974789871951136901691937833641814250290
466 768199652771344342658727636713541916587651237643266108869809191948181446542
467 1053958912057275147998571192885692288214341934025788166446356416751342035478
468 1445877903850956847918791822394677800432540811467953073715489916172580496057
469 1983343956184909523549140132968574077177180000790112126129851219079756233208
470 2720339067119372129861654574076989764098713527808012229909271268064289110864
471 3730840938693539205967780805457386920982069378574696621284412389669618630786
472 5116220229793879992716181152799360628972564341781141549317818993418227704430
473 7015370899476993016727233512459005590723080661361930817434473173646413822576
474 9618582175871944062821272803983836184206500569320159253146360850501067493091
475 13186532379486225964223630957053034050231312125848737781626715303000325176726
476 18076293340463270108239503643900007634293319468955259259789592689627445211511
477 24776929776097835420223554184279150492804259353392941362462610896420842450252
478 33958229505856669450591539989803268629571158553755546838534141436454063938647
479 46537401786938177315379393147931556046132209358569496434757674059452886966074
480 63770360861657993357823194165894858996138755291765567547253164892924689386569
481 87376645666477006434125434610569776074181170675614281979858052502643404762445
482 119710354620721835690208187451923068386712274480612931772647369044356733223350
483 163994024553839891867077995392628484850503425492290835516158751996597211512160
484 224638603432001507987807041474902565080275187721138346310416026152696509568975
485 307681170128779436122941003029223481733755180984219672117349096440552055621263
486 421383677898280649438883056436881060378914272094080321018087239979593169529434
487 577051884685474811636826673358811544001529466364624196526938257827629686824309
488 790155344604945299103328594793582247324265481776761663989647333771862115719807
489 1081859003878753902205465991964735051105143983024001192159269711919606251520873
490 1481117484486895847791747989493056726322461093353734021795182380842474682020441
491 2027538528219493391595877579908089178916553914980998456324899454744487091490739
492 2775297745467551006900413894906711770215589990339109300841552210318397614339817
493 3798490184914703138148968116765368657390334441929079356097840677262515863831693
494 5198445440071759122453509260319170315728447318401657858628243183220801499790276
495 7113725862651278508629811556632899521502696793750266098648139663601015180201679
496 9733790835056955918889140638362487869373382914707392695957015160914135390519169
497 13317669726921965402612039786763781817698144736217448312813385709116051735045708
498 18219477285013320787290476061428532839723876466376688289521831999949747550008700
499 24923275767678057811917588143280223105570232716591025210531029223710991326957152
500 34090703616496371089904537917048275444615510146025318863826130157082988420713187
501 46626040209529381974376888000224465849095437108312404710062506173108880365702197
502 63765082171560375437284716092213377141996217103419224684944645525097493348125454
503 87196535144734578123409797760377692065675843600106508142374072654350992648557311
504 119227802732664180442440313925584387013779818347735100475548944001126972353767580
505 163011391004807253845228557828575521088399740710122089771514339620071381391395125
506 222854064601098152882061955442890007872856635719680073735623600060499347786738576
507 304638964802033804748820789521774615990325404471409522321350826828904608106227273
508 416401916008053191440215912640424345781585791346629978193508270257745387924799596
509 569118175444810033843423189521245891745601641297714711815756851019423816832597151
510 777776381253443253747795395648253221615397151005466960678983376982022192036911102
511 1062844416534080800432797900067303378802201690734444978104497969339174760868326449
512 1452270044430825134992548434605422142962358885870338762263649677122709693535555125
513 1984211180296698881921147306980984666572153122917239353237462763151230349331104710
514 2710761592359726276535974918629483736796174999067765790665972575221537034486335423
515 3703034532722426507671467703458450196300566016129064123826202775326075056157453972
516 5058098659441158527603449279965358320471143763064745528312453334106263107158153021
517 6908440377678307336517913171725739588285390090490135162535428671576728861537401512
518 9434871790231456419508322683841292512627308537319036783205723056558058617085584919
519 12884137494648075633187926782801483430833729749463172026490651506725765556920766475
520 17592928770190066862001493772400019971271545613219320838659702639514238308072009357
521 24020634230410413432343477498107862059357348114506492955434734735540755169260130428
522 32794001667475631051186119453771812011270055391457276672354336978941512958787227022
523 44768038159165717588431008320348495522755593561734004063437062469477865366216630137
524 61109045653234561270890636004635368401254250273380847250300228648113620248523229774
525 83407828495246456578862103302626563189606098040034871707883559138351760247981700383
526 113834023770132102540514360675790150687509831784717520465227693185624601885295482237
527 155346475444828583193265956947253496514621808095460240727064086252343666050541804679
528 211979981123335932155345418376766890991718609736236608569964404611678285207027065098
529 289236105815397097747504029704517281892885518868391332552049555391991226366886035660
530 394615788446291322074465500588006349792783973456165325353940232597408213889439240439
531 538345127602548064883830661302869416951127081553094459638347727539949215852592263662
532 734364334930518257996510005356092584270672638068542026474856809969795804206836338359
533 1001675172938294491588047536380500623200434655417763235533550117763744398981924471652
534 1366176678262598302951856512273541583452081160896662234519854639320236715635414311655
535 1863165917907290357361955947164761627362546051816820353415670822936230340585518151150
536 2540744433214953378479682989648271958441901949782816440007781977241674583388643051289
537 3464458015261762390889460192681107678417972296858910785918061858987823812232522633801
538 4723615853333432996684240668448411366501318385376780725759850535603157110419437856077
539 6439896233565750243839529566921321699595110239860844204901685603405091972192713536382
540 8779065247552046069763983408072780366834025698814902641823065951706932945735310225428
541 11966933360848108792813115691957511915387950096778983998424517884169582190451564464847
542 16311080696167758888225860974195577735624464522800884736056657920654078735760715972479
543 22230434274822988909293202810562644912854502002763956786417274144623196848048026944224
544 30295531953618970571224043652994291246692924557007354754255442532518103494251123628667
545 41283330081240366186442235343900421498742823595168153273297786604415648141055615956870
546 56251802450190493415777287728140170713517776371814456480069196957898983528887970556761
547 76641469456932925005583425247701843788047827734863413363466513703578875369913348251088
548 104413568658986301244273907000506530368094736589454616028892572801782272494836536966114
549 142238076028750072301669273057017126421292417573733871083910897455013746682379478739966
550 193749544026004921054056186528299068062690983928027110314794082820953679492597753313884
551 263895190575600196888134275739954181410572953009319507083241922505734173452265783611194
552 359408467023652286552829004777396363110096199025816685618822645118538380459640713727240
553 489453288749517076047668744337239538558371965376673476643783565724202345716990070218175
554 666500364785046703441057504021524826272130409067196765685283123581763833937742024687557
555 907519155340990093485461770146701977775181252862526173911089103531837898713932865660706
556 1235599014702642654692933688969975715620312685318316321759802317768023978632983260678965
557 1682153889257240311803948255315561864930088431989315998092833112611031080012535796460634
558 2289920404965132082061518977096707716277698439975569681325289658559830361032150647699160
559 3117034550207597432860707489062729842598247497879772396768965713465738812647956423553937
560 4242574576044811725668142102737165628929230956079370072416884445315288010863381627320066
561 5774096890240940826198233343233605646453847318670845772332749369224623742645626176759560
562 7857880778658679376000151554410718111968740743598701995300912357053767395623935650267252
563 10692854624968680461767953278111878913689664429247560389706817588323188046949346524071029
564 14549525191851846397855538772975056402424692100051057010896535992145481849917678211834263
565 19795705433507430931270253385370581277643245745197463513809781436840530204370568740963550
566 26931479978439122932273437021269573532406110474760928915438197282170539126752974803999307
567 36636721601967053799572937440941159087637952467951493272621666115960796854328998588809817
568 49835659164649173676627865033047625414223597981912063316252605115789970733065732032087795
569 67784609561852384211103388746608610710284478811568282870532276137862115011205543513314299
570 92191175139746062056950068633941960584409014232654361184332148551074941696126177006434007
571 125376179979140449487110809865544161944393966787656985999242959685308468759404846303612006
572 170493653255727118879218093237545447372966331603895516298272503986813458919878154662247390
573 231829645273321681799601451429076498985364517445851499844916109676825811290487177141170032
574 315208096975845309850851069929395200323811302098799197938747396441427437628338827990859248
575 428542075851632216897755342986561626001554974213486108219171411718834430756249778126630355
576 582582388591528665692030156390669720899374941698816217073173156608350973502458101231962235
577 791934170313659411730321899152943305436039271466417608868899539266267454646446043109666907
578 1076437276998759508986529936630496798310532172908325449868490057391301187227056810836182410
579 1463040539450535908766515537710558630139149491419240591910481630802904962572722042419605239
580 1988346384646989398185327483223865869493946366011298179138299667104692596391227580291474968
581 2702065348687797914154972527307366914711120259055025201547883937136914921144910491858732990
582 3671705500508684094322006355062871323957725038111626361275136435678268071308752359347442432
583 4988937775681165482301806164401266259321935428230692534407248266540186503734027015105856119
584 6778235544114823296154929046402719946033777566246331775713866309911957144291381839745382472
585 9208600127760110383489706661342094252926555564306963744250930551974181513282529238380906782
586 12509473405893121404112512425242156550712875892054510286355806527337005569203978750813274117
587 16992331157255382447243950496456402848301948130255331783606177857225029163591245453195558372
588 23079983073366350627831590405227653129655606123970349224364686972801725403800362314258155615
589 31346327158959528905650106930047682714437786695238230143178690231419162156285823657272258623
590 42570284907904846100041658991476219497508758418483089837994393245397754187012077220410921970
591 57808970545085329778464094261415603736677297748855276352285424260720858347474344108272809111
592 78496946539099116309299155099122771055460991723204303113440336193096072770835440951413713719
593 106580856256267709248968620892481151549298108136462645618551492052771727400880582674369516311
594 144702030332295111112488839848382733601702993645156244282631574062819957757934337511561966612
595 196444144043644530614889284156670072396116338020979595962956440090689917634054104633663675141
596 266669075900201575817228411785129992398434805968275783499862217071148686028472936960903739274
597 361972348098303709453179644729678578804186211252313013174430459076233521739657631138856258161
598 491300683077100202429450098080440647384950939351855150470872646352711910734385312274161234111
599 666789324408897114388823518205921272925641932392728977989380246576774503710090066259876217035
600 904897249476812109022262026265635300072096592335563490009597977754120113558174299395964379540
601 1227946148549788518265015751577327679004595581692796686572447488593229341151093224392415058130
602 1666206636756645636957532028165384524301667612572853452390549612027349953157322105250619319645
603 2260726091582691027522477762440350138062846681829416625178706307990085238130283866884518095819
604 3067161494012964586220526605654044329640422146150903025917791685422145465472232499189367751115
605 4160974094254630304748862464296739270822333867809926171873986176142505747955464451184341318405
606 5644469285414679834023751486134057407771329742485851413312214790003514379148298097051522024306
607 7656336477967826514120951577089667549944167950229789197203576040624119655838949956656546764777
608 10384575900235769963819161743733649477443632807616583828095657862111551281899499516237051669878
609 14084013595974201467502875511561330625800113173089188878540274830385235706670926480279722917057
610 19100031538490608169865258091746801651663932463613336758034407953387815514853145493874492227454
611 25900716102832363082080509966961099672392085820135153540079965534241744118479764287341143444477
612 35120408418328129293902066627103438068637497685999433528617084764077333570445401129443726218442
613 47618696473667013379815460169404411494883834146311216695926403047003913650764294483738826866281
614 64560318846783894817246964773604479067879856033630623097871496518120999246789873899984928311712
615 87523385621548071525963715111695559266011564622386093611711750741960464788477004774944631527901
616 118645942087086084536620079776247954923044181084108228104926855895103699180172959523666991240628
617 160824446904154352557873847820938399133928693706012573656660899682102971410377443910193264339437
618 217982535567665245530810893613486749970053265541704139549422648641069490991693686800283073064242
619 295434934554626103584285907243587010585829463668812662570785426872484084314483507052618750464793
620 400380179896580777307388093400998400312373975099776021411250947167352415492026434070663534215067
621 542567685416604500886952117775906775189373788372818570591328320705264150509685808769431645966824
622 735200795195581648602598780254426544709055510812432136771485330910434968444279294993595669362221
623 996159222445700406298470285510822052299819265204953233503114092706001918124008444862488424555111
624 1349653724963197256462743269795132744819361602723473314476078870378296164763013718302313660592494
625 1828465703044641801806419587760004563816754041095819708396933293508109200835482985510699662350167
626 2476978289955260614000387104511466857257853365689904227754162560503122912120046962729902568816612
627 3355278387398436807744135572637581520322255423842449629257851814768877946098335904137466698989607
628 4544707670876814173812588533874749196873044729471762265699301851394488769211014307714605537982547
629 6155373899234842382003302087107040407813087939401144501605662983658253281564746362587075356638538
630 8336314138817107372337767805545565550245900566871064551961214443689926627386572065754559231267914
631 11289245287042013922871466862846431407524469161978912002498877836252415901560628542004187182909330
632 15287166897600632686051021847885140676940590323662989261421428131633023327908306744344022593587014
633 20699526970500120159741099662601731078000862034139595841267518354787384762430887272788954524187778
634 28026263890323474474177174468168498436830641830865017669474737843564308479075595664030081891030903
635 37943852233434795029912180568616804570330945878173361223899944662980740097797200372445141943048585
636 51367581255273575844090452161788034319077883087053861483477361651098636376979162090363268795584653
637 69535783227383644645510649468564802652386318082165723836848297422464577120460657331352291870953501
638 94123740501026774685719836321851694921819341796002750625624668059386288760905843192817696636305823
639 127397719083335232497838479720342595955785429182500369670410072506854538864781011234725391945729726
640 172423251004387360577599123712813947642592556237831849382706348725267550882503076805085550431947060
641 233346753366098748795302596992723570624886763647969186494537082738705516909585126836372889782858733
642 315776281942620303772264390461488636337379201549158488606290840221435938750961056276735200307034218
643 427296283758436531518348364374572290307988980673516333035627336677091211081916027692016168674722144
644 578163463083373799845081367835748335591172883753202455325083722329720420944857920703848591893126747
645 782247425502221553531770544564401896591052549072204089370631739766917044435961141085024840339607617
646 1058302123283747901893927603521600338389894864630032660838815633349394150985309396418136256871710094
647 1431684328776246118012447502823329187855514853272201573245938646834793584958768824716933324871501115
648 1936676161019426329322812466416592047133488935208225169729909763285240848264437062604613587011866386
649 2619623797347029210044388332991972288415324123848248482790952687552023482076527049968603703224923484
650 3543178929770761771534528144007515978268739457546860363568060736573447411868136183514023013162934577
651 4792030043671286138064220611492619235587693443070479138363561166123505783634058376958909905397234341
652 6480646340838997673938065280719877908287010687624063848720002691848345179392367191207625863899588702
653 8763740434324144997066467336404741123616371096733714170367797629966513679669707571647225069519763347
654 11850403457685141912971043406138829958611664256168775516286091275986708496768401176632570605348498885
655 16023200427571529080510295488506359874467744069482567038384624744118011297979375737209293867800091113
656 21663964904919118405856003415498484265043629042393972107489339447682557743809896556525609117847516587
657 29288641147279517966267498378438104955931602118218513903291550948408532368204875708423546661348501673
658 39594344268902654712669280272215561457209413862969521073335615378093959439694321281032401092880707411
659 53522918962151410098496247445746273271672440552642907015694943494010162023224810736304646161741764921
660 72346775657362181026247814259425604372568644494862792515183452624327267765200722757780777240320762243
661 97784805307425420645642376673561182869993416249995458574006579282691437064053553694000588987000987455
662 132158903359123166752480782248477138477769369069514134030740081836032908805469193807367915881951735280
663 178605316908116299172112905903870098481448180197805938604914600333572040399419723036656745921796157104
664 241359999723394204704410566968302651796049939768725753706632746921823031599471739435448611013974673028
665 326143867226144469170190736519901189799096295656394810160237631321489045928845993636611760033424361772
666 440682893865612962065251415692996036746115688083397443700993201084960985070528289168386283802515204821
667 595410206339217665321996181958717953012714225086755839406922448549247081292468848087749389578362228676
668 804413800563561911232868814547955384679128040402432338474773034668894252870166284367442599689205325559
669 1086715735473824785031602709416470155498241486355770280156477820506043940534870102250254516081142887411
670 1467998638221759847970798796262875630049745574404948700027258891596996641277541605187740320012379683488
671 1982935797624351856475057920696554982340415795621638978787948140509987459874212631843194634838879296345
672 2678335672413210273055016034671633301532538676669062541789024060326030541166596837542265053283322750186
673 3617385214670260909892892696923424969938959272417193950481191840431184665317488333953050109288062725382
674 4885375635600847109216538096027997910796008828973181103278819260541662004998660241301336063019354244733
675 6597428057000905191352922362216635316688473429227092690678959943088880654446513821040752453631669944792
676 8908916944344214406312112739184818987320028453616497440760535362656088625955671540719028345824141114279
677 12029532545343411680283045413326646642676876887246604685818628320540363555464531463860233421191826871317
678 16242251649670295078221842866384339720669983503056113472869187037904271792379973732842698547905520654840
679 21928928343125541255471500890349292223007257889130026968018047389599732732140223118300615404569201085269
680 29604812813900485888449420772942021561551190839990618774898905098216811558068979327214874408390398326924
681 39965110264208344977952303132093797126031899228391760269426515936854543900824993111320536856371835624042
682 53947775797400002069681391085529831215416074322250392592850228374283446455496263795589157844862367306220
683 72818202092406990821225330925037873613736358160740191617461101374608818553104581663858533192189008721426
684 98283425854263545323499068715485905028420342561828058863399345837292352910757868865532748209760957726514
685 132646133093884290620332731755867294560273789361197550459473934883027760190032777402372716724019367908724
686 179012320242305107403974293779011869456302099875235687340384572181368952611228277704208750181602782828926
687 241571288578590316971723036327944572115174404812503181571926828068571748832118059636156763566216418590391
688 325973145381403126896706535865088053449825075567155895502111229010666391551442775943845804918366207416438
689 439837738439287628113793383276781963619402151582661780753595465145712395053497698826064450653958606104668
690 593440744793149966275379922788160607408670629678155940646870760942650541338427919971550442358080317568620
691 800638525424585790128531014669012381451777943900120089232075869107072130973171752376326775300680974340737
692 1080114766733000051295051918078909370389569382899281680931812977698083967565487668974478786394172551782867
693 1457060771711632883461942421469566282206310427345900961657775854166811744839291652219897445418466733869062
694 1965440117133446497424175895699205645153537051154849794026767987463929114105958161048891555933777221060153
695 2651040729839352203994112863545938305982215451491147184495489467058000609490766570920698800433103672572963
696 3575587930551036819948338447496010826175210761836356307476008342961198532329728902927235585590275140741253
697 4822286942344161410491253317404322641968637978658400022851928606375160875848093753623276106437317499283082
698 6503291238162033324228742784193037387185608057385344430838330923531308084890408298964982381015340473786584
699 8769765317529177095766508981515661871897986125986147321089969231657442343440282179847362965937254651279558
700 11825442417252933432039937455676100166959892540623043817372799928012304249040053054980400818623209660720827
701 15944889951505957044103133608512223171284168223515681484216657904895898235845431490109896277557916140168890
702 21498115976011760945429072247525967539508199450851697932131765041672199320948538016724747827888160063795208
703 28983716141705123876382234655013306402060884773237056161027466280906160588443274320944495172923617536900238
704 39073522866684092498685540238606251307601663635473219629125568478776433826275280661104366428452352897590618
705 52672744670778228178582321977361847826879208289684218573501070244279587906742037474933105490785266801046628
706 71000965107336505224432337827598677183183491180945027345080573838201023216171821273634203502833888930354839
707 95701230384116312488230571641241408067872003798632784626467025789449500066394219446027332070080603879284211
708 128986957955396297359996209861471581575311298210358037096093344350186823655481656479603316468652170542103295
709 173839767597775732237003003098830781066372386693786937071669230999534496414446908334272003405990164302900190
710 234275871129199752988419029060181243690974653016245310608542194785904849010187837327703931904836805491461779
711 315704759774714093562386731944284721139503065759740294146709245638041808843038175235217413946255499244387121
712 425412141092474652254389669302619996159868909938987777183526932096151983278911278503941255801286884944685346
713 573210129298529002920742668373425698863705176493323691260140413905825278808628945007955096924292940792960922
714 772312564333088776863790331603635261618028206586031751814132750603260771508879880653334298697456553266070410
715 1040513345053610786220337062951575921465011491921400555929985389786616098677578777551577381603023612033147783
716 1401772584559542243508318627310968886615259987060373275957315519503084732959005884981561988970480556124446360
717 1888351616854079926580446066372432890165398629409321106504006870695525765453501007168003868725655419236183008
718 2543686612726591779591495537550997058243808494716580759773581748146266270152392728649255978006475364713630321
719 3426256114253618563660285868098264453362492933362506469880366365525687300503292820158580096894973851195625528
720 4614785974692147523211940498955347127308387570422192892224916597730385941556453868261390737058581311460150832
721 6215253796903548787205393623242690408826551538474476327510416329063074637464200146396598618840704885879336008
722 8370314490830514203062988705869370285552885424784060436668409770865571017708416893179495076915578280953071795
723 11271983125704678270019103167426514211522267136270650683244316030500445041813369385233654734940489732467943602
724 15178699801392229815642321811185451158107126715386147156055489870075334416891583821282143935440382024961632346
725 20438289302769736769252616555434352560074878044790168869322272845052520054374005704500295192888694747413585277
726 27518850107242239715720709499631073328134274471737576458278430607482769634611762119442551751002321670127072287
727 37050308963370150107249075141218598900714185557350413687248661513531521731924105437809416417643682405232928888
728 49880320680155825837607781558594011614438024729997535485228586531837937531899411892375157656279156589334313617
729 67149461204148145448470794009819477078844951257502915328699433221050220120727655398258716827882255532033174318
730 90392367394321617977187880726711550685340763474125862337547862550939186118157901055792621471600361685275441397
731 121673769492351865519251111723531215264962202949520751148101412940645113213014582133045208711949630585353957173
732 163771444193183394203186369342326291870655520902624144648976387354710816974652805186813858599752526329226574869
733 220422258983244358958985036682655229981733821647204262250797743687038010234088502463307621497877850793127101520
734 296653046902866131078293284395606717237306410787793797655891324166542318705913013562109848598468231603237581584
735 399225535369862772938316128178002265290663962515560175370897842639162157848513734734768177953439522467437859899
736 537234611888410212560577151491497963529593784928444675825668312928796770411032337471887873081339818785901153210
737 722912728360122021512994385164632226450089093208144348372311147917077739384168212385593777351253785974915108754
738 972711413265393189982218894820086562109639090024905630702652921489897950028932618591070602953080146241085610710
739 1308755274409398962795909798569077287184853713692785769579883097456467178962091150627154542421726360618983196280
740 1760796679787123304451438544235924856142228283644986164919681599933813503332053527894556345489117236279301213952
741 2368843382417067331636876177228293210872660167744234502585542056844447872331065859428892783370334617736305703627
742 3186690577744126219957585960197339390264482988492900707146122381303839458205234652123277312018617115157879849050
743 4286668448589271207009106935306749117271228705494519949327616841148920348781142700832292661738930773198868508367
744 5766023145275300366495839422401841591137847134857864117761261626226925876639232733245988962597621140891656014702
745 7755492744911648729024249669760057244632460142058662973255519876634786033300044415028506045782017557279665993513
746 10430832626749357417247015442376820989887463140725728347510502663996486364510473125561421753814347791071119573369
747 14028303800012875045571206449491075119686632284309296056528985345954333552674077514079769325423346829418886345779
748 18865485732626992052056870651432713193774993323652719803107411552722489457504038388346757381745919907383825789724
749 25369242640700968225868877286739091023646864376890268387820323934107573283950840337015872205468738896773840346943
750 34113299941699639524692057786075411301723495916542483344579498447157645847494248739076810868567102309241480808251
751 45868730602276767839126417663328204859197827549373353212878599515015646119851735854441773836309047637699441393387
752 61671783198396105076717078422605991909393183947891612160072331583367665624325445872877263695504843756868958376146
753 82915003684965984549541027974842914011904312814545386807847951393348642546798316091093649847539948303783567867566
754 111469644082517788524714618948987907292113693927783163052558280847995186718208474305029819972411548969712840863875
755 149850091968013608740827069251038159397175530582641592671398286362875305771104171871984009893978435894813316167919
756 201434734306429271456088921794282027632301475508290302193131209991319542858638076826025973915870172274255773271293
757 270762609221610253671823557093985273730578654628649123355103763056131418288621776482994487987770874573561504732223
758 363931831175986177253810914700565903021485618282350937742542613366456826451838251195803410598081235979335387915951
759 489134677643118411392758041085433130664687814168199145765953994690142172026914796107893621536118468926266254796213
760 657376175604066827018008479686826813466763011972224605099105347616395923918917870432528530971631018657460811915569
761 883439066557031622762371873008602225596264795313985803568433843884147004230485491542050366604710081186151570145954
762 1187179557992561608774207610692762061566829318487258491893934101191591122308266434131541629874046966962473912872372
763 1595267164252594739297072752610888309192092432571821240922254507696349959562607555391315822887733649922089650489990
764 2143520718386357121063811247687879023202601227977048491619466051625645591964617196760102414886241987889592543254246
765 2880044677204013371511773110789189118271551121523101838726249568062339125999713961388866388474516587009719267027568
766 3869439676102534219958034498276735815636965529399420982208039346720717243411961110008364376058082788705314377357196
767 5198454997741246191430413612153356130804790021583063604469668140338484455088140618690990394148326455776614283225753
768 6983576354053646483534003512992882566797402364323138132861450541576048375805411034485709624824551038430798662766924
769 9381211082594938193245266739632636708669671063002118901168013681443527935013427327699153806465298575391375304115294
770 12601359196776990738312912803487054480362200046208457879049562153916853776347320073845136125570991612695396862987102
771 16925962381651850961842529218745478349451913287061219865391138662323463159575332063064606379570099698630506546129912
772 22733530381216671687238413342669656612684262282994796045449079372326600290073472049244723662361840752136292353813066
773 30532190668409650903947848724096458448076019516429739355208444467502515586006229091341098419285268127991377882351456
774 41004040280945169510965172281024640031293444033837477734478828409940865790289269362233914617665817119912311924959495
775 55064661879669027251333454353447162228333183564868107580227031830660526570116077824161340138960335204510422472689238
776 73942984766409334867748532854148437030656533178986986424932486903532437832834416965420938034705951585895458994562280
777 99288440188720747385079225370392747648725728917872612786049749873092492960955569684307296249588000848979007625383023
778 133314732143047482408685523805181688501884605971796850805495616252126315169167031797814698481893315587603793333351672
779 178992725700921773258696921804648057560477572202196408126302553157598904188364572946578466333793662855555849416738821
780 240309220298342812497327623952727627962136604532541587063336671967490703663921056104770614884393669852540885280680141
781 322614094994649172586959678302065315752402672603089913977639639167106392113454319525870718383111495611619657665302357
782 433085981789734887091227427325216997473977754082449894269943906114225871708330121948252153076257978605477335382879170
783 581356905674406971284992640526049737843883092075039545215794292379654375717074366907461196093323345384632177502579420
784 780350116141268005667239709971327873689751539132263391873752639321241665802620003627985888620001272814765687122434889
785 1047403817191023457879161819875994917957746484986696327120863340853365219158044988393896584897299732520239828062835845
786 1405778280008525128010212803936821321329091554746277651360881946465245744543662695027521269017614079602701015517008487
787 1886677036765793095199492785602358710723095553996370801547430561504022085726241794220877233607606046062497979250475660
788 2531957376286887634553492692653706022559429185112766585070724080497016815547861699546453567207562024902865704197876945
789 3397765039541998067711148801730895723191914643138498712016060142345708480069622741894830735989712455970300676825667560
790 4559407999829164722331916988641855521263773059466887164377478741171416804262489789570062099252143944446710442333285159
791 6117891415722494266692654244190261237748111375550491212804627568316307807442888656726347024664153942246850670780522254
792 8208679518061572089330608154681964666402423155995854474816624019969494665585440774552348797784572094195221723428316787
793 11013442732984781055337496652339010948628681403548565583857830454446904923362446175330691069058302949145509485413695262
794 14775806360077285946444588560042681557877959419909523678865302448930438612086822143484822460246286644860053642185047003
795 19822462867598482852811364364772642247487835696982575396851798204783188402754960868464501288114472828621909654151777613
796 26591473139895228564426286985947634106476694283378141038680665754240165448599517864395547927311948597805376441979191380
797 35670202738263490384205195282562719828940464381845896888490324005699670857936999118660002067440806550556258321071847166
798 47846170889343090160681959790042610279146182870599333747284041814023692632723453579583249340894851457974585602547426604
799 64175204115278753268182243525411624647356825878714391392993971646300064303462528724167103173080358590333599777204242233
800 86072779088892977319753020016074833301613611031018472698479854057614400936593526231046300851345491203498238180431587113
801 115436438896580568168196101029626757383650517438663031908993288399037547240808229329825981608503921789720196340070540423
802 154809845453783525678682767481677577756649354374593098112368254005129731628847907597596839383593504453424919931742290511
803 207602618712660212325346427993862310867448320045965697685135928408090392413779560581026199127465589491119863132806115376
804 278384919004772840888489012228015022227863272639518007173148148662723741962369730586785246801384856544113108809411732381
805 373282165417011041424986130866642745858774834998628308585723470671431350805125427026183067503456924399928876784479288678
806 500503903538724682102838516801578364852846465848079345905664256563294011910501542328171147999771432785927528000974400313
807 671052380672662858781241948852847813655583734271191948527963422848730968263178834642828410248299239610825120715039377153
808 899671846955064216187447074750109107232849795145052951962547467323025248780871959780233868345859593077281302587224537565
809 1206120303841949393443853284967173211515349536528348446354664487669736050333599179300750373211513012339460212363361441326
810 1616873143582396374113464395580796388376338014372719533645297140668877485642207456491469290808783457115016871870023435816
811 2167405242637272137815177482846775157832213191034704819622207351000894244609374820747424250347186310390159365312882141226
812 2905247771595949002749224145798916212793613707339257208431770198849069692165704097766867001235744485605382169015710202506
813 3894082524484635388604878649333173650540734534781406892115077649576276853461864091050702859528395517002193923720181551883
814 5219225653761766570411953523465350857016228327791674906757626812410782510696145182669673559813111627510207992402571386727
815 6994971955477229446384596365217192739391703958287985926964690884180019658504505203842602864425601278326621038371055082411
816 9374430495505448536517766180434735194066801613303700084511749555192864614148332450508073267027870019367853867164836253785
817 12562696070426877878169908394561879189532701289605121692880643573858145719768377327309188412800757630987898956257554893706
818 16834487045585680856059215914854815654886024305275578256657197610245478693945571238404308175546999780852858774804840048265
819 22557762982136288770908254526331456043840494512057349791090437487532498595277646582557162333291842384503551500631572482656
820 30225347901867597813647578083806833554213586821096197657309443499702793605012284411805264332611139305885701536278559271473
821 40497270858663480219171365102430399649454412536154069104463836319391028983783954162751430790086672815417810566977357527829
822 54257453310173395847714083486748465937814596925982698214584138655796571870488856347881995313592902492535235476763430322798
823 72689601040026911236119677069414801731639436215840065574737672964333670785371846827078677099492243560276943128584191821820
824 97378801989750393551320912843850787994075268760573814174434200317860600009205236085849239816270767792176330559159829283500
825 130447530675784585557748980267568001743430548443777441920387400752656128611681117917728829825562907375647796665748107022228
826 174737702640545722415118950172493363388203038387526204085608588434427064266413980837980465651656853825704198326866110559181
827 234054359754214669922448547624393942520396281036319347956288917397865258681711926154684039846273316331135400774149397640513
828 313491835054774812211980305207177774658602615338760926699699361456955219921614533472834894450883588127431821190579378309591
829 419870293463186990845489838970033207604735150823358730722253980386839122381541577293600868746318604821065142918614116926463
830 562319973013377144121832276777793115726841436293348955250585094655860742165457289420090456005034895027111185357423659928987
831 753063063785045607094380917067029139171366450647793641720240990940300459290656034088670711285589956568576180622204945342445
832 1008460033172461514462493760402837103857674904689031724444119420803794085315084948718644048688341745666815990581833491145352
833 1350409773540391942414346202857585876685190801690146131069902949365304692857497074324713583757445700628982591827310660312083
834 1808223133350083235872602215098475167773710260300379816367022082214424347284550263935187425477087410139119488945995489794327
835 2421129764962937155899879154833387320432282831160513939922241030626937385135711995354757042946006887790089502191396381349065
836 3241632217113554155202749707371201757704371475183966024409480896629670953349238510429340284596873307900471065155529260273840
837 4339993410863034430326581594515579464901817352568658165679173348776563578346806473034712651456578088589656588421414849799695
838 5810240205796404353867860176316369137860990123917852836665849035831149466643229061358429992983062287175550687617146408701194
839 7778194898266709134832757108540573406638743903174524858447771822539656876922844723932564676828517109005850199336810486856528
840 10412219170893805434891253369309065576769073465316434754155547644994343825582346937161982175233014747451570207778673261707561
841 13937585903686497679131405185927199801523155450331692853312046049165645167517655438868282512873634970417887406898804437216021
842 18655702973414558205559927764403269340193095737878645884881495411263513684941887976705207299639645681665612840055348334508970
843 24969825922651180194099462652422732314693863010590713360457896225584265758418898470738462646266956444597405159619669865258746
844 33419448209782177018683924181330047907725304668145627321250029044759192516303651774123054730678707629962970962346706897686331
845 44726295483544064914696903927568450410988019701259882833387415789117938013372360352422771928412386224443535744602116747930861
846 59855836543509028325309757706910630615934702347844747344172738843276001682666836117688319064977509367118909054753846973112153
847 80099541988106176148149086623772345914060114359612981380397809620769615115043109553979267247086780300460485334755033530301865
848 107184883782129180899250549094433563070781136933643207614474031732932208536017540210439024878704990181580880565452738644792610
849 143422424450518401608774511619140128539800047843773577980325335533948314132937424839446124335051166570692340047351951889164094
850 191902492896318591160833872167842078886887926691032786547995825568825516354220177487288455912024399629364201876317970227545051
851 256758151610287922571209849583110088574985051723653412733464476628669590984470176333831977176683255693781046816527674994379281
852 343516783578400446326473721023023435752824471473212918816024234329500988749403217699714694656556370687900230687685623600777442
853 459570142525012696162804013175491292029749308396670740876795104576268966898812673931382391814362564249380305533343351352424793
854 614802753218830484662475652613974568171125881453925595577182544014823140488254895004590385395029253956905773707102606246056250
855 822431969024761820748893050886218198552461170918985881400519292376003522951863700763215776885352521464232412759371680860306410
856 1100130926680491179971486363077585997476071234655058610729006818860002733901855768985777696598705705020986521539418715487371308
857 1471529599530856159133665216302921857168249138335567180674771291500972598003530453011118541935181332412605891125611338695455620
858 1968221165337203444743444125857975725919931005755127050655638889200420269645859923134413658449346750915147860596457182609147192
859 2632443678318293214920806435869851258541341276487151818780877163535730448370216245626654685071918108677185928994006518308703139
860 3520664180224146984236232622503884418023357613110142713900918541032693001402778629237982474131387702109726450079485834702353988
861 4708368727398061111153683776130766988057931498291773583691430394486642301249327099318503163259206945597286109569445848548900242
862 6296463794402878199043145817644518111171538014749185488054940468009665877503072380194484119392054282010716251596723082431664833
863 8419830746250662505708926681752426292410889443609448954665798486538142568864683133946230850478041852499633973205246300970603519
864 11258757043629826390930245957693493862513915723438380872356443202341852345559751835058229232644662585739676976842896503607087063
865 15054210906052004526633998365630880801200522522997665798228089210511977127592439220902312351684933864042751815853762456139750230
866 20128250799697610608401900686914838072335192813115208263836298036702532337512386722130066384468353384641679808709725410185263583
867 26911294703157079403999365708649578885205892659797291057193470347100131599288946741378591117363825879701726062025832267121037360
868 35978553170086455622932140871651030839996236111512745093830312426284110580650177794652762185601265653955142535931882795951878189
869 48098703531508795001379622534661688740760142665778396094356196329887050679141553145347325443223178311103471524334934566551083286
870 64298915284545072539272321652624595063891084226957718177721948352090605590510301700671021367321399997347230088084088561531065515
871 85951715737707571459966055226866655108912698313401639084699086265133676048384500464191447373520168974290025222878274502437711053
872 114891026384711320829397954117849635356350105088233529142057296480872407189134421679871544691399277549808769742118797627126888747
873 153567159185626566532744303235844759775944513328173379056830809776844591975824220034118515794310877795713515233795776714574718921
874 205253844747630708629997680745435420183040605731727262704337067979508165999232309141381952940743118681947004160134741078092146220
875 274324747351875738982817761773854628663075993205248016432990732998944042817604993376764354129416523312306021468476351430933088992
876 366622773296951879195709203503062120787634355781026391559052182963850964389951348521722957639667657518940160566882768065886336693
877 489953290852117763024958308556562486243361870528674176618343196535409160008495471612397071222742194889096865492548265628835837884
878 654742808500273210076630577274920840837030847248092147923119384273897196668245169279813289750858192162013558101273534396809169041
879 874918578921231687878202390395628973003328313523511187178537849786550639098216818447088949578184055541110329823325721267172392784
880 1169083178096584197807831217469227648755491987591880629749628104084032643542556844034832151079226138607426582852335522990964081783
881 1562082911667621013100265570964492359796902720549143179889937802707911519749805743622920179521735153173080105985189036192735423897
882 2087102005427393158571619470207834239779704213276886710562425147576567840912297624502757682233992578448596995379601320805817534245
883 2788458720546973908429198037797270973246850000855055653780280891583236316264420849848233627100101569453281020246892514637279470439
884 3725338502047365176715141020372376924180785900301914401896062066369990236532450251597938980994801500873368276504976027163056900878
885 4976777964685460635975388026192584099441019558095903321404699675948413837930099214690042261428474689277056464370398930896941874394
886 6648318539295218415209812640726863476013768413430311726273808939178021151353242121281275512094368514607771823387697581271935071153
887 8880888743728273154820736384737107711910812648090736703894709960926489068130214447058132341350920504124115140326390651830966244866
888 11862661044140645594087133592475558314458524780850271824714148263296171212659044237974361683578881814202493098696527784797905516879
889 15844878793179345764179830422523462203032797850266950757355886403244986627081088258519264573000662937319385384204609460086985608081
890 21162981659277827321771072488499053335220027597394382233272100155284869992511494754188774675038838385659727770433357465014508466741
891 28264802157295523726265085312699286980695944997870960134899049792230773834441093559330940909401713221124325091267695672327536867237
892 37748198517393504719470786784113619908516298177607895273756510543046125331735044885276739597364181148625230999644704031580997928790
893 50411279752024853105193832251738210428578451413777897178463262412097527374928171121939985378317372924005821784155167452520770226375
894 67319433506444456304100293330693525131951428924786378223968517211237889763421479201460710868336760512841821834707559469564137476977
895 89894774268972262715852014626012739905927636578084735846618004282832908611637649591697054656101893011440835858603309624710196294046
896 120035506347047262723213969065137803104391032472716788110879609733425721735386907792658536549103438699804873980544345717545563568270
897 160275199473368123159140101502059839031123460440925782100054687654302490765484482823568994317990427198145305762507062954657038670722
898 213995314069890858168691200396132576847313499881154940711385155816396964831425459932057328012349295381525054947440993694390705992686
899 285708766855773409177816082462575619609266628406306562223438538904661606585120577407509295678479568296168800731861798682934155698709
900 381438267370142109696954189937893478847358832191465969114710457690425627897015420697258878979511526678094202411294636829132868724942
901 509221077729648412953228582848323986508119358740050083423142345225586427754519735331575921489538248543018098112272853049071931843006
902 679782412371627310814484821848676104303029392529715007487622566367991387857792299972544365408657690412219204860047740480736614879706
903 907433782655872087138087300622337497932159892132348220617794438038417281439980268367021321555023578575714128304154021838386240371064
904 1211271377535692349037611908796951991926805772079728850093052000370471504276545965313150416930948880965368759723162892264906036455167
905 1616774621822650585729829948405752982618305350787227691356785481668500193941454574009421354885847976177798447231160725774539610031661
906 2157938455092444963178236644724377796331799230721916362733045523187724757773449208309513981898782131583274031200229476968099645363413
907 2880117409278875482674109602017251261763286900077158580579105544738739116593823187946692033577779337580938580091108183425332889524144
908 3843818940069058752520023395023159603352905241312178925435772627960286878352271505537510839458596045774372141135456228989116310964173
909 5129762629466216516724327793152662607272800706689796384974729501556236327069197246330146288189371396883082540301820831761312811082681
910 6845627412662562074185249479035041098605804371363354344468904733563457136791548678746209225526146249929778423956798368280850693776670
911 9135049672434472894999772958541099478817534188201826354950876614700838474569879631271854367901436361841786552136575967686762975936380
912 12189622590951219541180505973255389119078517337715012408971924472049076272224501469845914260467108028437910116320916860768045911257572
913 16264897147463630010840776121863733596828599428588769875741501931140685008120441896095552643036226918472639240484438085432579343800183
914 21701718383285316738422091131299845045146235385773753347564232177743059535018822212943928251022333907023928994920128371806028226023000
915 28954674716661301404455006440710596544524493403447512700834923086718197192219516705372263697154806164262926080261277696596946441899205
916 38630030081738916993577564140554647412696408008347596243794634839972376532133730267166272416664608190294602034343938177905585053508027
917 51536297658278410355508138333450096278165242769680726388173332276844064594993544762386947013094383810710530185437723309010819248352446
918 68751665466406340904800404547971602207095652197803784228348243310017138474491309505472599297004445008047971735626265947502385780036765
919 91713885411339249895992403533527236126125005574683162894145682608609674620448317418858472463851680626752704156709013786141205080588854
920 122340104769092472305181487427559944036851923088001798570777413950617411837315318605301743940554541687173050773665956531409771227031675
921 163186607534785168039728487587905389614759868551327566438797971584109214560063629463540738280079738993029310633849310971809911268010127
922 217661748903997058853929143286181507697272829511129012327490338385904367453189668053436370613227346654437163562017007950871191906345907
923 290309784367787691653931303178814404405411450442661946588441024119737023872603119909316682639944299266764099614739985801243251535528980
924 387189181718374387402958501913471558190520709147295909439961256646133657853804387913781835993970445966863119175025627936139319019750012
925 516376847531440359166410508136550598736683442517318292782666880325439072295240101727331828863242116728396080014270619831976740416906187
926 688640149208813927065857200879108202868107180486862699889946735844441742372095651231132076596424604828707192914570011672557713177380450
927 918332534905641289346469814693316309282154228254663956864877818503595101601759031672737178312123634498694486976375636653137456189822797
928 1224587099321447482543840016742503511627416828458514052561366394427515806841460131816954444153824246609148880334992054335648171983804856
929 1632907148571343575811384299174269063192488308330965741709836224809816673535622934088302339317012061973334523383295111473346621196459646
930 2177285726640618815104367961710833876076763046604171601842328382164075784065622061216324020311945433592338759093020680750147204650666809
931 2903029901889564916929443669624357128334759691095609888144998761221555667992337168454400363312302259276703931884661531416070921587619681
932 3870524000303887737873066072591461065058961359990019330775310748239299963152025735379571481812063280883575103037061394866663459055941859
933 5160243740506413058968682563303083589400522469257611874614752212814175932499141353192477450988849773071189420739675302336606463491429693
934 6879436802429500706820417616306026423828482014607008565202515866205145885712031970667109931819589902142543010228203374499267177694226318
935 9171023306459120243022259310907419266016778177569110384786899654671803150607422272075241303334043963543255509789284297771883159130352992
936 12225453389217771342977523572078430276680331406312241246808788994449373309714324752892579069684627566154387773909951205240177273642954591
937 16296503709006266243093993940949246842251513539528562538344174565583966755708050975258727883853184044003980341607333468083022766777745649
938 21722320498696995154123608497474873795265807639877929069876373320627760138160992025231675440695745609022454208809834502735069465319940884
939 28953450599047672624471797027089051594310735431130749949402565409607456123934487433577250755394749621502524807845171117329425117175659303
940 38590179551091375808226131609303953405658745925327898950082513302786563070430558586110856166319417570682945477951931084636195075939599052
941 51432264958796838635470269506450280733797303823479559883715529752074835375097091961267811987734594647841475031344810768885140926248271276
942 68545177389206137169004870857773460930450347639525378855479293752806997574065623552489921287190776314530158052852477250353286531301198892
943 91348324495620690681358900458956987343849436255130802889955659798032187326318219276748486445583780035718921799280289783120766098080281225
944 121732549220169575284679248829006055519380334332979349150292532910532662245789138392486869051188834017849271860200599080140964643965402437
945 162216609443111568549776447709586056479785257512330827862866189452823102350512039131758258917630891368676535582194745296823714321609896604
946 216155563386780483300181835346914211079682639919009271221797074983539147614187649675635953565457433569972683712855423077577459657157673468
947 288018267413543038700052283231165658115535921579611972490501349339757718148753783286767477456651631280936965571233033602786127088512881866
948 383756893194126718129362998363875547083907070975049068822101362604040544030590496323895595304228400202151011846021784059247411382275479485
949 511298958811910869243432981656432128162113098111851412719373455253526566578582077280022703964839097630287495054305306860743560218379793097
950 681202467642516039857816922999338700091746648942988963054460663627581275705251041809266325787589974804819334476423476810584926270602017070
951 907528190713627880445292095926431072486531175566217330808898039632562821000734573154430350657500934491737708362863342249699532683704394599
952 1209001018320312490257578523757578241482889733185708827437860164845859704857823429096290067645761897438273855973666756628337523136115493857
953 1610556116027804478913202871684010985497747965228018563343861462635454459930499413128975987655985166011897824664041628091635906555340462525
954 2145397306120420733428409560318397523876770411122111373148544561623710226278483974536217055537116203234971603506035962265782571322931500413
955 2857737262129767197751678300573677894483098232592159298926751387290147459058097910792223778686211049314732385461350123123388526995176208307
956 3806445215773216638340326620639099860541645167261085545009712209380665955405199371178266302823461739678834046566239556117575609140491392828
957 5069902541429380483530301708173548819884296372224650165400340225991013463881640136099863097871318524558720163494413646382642171138723513140
958 6752465934498007609359405098071365482953780046567629460600599789704523779370332623460647564742848267756230969972852797615685003525888461899
959 8993070092839872213144662555877500650505364412724514604734407407501049516753178496156120772179166888560723445650808286499491593328366369092
960 11976677694346954597143669805588542632269323145644688171919750602366942461553811970267703245949509850912817395222006511699659736178858112676
961 15949518469845255766414356927078191762273811151065045859533841420181579845356296603045595334930407949992778459151421839407839664175557263469
962 21239370494015523277118021700888846785431025705223050318972113055967480034943828636370515397157483598322599008037920898341452478928423341399
963 28282550988136727700362297773798515547097383978899755676367693495690636542846799202886542765176801663785527823399354761681497007058561697272
964 37659834902438225549344384880644684141799549236484583015383812458569929312910123719156111526583148957610698670498659582923219579559675827942
965 50144252481311588207879397059108521828015019961310903713377764186311480218135813050407969454343948011104226764906730586443218527885413538687
966 66764691967838451297171876933710944588417472643594429098037416220326279765516459817979750448500857853122306320507578724311361891661652240819
967 88890530440560798357274282013869177354360109510013321978216792157750417519063482441305516504620624679514795875930933162341822195812730646117
968 118344240699913606187092612879648033090609320676159438271931730925581139988573726309860672215681849824069058385045278298411438979874161049176
969 157551216359446097458630303207707357458719684470886391706366652838351435627023478547282799743858342874569013218221778273476196767317033366124
970 209739108634189612808997716112566589964521656460270302214150779251409487959138962704605199656726177621948858189462244272203203001711622327250
971 279203026444225666733942857933348572849640309412792760709389010392090842065357029191602885017325017784468648849125044614901021312629475097372
972 371658348350537067166391993343246549943361288028549463467855064814160252629684425386081973928558892767237419881486682553639653987622422286311
973 494710071900993161214275642993600062953613783776377881546200912077527984948512230539195061099621163138171042498325439788839247115210709310063
974 658477170009938926509223245352106807536392697117124004143787435588450382975955035159163392800870797255522192484443602004805677498052513650303
975 876423115173650828911494920798850479716709906316597745767430418962625988888573641421408890493291765392221179959056996229404578679767759636320
976 1166460607760286705879765946821523485067806370362666681880061344356077190619030225255836897153032166038894354484488317161315072845666215085204
977 1552420983002022430303623776262865461371859917304750065716859685115714612099105484675876759076787384317506512457416945210374996974350213481996
978 2066008605350366523561540405465424571641517161469786771006634290767035466320526783882167750568109557117746317492733498322728981713173435136093
979 2749400224628426096234561154767364177358648093140340112529787265243740418375903229273394610788372181314901075558979435946604189054338630742850
980 3658702003971591499941668378481076335820946030617966013640638100472888066327574766053488034792156273840145871858050022788474086504534157387710
981 4868547038723697581673385443654983370847388240239132252280523684070721383868835814385868447849298802602233384252385611412676021338340058362236
982 6478209388455636095094055630732170039085071106209605207305408100597020859194836117683470054792333043575362687284343953172968468857884633392684
983 8619734543517193896566432230462337098730147718896599811886648448469103647275691697657608827108307939363635041871482807715637910655869296314278
984 11468750946613133841103325007617915253800243709032446546521634749177130645322106774471278476145322988935844955238926336156223612127149301757150
985 15258846115956690985874141494219090266038830383570728352461222441742542899009113745202394681042838757530979017581242627082713177928069269073868
986 20300681912909434762444828047234879295468951929449155826371306313655479586507481990387427035677620195870943722721101248487971840833926120752991
987 27007410274735623513494356384856727411779856246992654169863402112380459993551595772990134891888076056214361350540333440792600356681414744760353
988 35928464799451577158219371318522294140221965059335984467565464000800527345146761212570507176392426214519928571709924476693019570356803246601163
989 47794486790050218500944209738942855693289861489665682862196669288930291311241301969025478360191476324459887061720165711697238571021408876587749
990 63577052366150169752053257297827015814940923541579902702739637493703910667047390223905834267606017952330844536265325080531457024063748088030941
991 84568073940700134886218248318698616951446048334206146316667941372817337387468033833800838363113992310446469966528578757485194694023013903022443
992 112485352932684990178619636222994397101495707731496243449214778587123211141708604591689011715492492619760585087900635952098186151377084112801823
993 149612891501204194499792035613245848543469721343452699958293677018940164357790766954253402280158696096987956958368817122882057085292870003065662
994 198987402655284260187736104151890557573734372079541739125831793857693564856755294373008697437023588752688295126936717893610546106002755659219541
995 264646220556942551498053451161891906253370045788166766323080926627697646422243620270651337299529169394357742541917214226553937165715035552797677
996 351956812044701014170817277096197585402264972097853348552256100925197901720751293563829988299910396435830223913781674684295147441694177528616371
997 468054732643131454293024994615946840225354442665960662418243308753300783965747647576054540767929294503610745268702168609551199212585108894849725
998 622425695260545811702521762423749574222762153486775906464399823927858211591527543513352524194942848337485267286885422242496647217862831426223895
999 827679144234808843084126126437379447853861613314060387640373073741756445583946822419395098940569972791551871691765630781708844023025783759057887
1000 1100576303461748498208402793854393614812824231165551941105862046265939385082006550499403635872655814145332021438198693033166997055222537568808731
