0 0
1 8
2 14
3 20
4 26
5 32
6 38
7 44
8 50
9 56
10 62
11 68
12 74
13 80
14 86
15 92
16 98
17 104
18 110
19 116
20 122
21 128
22 134
23 140
24 146
25 152
26 158
27 164
28 170
29 176
30 182
31 188
32 194
33 200
34 206
35 212
36 218
37 224
38 230
39 236
40 242
41 248
42 254
43 260
44 266
45 272
46 278
47 284
48 290
49 296
50 302
51 308
52 314
53 320
54 326
55 332
56 338
57 344
58 350
59 356
60 362
61 368
62 374
63 380
64 386
65 392
66 398
67 404
68 410
69 416
70 422
71 428
72 434
73 440
74 446
75 452
76 458
77 464
78 470
79 476
80 482
81 488
82 494
83 500
84 506
85 512
86 518
87 524
88 530
89 536
90 542
91 548
92 554
93 560
94 566
95 572
96 578
97 584
98 590
99 596
100 602
101 608
102 614
103 620
104 626
105 632
106 638
107 644
108 650
109 656
110 662
111 668
112 674
113 680
114 686
115 692
116 698
117 704
118 710
119 716
120 722
121 728
122 734
123 740
124 746
125 752
126 758
127 764
128 770
129 776
130 782
131 788
132 794
133 800
134 806
135 812
136 818
137 824
138 830
139 836
140 842
141 848
142 854
143 860
144 866
145 872
146 878
147 884
148 890
149 896
150 902
151 908
152 914
153 920
154 926
155 932
156 938
157 944
158 950
159 956
160 962
161 968
162 974
163 980
164 986
165 992
166 998
167 1004
168 1010
169 1016
170 1022
171 1028
172 1034
173 1040
174 1046
175 1052
176 1058
177 1064
178 1070
179 1076
180 1082
181 1088
182 1094
183 1100
184 1106
185 1112
186 1118
187 1124
188 1130
189 1136
190 1142
191 1148
192 1154
193 1160
194 1166
195 1172
196 1178
197 1184
198 1190
199 1196
200 1202
201 1208
202 1214
203 1220
204 1226
205 1232
206 1238
207 1244
208 1250
209 1256
210 1262
211 1268
212 1274
213 1280
214 1286
215 1292
216 1298
217 1304
218 1310
219 1316
220 1322
221 1328
222 1334
223 1340
224 1346
225 1352
226 1358
227 1364
228 1370
229 1376
230 1382
231 1388
232 1394
233 1400
234 1406
235 1412
236 1418
237 1424
238 1430
239 1436
240 1442
241 1448
242 1454
243 1460
244 1466
245 1472
246 1478
247 1484
248 1490
249 1496
250 1502
251 1508
252 1514
253 1520
254 1526
255 1532
256 1538
257 1544
258 1550
259 1556
260 1562
261 1568
262 1574
263 1580
264 1586
265 1592
266 1598
267 1604
268 1610
269 1616
270 1622
271 1628
272 1634
273 1640
274 1646
275 1652
276 1658
277 1664
278 1670
279 1676
280 1682
281 1688
282 1694
283 1700
284 1706
285 1712
286 1718
287 1724
288 1730
289 1736
290 1742
291 1748
292 1754
293 1760
294 1766
295 1772
296 1778
297 1784
298 1790
299 1796
300 1802
301 1808
302 1814
303 1820
304 1826
305 1832
306 1838
307 1844
308 1850
309 1856
310 1862
311 1868
312 1874
313 1880
314 1886
315 1892
316 1898
317 1904
318 1910
319 1916
320 1922
321 1928
322 1934
323 1940
324 1946
325 1952
326 1958
327 1964
328 1970
329 1976
330 1982
331 1988
332 1994
333 2000
334 2006
335 2012
336 2018
337 2024
338 2030
339 2036
340 2042
341 2048
342 2054
343 2060
344 2066
345 2072
346 2078
347 2084
348 2090
349 2096
350 2102
351 2108
352 2114
353 2120
354 2126
355 2132
356 2138
357 2144
358 2150
359 2156
360 2162
361 2168
362 2174
363 2180
364 2186
365 2192
366 2198
367 2204
368 2210
369 2216
370 2222
371 2228
372 2234
373 2240
374 2246
375 2252
376 2258
377 2264
378 2270
379 2276
380 2282
381 2288
382 2294
383 2300
384 2306
385 2312
386 2318
387 2324
388 2330
389 2336
390 2342
391 2348
392 2354
393 2360
394 2366
395 2372
396 2378
397 2384
398 2390
399 2396
400 2402
401 2408
402 2414
403 2420
404 2426
405 2432
406 2438
407 2444
408 2450
409 2456
410 2462
411 2468
412 2474
413 2480
414 2486
415 2492
416 2498
417 2504
418 2510
419 2516
420 2522
421 2528
422 2534
423 2540
424 2546
425 2552
426 2558
427 2564
428 2570
429 2576
430 2582
431 2588
432 2594
433 2600
434 2606
435 2612
436 2618
437 2624
438 2630
439 2636
440 2642
441 2648
442 2654
443 2660
444 2666
445 2672
446 2678
447 2684
448 2690
449 2696
450 2702
451 2708
452 2714
453 2720
454 2726
455 2732
456 2738
457 2744
458 2750
459 2756
460 2762
461 2768
462 2774
463 2780
464 2786
465 2792
466 2798
467 2804
468 2810
469 2816
470 2822
471 2828
472 2834
473 2840
474 2846
475 2852
476 2858
477 2864
478 2870
479 2876
480 2882
481 2888
482 2894
483 2900
484 2906
485 2912
486 2918
487 2924
488 2930
489 2936
490 2942
491 2948
492 2954
493 2960
494 2966
495 2972
496 2978
497 2984
498 2990
499 2996
500 3002
501 3008
502 3014
503 3020
504 3026
505 3032
506 3038
507 3044
508 3050
509 3056
510 3062
511 3068
512 3074
513 3080
514 3086
515 3092
516 3098
517 3104
518 3110
519 3116
520 3122
521 3128
522 3134
523 3140
524 3146
525 3152
526 3158
527 3164
528 3170
529 3176
530 3182
531 3188
532 3194
533 3200
534 3206
535 3212
536 3218
537 3224
538 3230
539 3236
540 3242
541 3248
542 3254
543 3260
544 3266
545 3272
546 3278
547 3284
548 3290
549 3296
550 3302
551 3308
552 3314
553 3320
554 3326
555 3332
556 3338
557 3344
558 3350
559 3356
560 3362
561 3368
562 3374
563 3380
564 3386
565 3392
566 3398
567 3404
568 3410
569 3416
570 3422
571 3428
572 3434
573 3440
574 3446
575 3452
576 3458
577 3464
578 3470
579 3476
580 3482
581 3488
582 3494
583 3500
584 3506
585 3512
586 3518
587 3524
588 3530
589 3536
590 3542
591 3548
592 3554
593 3560
594 3566
595 3572
596 3578
597 3584
598 3590
599 3596
600 3602
601 3608
602 3614
603 3620
604 3626
605 3632
606 3638
607 3644
608 3650
609 3656
610 3662
611 3668
612 3674
613 3680
614 3686
615 3692
616 3698
617 3704
618 3710
619 3716
620 3722
621 3728
622 3734
623 3740
624 3746
625 3752
626 3758
627 3764
628 3770
629 3776
630 3782
631 3788
632 3794
633 3800
634 3806
635 3812
636 3818
637 3824
638 3830
639 3836
640 3842
641 3848
642 3854
643 3860
644 3866
645 3872
646 3878
647 3884
648 3890
649 3896
650 3902
651 3908
652 3914
653 3920
654 3926
655 3932
656 3938
657 3944
658 3950
659 3956
660 3962
661 3968
662 3974
663 3980
664 3986
665 3992
666 3998
667 4004
668 4010
669 4016
670 4022
671 4028
672 4034
673 4040
674 4046
675 4052
676 4058
677 4064
678 4070
679 4076
680 4082
681 4088
682 4094
683 4100
684 4106
685 4112
686 4118
687 4124
688 4130
689 4136
690 4142
691 4148
692 4154
693 4160
694 4166
695 4172
696 4178
697 4184
698 4190
699 4196
700 4202
701 4208
702 4214
703 4220
704 4226
705 4232
706 4238
707 4244
708 4250
709 4256
710 4262
711 4268
712 4274
713 4280
714 4286
715 4292
716 4298
717 4304
718 4310
719 4316
720 4322
721 4328
722 4334
723 4340
724 4346
725 4352
726 4358
727 4364
728 4370
729 4376
730 4382
731 4388
732 4394
733 4400
734 4406
735 4412
736 4418
737 4424
738 4430
739 4436
740 4442
741 4448
742 4454
743 4460
744 4466
745 4472
746 4478
747 4484
748 4490
749 4496
750 4502
751 4508
752 4514
753 4520
754 4526
755 4532
756 4538
757 4544
758 4550
759 4556
760 4562
761 4568
762 4574
763 4580
764 4586
765 4592
766 4598
767 4604
768 4610
769 4616
770 4622
771 4628
772 4634
773 4640
774 4646
775 4652
776 4658
777 4664
778 4670
779 4676
780 4682
781 4688
782 4694
783 4700
784 4706
785 4712
786 4718
787 4724
788 4730
789 4736
790 4742
791 4748
792 4754
793 4760
794 4766
795 4772
796 4778
797 4784
798 4790
799 4796
800 4802
801 4808
802 4814
803 4820
804 4826
805 4832
806 4838
807 4844
808 4850
809 4856
810 4862
811 4868
812 4874
813 4880
814 4886
815 4892
816 4898
817 4904
818 4910
819 4916
820 4922
821 4928
822 4934
823 4940
824 4946
825 4952
826 4958
827 4964
828 4970
829 4976
830 4982
831 4988
832 4994
833 5000
834 5006
835 5012
836 5018
837 5024
838 5030
839 5036
840 5042
841 5048
842 5054
843 5060
844 5066
845 5072
846 5078
847 5084
848 5090
849 5096
850 5102
851 5108
852 5114
853 5120
854 5126
855 5132
856 5138
857 5144
858 5150
859 5156
860 5162
861 5168
862 5174
863 5180
864 5186
865 5192
866 5198
867 5204
868 5210
869 5216
870 5222
871 5228
872 5234
873 5240
874 5246
875 5252
876 5258
877 5264
878 5270
879 5276
880 5282
881 5288
882 5294
883 5300
884 5306
885 5312
886 5318
887 5324
888 5330
889 5336
890 5342
891 5348
892 5354
893 5360
894 5366
895 5372
896 5378
897 5384
898 5390
899 5396
900 5402
901 5408
902 5414
903 5420
904 5426
905 5432
906 5438
907 5444
908 5450
909 5456
910 5462
911 5468
912 5474
913 5480
914 5486
915 5492
916 5498
917 5504
918 5510
919 5516
920 5522
921 5528
922 5534
923 5540
924 5546
925 5552
926 5558
927 5564
928 5570
929 5576
930 5582
931 5588
932 5594
933 5600
934 5606
935 5612
936 5618
937 5624
938 5630
939 5636
940 5642
941 5648
942 5654
943 5660
944 5666
945 5672
946 5678
947 5684
948 5690
949 5696
950 5702
951 5708
952 5714
953 5720
954 5726
955 5732
956 5738
957 5744
958 5750
959 5756
960 5762
961 5768
962 5774
963 5780
964 5786
965 5792
966 5798
967 5804
968 5810
969 5816
970 5822
971 5828
972 5834
973 5840
974 5846
975 5852
976 5858
977 5864
978 5870
979 5876
980 5882
981 5888
982 5894
983 5900
984 5906
985 5912
986 5918
987 5924
988 5930
989 5936
990 5942
991 5948
992 5954
993 5960
994 5966
995 5972
996 5978
997 5984
998 5990
999 5996
1000 6002
