0 1
1 2
2 3
3 5
4 7
5 9
6 12
7 15
8 18
9 22
10 26
11 30
12 35
13 40
14 45
15 51
16 57
17 63
18 70
19 77
20 84
21 92
22 100
23 108
24 117
25 126
26 135
27 145
28 155
29 165
30 176
31 187
32 198
33 210
34 222
35 234
36 247
37 260
38 273
39 287
40 301
41 315
42 330
43 345
44 360
45 376
46 392
47 408
48 425
49 442
50 459
51 477
52 495
53 513
54 532
55 551
56 570
57 590
58 610
59 630
60 651
61 672
62 693
63 715
64 737
65 759
66 782
67 805
68 828
69 852
70 876
71 900
72 925
73 950
74 975
75 1001
76 1027
77 1053
78 1080
79 1107
80 1134
81 1162
82 1190
83 1218
84 1247
85 1276
86 1305
87 1335
88 1365
89 1395
90 1426
91 1457
92 1488
93 1520
94 1552
95 1584
96 1617
97 1650
98 1683
99 1717
100 1751
101 1785
102 1820
103 1855
104 1890
105 1926
106 1962
107 1998
108 2035
109 2072
110 2109
111 2147
112 2185
113 2223
114 2262
115 2301
116 2340
117 2380
118 2420
119 2460
120 2501
121 2542
122 2583
123 2625
124 2667
125 2709
126 2752
127 2795
128 2838
129 2882
130 2926
131 2970
132 3015
133 3060
134 3105
135 3151
136 3197
137 3243
138 3290
139 3337
140 3384
141 3432
142 3480
143 3528
144 3577
145 3626
146 3675
147 3725
148 3775
149 3825
150 3876
151 3927
152 3978
153 4030
154 4082
155 4134
156 4187
157 4240
158 4293
159 4347
160 4401
161 4455
162 4510
163 4565
164 4620
165 4676
166 4732
167 4788
168 4845
169 4902
170 4959
171 5017
172 5075
173 5133
174 5192
175 5251
176 5310
177 5370
178 5430
179 5490
180 5551
181 5612
182 5673
183 5735
184 5797
185 5859
186 5922
187 5985
188 6048
189 6112
190 6176
191 6240
192 6305
193 6370
194 6435
195 6501
196 6567
197 6633
198 6700
199 6767
200 6834
201 6902
202 6970
203 7038
204 7107
205 7176
206 7245
207 7315
208 7385
209 7455
210 7526
211 7597
212 7668
213 7740
214 7812
215 7884
216 7957
217 8030
218 8103
219 8177
220 8251
221 8325
222 8400
223 8475
224 8550
225 8626
226 8702
227 8778
228 8855
229 8932
230 9009
231 9087
232 9165
233 9243
234 9322
235 9401
236 9480
237 9560
238 9640
239 9720
240 9801
241 9882
242 9963
243 10045
244 10127
245 10209
246 10292
247 10375
248 10458
249 10542
250 10626
251 10710
252 10795
253 10880
254 10965
255 11051
256 11137
257 11223
258 11310
259 11397
260 11484
261 11572
262 11660
263 11748
264 11837
265 11926
266 12015
267 12105
268 12195
269 12285
270 12376
271 12467
272 12558
273 12650
274 12742
275 12834
276 12927
277 13020
278 13113
279 13207
280 13301
281 13395
282 13490
283 13585
284 13680
285 13776
286 13872
287 13968
288 14065
289 14162
290 14259
291 14357
292 14455
293 14553
294 14652
295 14751
296 14850
297 14950
298 15050
299 15150
300 15251
301 15352
302 15453
303 15555
304 15657
305 15759
306 15862
307 15965
308 16068
309 16172
310 16276
311 16380
312 16485
313 16590
314 16695
315 16801
316 16907
317 17013
318 17120
319 17227
320 17334
321 17442
322 17550
323 17658
324 17767
325 17876
326 17985
327 18095
328 18205
329 18315
330 18426
331 18537
332 18648
333 18760
334 18872
335 18984
336 19097
337 19210
338 19323
339 19437
340 19551
341 19665
342 19780
343 19895
344 20010
345 20126
346 20242
347 20358
348 20475
349 20592
350 20709
351 20827
352 20945
353 21063
354 21182
355 21301
356 21420
357 21540
358 21660
359 21780
360 21901
361 22022
362 22143
363 22265
364 22387
365 22509
366 22632
367 22755
368 22878
369 23002
370 23126
371 23250
372 23375
373 23500
374 23625
375 23751
376 23877
377 24003
378 24130
379 24257
380 24384
381 24512
382 24640
383 24768
384 24897
385 25026
386 25155
387 25285
388 25415
389 25545
390 25676
391 25807
392 25938
393 26070
394 26202
395 26334
396 26467
397 26600
398 26733
399 26867
400 27001
401 27135
402 27270
403 27405
404 27540
405 27676
406 27812
407 27948
408 28085
409 28222
410 28359
411 28497
412 28635
413 28773
414 28912
415 29051
416 29190
417 29330
418 29470
419 29610
420 29751
421 29892
422 30033
423 30175
424 30317
425 30459
426 30602
427 30745
428 30888
429 31032
430 31176
431 31320
432 31465
433 31610
434 31755
435 31901
436 32047
437 32193
438 32340
439 32487
440 32634
441 32782
442 32930
443 33078
444 33227
445 33376
446 33525
447 33675
448 33825
449 33975
450 34126
451 34277
452 34428
453 34580
454 34732
455 34884
456 35037
457 35190
458 35343
459 35497
460 35651
461 35805
462 35960
463 36115
464 36270
465 36426
466 36582
467 36738
468 36895
469 37052
470 37209
471 37367
472 37525
473 37683
474 37842
475 38001
476 38160
477 38320
478 38480
479 38640
480 38801
481 38962
482 39123
483 39285
484 39447
485 39609
486 39772
487 39935
488 40098
489 40262
490 40426
491 40590
492 40755
493 40920
494 41085
495 41251
496 41417
497 41583
498 41750
499 41917
500 42084
501 42252
502 42420
503 42588
504 42757
505 42926
506 43095
507 43265
508 43435
509 43605
510 43776
511 43947
512 44118
513 44290
514 44462
515 44634
516 44807
517 44980
518 45153
519 45327
520 45501
521 45675
522 45850
523 46025
524 46200
525 46376
526 46552
527 46728
528 46905
529 47082
530 47259
531 47437
532 47615
533 47793
534 47972
535 48151
536 48330
537 48510
538 48690
539 48870
540 49051
541 49232
542 49413
543 49595
544 49777
545 49959
546 50142
547 50325
548 50508
549 50692
550 50876
551 51060
552 51245
553 51430
554 51615
555 51801
556 51987
557 52173
558 52360
559 52547
560 52734
561 52922
562 53110
563 53298
564 53487
565 53676
566 53865
567 54055
568 54245
569 54435
570 54626
571 54817
572 55008
573 55200
574 55392
575 55584
576 55777
577 55970
578 56163
579 56357
580 56551
581 56745
582 56940
583 57135
584 57330
585 57526
586 57722
587 57918
588 58115
589 58312
590 58509
591 58707
592 58905
593 59103
594 59302
595 59501
596 59700
597 59900
598 60100
599 60300
600 60501
601 60702
602 60903
603 61105
604 61307
605 61509
606 61712
607 61915
608 62118
609 62322
610 62526
611 62730
612 62935
613 63140
614 63345
615 63551
616 63757
617 63963
618 64170
619 64377
620 64584
621 64792
622 65000
623 65208
624 65417
625 65626
626 65835
627 66045
628 66255
629 66465
630 66676
631 66887
632 67098
633 67310
634 67522
635 67734
636 67947
637 68160
638 68373
639 68587
640 68801
641 69015
642 69230
643 69445
644 69660
645 69876
646 70092
647 70308
648 70525
649 70742
650 70959
651 71177
652 71395
653 71613
654 71832
655 72051
656 72270
657 72490
658 72710
659 72930
660 73151
661 73372
662 73593
663 73815
664 74037
665 74259
666 74482
667 74705
668 74928
669 75152
670 75376
671 75600
672 75825
673 76050
674 76275
675 76501
676 76727
677 76953
678 77180
679 77407
680 77634
681 77862
682 78090
683 78318
684 78547
685 78776
686 79005
687 79235
688 79465
689 79695
690 79926
691 80157
692 80388
693 80620
694 80852
695 81084
696 81317
697 81550
698 81783
699 82017
700 82251
701 82485
702 82720
703 82955
704 83190
705 83426
706 83662
707 83898
708 84135
709 84372
710 84609
711 84847
712 85085
713 85323
714 85562
715 85801
716 86040
717 86280
718 86520
719 86760
720 87001
721 87242
722 87483
723 87725
724 87967
725 88209
726 88452
727 88695
728 88938
729 89182
730 89426
731 89670
732 89915
733 90160
734 90405
735 90651
736 90897
737 91143
738 91390
739 91637
740 91884
741 92132
742 92380
743 92628
744 92877
745 93126
746 93375
747 93625
748 93875
749 94125
750 94376
751 94627
752 94878
753 95130
754 95382
755 95634
756 95887
757 96140
758 96393
759 96647
760 96901
761 97155
762 97410
763 97665
764 97920
765 98176
766 98432
767 98688
768 98945
769 99202
770 99459
771 99717
772 99975
773 100233
774 100492
775 100751
776 101010
777 101270
778 101530
779 101790
780 102051
781 102312
782 102573
783 102835
784 103097
785 103359
786 103622
787 103885
788 104148
789 104412
790 104676
791 104940
792 105205
793 105470
794 105735
795 106001
796 106267
797 106533
798 106800
799 107067
800 107334
801 107602
802 107870
803 108138
804 108407
805 108676
806 108945
807 109215
808 109485
809 109755
810 110026
811 110297
812 110568
813 110840
814 111112
815 111384
816 111657
817 111930
818 112203
819 112477
820 112751
821 113025
822 113300
823 113575
824 113850
825 114126
826 114402
827 114678
828 114955
829 115232
830 115509
831 115787
832 116065
833 116343
834 116622
835 116901
836 117180
837 117460
838 117740
839 118020
840 118301
841 118582
842 118863
843 119145
844 119427
845 119709
846 119992
847 120275
848 120558
849 120842
850 121126
851 121410
852 121695
853 121980
854 122265
855 122551
856 122837
857 123123
858 123410
859 123697
860 123984
861 124272
862 124560
863 124848
864 125137
865 125426
866 125715
867 126005
868 126295
869 126585
870 126876
871 127167
872 127458
873 127750
874 128042
875 128334
876 128627
877 128920
878 129213
879 129507
880 129801
881 130095
882 130390
883 130685
884 130980
885 131276
886 131572
887 131868
888 132165
889 132462
890 132759
891 133057
892 133355
893 133653
894 133952
895 134251
896 134550
897 134850
898 135150
899 135450
900 135751
901 136052
902 136353
903 136655
904 136957
905 137259
906 137562
907 137865
908 138168
909 138472
910 138776
911 139080
912 139385
913 139690
914 139995
915 140301
916 140607
917 140913
918 141220
919 141527
920 141834
921 142142
922 142450
923 142758
924 143067
925 143376
926 143685
927 143995
928 144305
929 144615
930 144926
931 145237
932 145548
933 145860
934 146172
935 146484
936 146797
937 147110
938 147423
939 147737
940 148051
941 148365
942 148680
943 148995
944 149310
945 149626
946 149942
947 150258
948 150575
949 150892
950 151209
951 151527
952 151845
953 152163
954 152482
955 152801
956 153120
957 153440
958 153760
959 154080
960 154401
961 154722
962 155043
963 155365
964 155687
965 156009
966 156332
967 156655
968 156978
969 157302
970 157626
971 157950
972 158275
973 158600
974 158925
975 159251
976 159577
977 159903
978 160230
979 160557
980 160884
981 161212
982 161540
983 161868
984 162197
985 162526
986 162855
987 163185
988 163515
989 163845
990 164176
991 164507
992 164838
993 165170
994 165502
995 165834
996 166167
997 166500
998 166833
999 167167
1000 167501
