0 1
1 0
2 1
3 0
4 1
5 0
6 1
7 0
8 1
9 0
10 1
11 0
12 2
13 0
14 2
15 0
16 2
17 0
18 2
19 0
20 3
21 0
22 3
23 0
24 4
25 0
26 4
27 0
28 4
29 0
30 5
31 0
32 6
33 0
34 6
35 0
36 7
37 0
38 7
39 0
40 8
41 0
42 9
43 0
44 10
45 0
46 10
47 0
48 11
49 0
50 12
51 0
52 13
53 0
54 14
55 0
56 15
57 0
58 15
59 0
60 18
61 0
62 19
63 0
64 20
65 0
66 21
67 0
68 22
69 0
70 23
71 0
72 26
73 0
74 27
75 0
76 28
77 0
78 29
79 0
80 32
81 0
82 33
83 0
84 36
85 0
86 37
87 0
88 38
89 0
90 41
91 0
92 44
93 0
94 45
95 0
96 48
97 0
98 49
99 0
100 52
101 0
102 55
103 0
104 58
105 0
106 59
107 0
108 62
109 0
110 65
111 0
112 68
113 0
114 71
115 0
116 74
117 0
118 75
119 0
120 81
121 0
122 84
123 0
124 87
125 0
126 90
127 0
128 93
129 0
130 96
131 0
132 102
133 0
134 105
135 0
136 108
137 0
138 111
139 0
140 117
141 0
142 120
143 0
144 126
145 0
146 129
147 0
148 132
149 0
150 138
151 0
152 144
153 0
154 147
155 0
156 153
157 0
158 156
159 0
160 162
161 0
162 168
163 0
164 174
165 0
166 177
167 0
168 183
169 0
170 189
171 0
172 195
173 0
174 201
175 0
176 207
177 0
178 210
179 0
180 220
181 0
182 226
183 0
184 232
185 0
186 238
187 0
188 244
189 0
190 250
191 0
192 260
193 0
194 266
195 0
196 272
197 0
198 278
199 0
200 288
201 0
202 294
203 0
204 304
205 0
206 310
207 0
208 316
209 0
210 326
211 0
212 336
213 0
214 342
215 0
216 352
217 0
218 358
219 0
220 368
221 0
222 378
223 0
224 388
225 0
226 394
227 0
228 404
229 0
230 414
231 0
232 424
233 0
234 434
235 0
236 444
237 0
238 450
239 0
240 465
241 0
242 475
243 0
244 485
245 0
246 495
247 0
248 505
249 0
250 515
251 0
252 530
253 0
254 540
255 0
256 550
257 0
258 560
259 0
260 575
261 0
262 585
263 0
264 600
265 0
266 610
267 0
268 620
269 0
270 635
271 0
272 650
273 0
274 660
275 0
276 675
277 0
278 685
279 0
280 700
281 0
282 715
283 0
284 730
285 0
286 740
287 0
288 755
289 0
290 770
291 0
292 785
293 0
294 800
295 0
296 815
297 0
298 825
299 0
300 846
301 0
302 861
303 0
304 876
305 0
306 891
307 0
308 906
309 0
310 921
311 0
312 942
313 0
314 957
315 0
316 972
317 0
318 987
319 0
320 1008
321 0
322 1023
323 0
324 1044
325 0
326 1059
327 0
328 1074
329 0
330 1095
331 0
332 1116
333 0
334 1131
335 0
336 1152
337 0
338 1167
339 0
340 1188
341 0
342 1209
343 0
344 1230
345 0
346 1245
347 0
348 1266
349 0
350 1287
351 0
352 1308
353 0
354 1329
355 0
356 1350
357 0
358 1365
359 0
360 1393
361 0
362 1414
363 0
364 1435
365 0
366 1456
367 0
368 1477
369 0
370 1498
371 0
372 1526
373 0
374 1547
375 0
376 1568
377 0
378 1589
379 0
380 1617
381 0
382 1638
383 0
384 1666
385 0
386 1687
387 0
388 1708
389 0
390 1736
391 0
392 1764
393 0
394 1785
395 0
396 1813
397 0
398 1834
399 0
400 1862
401 0
402 1890
403 0
404 1918
405 0
406 1939
407 0
408 1967
409 0
410 1995
411 0
412 2023
413 0
414 2051
415 0
416 2079
417 0
418 2100
419 0
420 2136
421 0
422 2164
423 0
424 2192
425 0
426 2220
427 0
428 2248
429 0
430 2276
431 0
432 2312
433 0
434 2340
435 0
436 2368
437 0
438 2396
439 0
440 2432
441 0
442 2460
443 0
444 2496
445 0
446 2524
447 0
448 2552
449 0
450 2588
451 0
452 2624
453 0
454 2652
455 0
456 2688
457 0
458 2716
459 0
460 2752
461 0
462 2788
463 0
464 2824
465 0
466 2852
467 0
468 2888
469 0
470 2924
471 0
472 2960
473 0
474 2996
475 0
476 3032
477 0
478 3060
479 0
480 3105
481 0
482 3141
483 0
484 3177
485 0
486 3213
487 0
488 3249
489 0
490 3285
491 0
492 3330
493 0
494 3366
495 0
496 3402
497 0
498 3438
499 0
500 3483
501 0
502 3519
503 0
504 3564
505 0
506 3600
507 0
508 3636
509 0
510 3681
511 0
512 3726
513 0
514 3762
515 0
516 3807
517 0
518 3843
519 0
520 3888
521 0
522 3933
523 0
524 3978
525 0
526 4014
527 0
528 4059
529 0
530 4104
531 0
532 4149
533 0
534 4194
535 0
536 4239
537 0
538 4275
539 0
540 4330
541 0
542 4375
543 0
544 4420
545 0
546 4465
547 0
548 4510
549 0
550 4555
551 0
552 4610
553 0
554 4655
555 0
556 4700
557 0
558 4745
559 0
560 4800
561 0
562 4845
563 0
564 4900
565 0
566 4945
567 0
568 4990
569 0
570 5045
571 0
572 5100
573 0
574 5145
575 0
576 5200
577 0
578 5245
579 0
580 5300
581 0
582 5355
583 0
584 5410
585 0
586 5455
587 0
588 5510
589 0
590 5565
591 0
592 5620
593 0
594 5675
595 0
596 5730
597 0
598 5775
599 0
600 5841
601 0
602 5896
603 0
604 5951
605 0
606 6006
607 0
608 6061
609 0
610 6116
611 0
612 6182
613 0
614 6237
615 0
616 6292
617 0
618 6347
619 0
620 6413
621 0
622 6468
623 0
624 6534
625 0
626 6589
627 0
628 6644
629 0
630 6710
631 0
632 6776
633 0
634 6831
635 0
636 6897
637 0
638 6952
639 0
640 7018
641 0
642 7084
643 0
644 7150
645 0
646 7205
647 0
648 7271
649 0
650 7337
651 0
652 7403
653 0
654 7469
655 0
656 7535
657 0
658 7590
659 0
660 7668
661 0
662 7734
663 0
664 7800
665 0
666 7866
667 0
668 7932
669 0
670 7998
671 0
672 8076
673 0
674 8142
675 0
676 8208
677 0
678 8274
679 0
680 8352
681 0
682 8418
683 0
684 8496
685 0
686 8562
687 0
688 8628
689 0
690 8706
691 0
692 8784
693 0
694 8850
695 0
696 8928
697 0
698 8994
699 0
700 9072
701 0
702 9150
703 0
704 9228
705 0
706 9294
707 0
708 9372
709 0
710 9450
711 0
712 9528
713 0
714 9606
715 0
716 9684
717 0
718 9750
719 0
720 9841
721 0
722 9919
723 0
724 9997
725 0
726 10075
727 0
728 10153
729 0
730 10231
731 0
732 10322
733 0
734 10400
735 0
736 10478
737 0
738 10556
739 0
740 10647
741 0
742 10725
743 0
744 10816
745 0
746 10894
747 0
748 10972
749 0
750 11063
751 0
752 11154
753 0
754 11232
755 0
756 11323
757 0
758 11401
759 0
760 11492
761 0
762 11583
763 0
764 11674
765 0
766 11752
767 0
768 11843
769 0
770 11934
771 0
772 12025
773 0
774 12116
775 0
776 12207
777 0
778 12285
779 0
780 12390
781 0
782 12481
783 0
784 12572
785 0
786 12663
787 0
788 12754
789 0
790 12845
791 0
792 12950
793 0
794 13041
795 0
796 13132
797 0
798 13223
799 0
800 13328
801 0
802 13419
803 0
804 13524
805 0
806 13615
807 0
808 13706
809 0
810 13811
811 0
812 13916
813 0
814 14007
815 0
816 14112
817 0
818 14203
819 0
820 14308
821 0
822 14413
823 0
824 14518
825 0
826 14609
827 0
828 14714
829 0
830 14819
831 0
832 14924
833 0
834 15029
835 0
836 15134
837 0
838 15225
839 0
840 15345
841 0
842 15450
843 0
844 15555
845 0
846 15660
847 0
848 15765
849 0
850 15870
851 0
852 15990
853 0
854 16095
855 0
856 16200
857 0
858 16305
859 0
860 16425
861 0
862 16530
863 0
864 16650
865 0
866 16755
867 0
868 16860
869 0
870 16980
871 0
872 17100
873 0
874 17205
875 0
876 17325
877 0
878 17430
879 0
880 17550
881 0
882 17670
883 0
884 17790
885 0
886 17895
887 0
888 18015
889 0
890 18135
891 0
892 18255
893 0
894 18375
895 0
896 18495
897 0
898 18600
899 0
900 18736
901 0
902 18856
903 0
904 18976
905 0
906 19096
907 0
908 19216
909 0
910 19336
911 0
912 19472
913 0
914 19592
915 0
916 19712
917 0
918 19832
919 0
920 19968
921 0
922 20088
923 0
924 20224
925 0
926 20344
927 0
928 20464
929 0
930 20600
931 0
932 20736
933 0
934 20856
935 0
936 20992
937 0
938 21112
939 0
940 21248
941 0
942 21384
943 0
944 21520
945 0
946 21640
947 0
948 21776
949 0
950 21912
951 0
952 22048
953 0
954 22184
955 0
956 22320
957 0
958 22440
959 0
960 22593
961 0
962 22729
963 0
964 22865
965 0
966 23001
967 0
968 23137
969 0
970 23273
971 0
972 23426
973 0
974 23562
975 0
976 23698
977 0
978 23834
979 0
980 23987
981 0
982 24123
983 0
984 24276
985 0
986 24412
987 0
988 24548
989 0
990 24701
991 0
992 24854
993 0
994 24990
995 0
996 25143
997 0
998 25279
999 0
1000 25432
