0 1
1 2
2 3
3 4
4 5
5 6
6 7
7 8
8 9
9 10
10 11
11 12
12 14
13 16
14 18
15 20
16 22
17 24
18 26
19 28
20 30
21 32
22 34
23 36
24 39
25 42
26 45
27 48
28 51
29 54
30 57
31 60
32 63
33 66
34 69
35 72
36 76
37 80
38 84
39 88
40 92
41 96
42 100
43 104
44 108
45 112
46 116
47 120
48 125
49 130
50 135
51 140
52 145
53 150
54 155
55 160
56 165
57 170
58 175
59 180
60 186
61 192
62 198
63 204
64 210
65 216
66 222
67 228
68 234
69 240
70 246
71 252
72 259
73 266
74 273
75 280
76 287
77 294
78 301
79 308
80 315
81 322
82 329
83 336
84 344
85 352
86 360
87 368
88 376
89 384
90 392
91 400
92 408
93 416
94 424
95 432
96 441
97 450
98 459
99 468
100 477
101 486
102 495
103 504
104 513
105 522
106 531
107 540
108 550
109 560
110 570
111 580
112 590
113 600
114 610
115 620
116 630
117 640
118 650
119 660
120 671
121 682
122 693
123 704
124 715
125 726
126 737
127 748
128 759
129 770
130 781
131 792
132 804
133 816
134 828
135 840
136 852
137 864
138 876
139 888
140 900
141 912
142 924
143 936
144 949
145 962
146 975
147 988
148 1001
149 1014
150 1027
151 1040
152 1053
153 1066
154 1079
155 1092
156 1106
157 1120
158 1134
159 1148
160 1162
161 1176
162 1190
163 1204
164 1218
165 1232
166 1246
167 1260
168 1275
169 1290
170 1305
171 1320
172 1335
173 1350
174 1365
175 1380
176 1395
177 1410
178 1425
179 1440
180 1456
181 1472
182 1488
183 1504
184 1520
185 1536
186 1552
187 1568
188 1584
189 1600
190 1616
191 1632
192 1649
193 1666
194 1683
195 1700
196 1717
197 1734
198 1751
199 1768
200 1785
201 1802
202 1819
203 1836
204 1854
205 1872
206 1890
207 1908
208 1926
209 1944
210 1962
211 1980
212 1998
213 2016
214 2034
215 2052
216 2071
217 2090
218 2109
219 2128
220 2147
221 2166
222 2185
223 2204
224 2223
225 2242
226 2261
227 2280
228 2300
229 2320
230 2340
231 2360
232 2380
233 2400
234 2420
235 2440
236 2460
237 2480
238 2500
239 2520
240 2541
241 2562
242 2583
243 2604
244 2625
245 2646
246 2667
247 2688
248 2709
249 2730
250 2751
251 2772
252 2794
253 2816
254 2838
255 2860
256 2882
257 2904
258 2926
259 2948
260 2970
261 2992
262 3014
263 3036
264 3059
265 3082
266 3105
267 3128
268 3151
269 3174
270 3197
271 3220
272 3243
273 3266
274 3289
275 3312
276 3336
277 3360
278 3384
279 3408
280 3432
281 3456
282 3480
283 3504
284 3528
285 3552
286 3576
287 3600
288 3625
289 3650
290 3675
291 3700
292 3725
293 3750
294 3775
295 3800
296 3825
297 3850
298 3875
299 3900
300 3926
301 3952
302 3978
303 4004
304 4030
305 4056
306 4082
307 4108
308 4134
309 4160
310 4186
311 4212
312 4239
313 4266
314 4293
315 4320
316 4347
317 4374
318 4401
319 4428
320 4455
321 4482
322 4509
323 4536
324 4564
325 4592
326 4620
327 4648
328 4676
329 4704
330 4732
331 4760
332 4788
333 4816
334 4844
335 4872
336 4901
337 4930
338 4959
339 4988
340 5017
341 5046
342 5075
343 5104
344 5133
345 5162
346 5191
347 5220
348 5250
349 5280
350 5310
351 5340
352 5370
353 5400
354 5430
355 5460
356 5490
357 5520
358 5550
359 5580
360 5611
361 5642
362 5673
363 5704
364 5735
365 5766
366 5797
367 5828
368 5859
369 5890
370 5921
371 5952
372 5984
373 6016
374 6048
375 6080
376 6112
377 6144
378 6176
379 6208
380 6240
381 6272
382 6304
383 6336
384 6369
385 6402
386 6435
387 6468
388 6501
389 6534
390 6567
391 6600
392 6633
393 6666
394 6699
395 6732
396 6766
397 6800
398 6834
399 6868
400 6902
401 6936
402 6970
403 7004
404 7038
405 7072
406 7106
407 7140
408 7175
409 7210
410 7245
411 7280
412 7315
413 7350
414 7385
415 7420
416 7455
417 7490
418 7525
419 7560
420 7596
421 7632
422 7668
423 7704
424 7740
425 7776
426 7812
427 7848
428 7884
429 7920
430 7956
431 7992
432 8029
433 8066
434 8103
435 8140
436 8177
437 8214
438 8251
439 8288
440 8325
441 8362
442 8399
443 8436
444 8474
445 8512
446 8550
447 8588
448 8626
449 8664
450 8702
451 8740
452 8778
453 8816
454 8854
455 8892
456 8931
457 8970
458 9009
459 9048
460 9087
461 9126
462 9165
463 9204
464 9243
465 9282
466 9321
467 9360
468 9400
469 9440
470 9480
471 9520
472 9560
473 9600
474 9640
475 9680
476 9720
477 9760
478 9800
479 9840
480 9881
481 9922
482 9963
483 10004
484 10045
485 10086
486 10127
487 10168
488 10209
489 10250
490 10291
491 10332
492 10374
493 10416
494 10458
495 10500
496 10542
497 10584
498 10626
499 10668
500 10710
501 10752
502 10794
503 10836
504 10879
505 10922
506 10965
507 11008
508 11051
509 11094
510 11137
511 11180
512 11223
513 11266
514 11309
515 11352
516 11396
517 11440
518 11484
519 11528
520 11572
521 11616
522 11660
523 11704
524 11748
525 11792
526 11836
527 11880
528 11925
529 11970
530 12015
531 12060
532 12105
533 12150
534 12195
535 12240
536 12285
537 12330
538 12375
539 12420
540 12466
541 12512
542 12558
543 12604
544 12650
545 12696
546 12742
547 12788
548 12834
549 12880
550 12926
551 12972
552 13019
553 13066
554 13113
555 13160
556 13207
557 13254
558 13301
559 13348
560 13395
561 13442
562 13489
563 13536
564 13584
565 13632
566 13680
567 13728
568 13776
569 13824
570 13872
571 13920
572 13968
573 14016
574 14064
575 14112
576 14161
577 14210
578 14259
579 14308
580 14357
581 14406
582 14455
583 14504
584 14553
585 14602
586 14651
587 14700
588 14750
589 14800
590 14850
591 14900
592 14950
593 15000
594 15050
595 15100
596 15150
597 15200
598 15250
599 15300
600 15351
601 15402
602 15453
603 15504
604 15555
605 15606
606 15657
607 15708
608 15759
609 15810
610 15861
611 15912
612 15964
613 16016
614 16068
615 16120
616 16172
617 16224
618 16276
619 16328
620 16380
621 16432
622 16484
623 16536
624 16589
625 16642
626 16695
627 16748
628 16801
629 16854
630 16907
631 16960
632 17013
633 17066
634 17119
635 17172
636 17226
637 17280
638 17334
639 17388
640 17442
641 17496
642 17550
643 17604
644 17658
645 17712
646 17766
647 17820
648 17875
649 17930
650 17985
651 18040
652 18095
653 18150
654 18205
655 18260
656 18315
657 18370
658 18425
659 18480
660 18536
661 18592
662 18648
663 18704
664 18760
665 18816
666 18872
667 18928
668 18984
669 19040
670 19096
671 19152
672 19209
673 19266
674 19323
675 19380
676 19437
677 19494
678 19551
679 19608
680 19665
681 19722
682 19779
683 19836
684 19894
685 19952
686 20010
687 20068
688 20126
689 20184
690 20242
691 20300
692 20358
693 20416
694 20474
695 20532
696 20591
697 20650
698 20709
699 20768
700 20827
701 20886
702 20945
703 21004
704 21063
705 21122
706 21181
707 21240
708 21300
709 21360
710 21420
711 21480
712 21540
713 21600
714 21660
715 21720
716 21780
717 21840
718 21900
719 21960
720 22021
721 22082
722 22143
723 22204
724 22265
725 22326
726 22387
727 22448
728 22509
729 22570
730 22631
731 22692
732 22754
733 22816
734 22878
735 22940
736 23002
737 23064
738 23126
739 23188
740 23250
741 23312
742 23374
743 23436
744 23499
745 23562
746 23625
747 23688
748 23751
749 23814
750 23877
751 23940
752 24003
753 24066
754 24129
755 24192
756 24256
757 24320
758 24384
759 24448
760 24512
761 24576
762 24640
763 24704
764 24768
765 24832
766 24896
767 24960
768 25025
769 25090
770 25155
771 25220
772 25285
773 25350
774 25415
775 25480
776 25545
777 25610
778 25675
779 25740
780 25806
781 25872
782 25938
783 26004
784 26070
785 26136
786 26202
787 26268
788 26334
789 26400
790 26466
791 26532
792 26599
793 26666
794 26733
795 26800
796 26867
797 26934
798 27001
799 27068
800 27135
801 27202
802 27269
803 27336
804 27404
805 27472
806 27540
807 27608
808 27676
809 27744
810 27812
811 27880
812 27948
813 28016
814 28084
815 28152
816 28221
817 28290
818 28359
819 28428
820 28497
821 28566
822 28635
823 28704
824 28773
825 28842
826 28911
827 28980
828 29050
829 29120
830 29190
831 29260
832 29330
833 29400
834 29470
835 29540
836 29610
837 29680
838 29750
839 29820
840 29891
841 29962
842 30033
843 30104
844 30175
845 30246
846 30317
847 30388
848 30459
849 30530
850 30601
851 30672
852 30744
853 30816
854 30888
855 30960
856 31032
857 31104
858 31176
859 31248
860 31320
861 31392
862 31464
863 31536
864 31609
865 31682
866 31755
867 31828
868 31901
869 31974
870 32047
871 32120
872 32193
873 32266
874 32339
875 32412
876 32486
877 32560
878 32634
879 32708
880 32782
881 32856
882 32930
883 33004
884 33078
885 33152
886 33226
887 33300
888 33375
889 33450
890 33525
891 33600
892 33675
893 33750
894 33825
895 33900
896 33975
897 34050
898 34125
899 34200
900 34276
901 34352
902 34428
903 34504
904 34580
905 34656
906 34732
907 34808
908 34884
909 34960
910 35036
911 35112
912 35189
913 35266
914 35343
915 35420
916 35497
917 35574
918 35651
919 35728
920 35805
921 35882
922 35959
923 36036
924 36114
925 36192
926 36270
927 36348
928 36426
929 36504
930 36582
931 36660
932 36738
933 36816
934 36894
935 36972
936 37051
937 37130
938 37209
939 37288
940 37367
941 37446
942 37525
943 37604
944 37683
945 37762
946 37841
947 37920
948 38000
949 38080
950 38160
951 38240
952 38320
953 38400
954 38480
955 38560
956 38640
957 38720
958 38800
959 38880
960 38961
961 39042
962 39123
963 39204
964 39285
965 39366
966 39447
967 39528
968 39609
969 39690
970 39771
971 39852
972 39934
973 40016
974 40098
975 40180
976 40262
977 40344
978 40426
979 40508
980 40590
981 40672
982 40754
983 40836
984 40919
985 41002
986 41085
987 41168
988 41251
989 41334
990 41417
991 41500
992 41583
993 41666
994 41749
995 41832
996 41916
997 42000
998 42084
999 42168
1000 42252
