0 1
1 1
2 1
3 1
4 1
5 1
6 1
7 2
8 3
9 4
10 5
11 6
12 7
13 9
14 12
15 16
16 21
17 27
18 34
19 43
20 55
21 71
22 92
23 119
24 153
25 196
26 251
27 322
28 414
29 533
30 686
31 882
32 1133
33 1455
34 1869
35 2402
36 3088
37 3970
38 5103
39 6558
40 8427
41 10829
42 13917
43 17887
44 22990
45 29548
46 37975
47 48804
48 62721
49 80608
50 103598
51 133146
52 171121
53 219925
54 282646
55 363254
56 466852
57 599998
58 771119
59 991044
60 1273690
61 1636944
62 2103796
63 2703794
64 3474913
65 4465957
66 5739647
67 7376591
68 9480387
69 12184181
70 15659094
71 20125051
72 25864698
73 33241289
74 42721676
75 54905857
76 70564951
77 90690002
78 116554700
79 149795989
80 192517665
81 247423522
82 317988473
83 408678475
84 525233175
85 675029164
86 867546829
87 1114970351
88 1432958824
89 1841637299
90 2366870474
91 3041899638
92 3909446467
93 5024416818
94 6457375642
95 8299012941
96 10665883415
97 13707783053
98 17617229520
99 22641646338
100 29099021980
101 37398034921
102 48063918336
103 61771701389
104 79388930909
105 102030577247
106 131129599227
107 168527634148
108 216591552484
109 278363253873
110 357752184782
111 459782762029
112 590912361256
113 759439995404
114 976031547888
115 1254394801761
116 1612146986543
117 2071929748572
118 2662842109828
119 3422282105232
120 4398313653120
121 5652708454881
122 7264855441424
123 9336785189996
124 11999627299824
125 15421909405056
126 19820223058176
127 25472931513057
128 32737786954481
129 42074572144477
130 54074199444301
131 69496108849357
132 89316331907533
133 114789263420590
134 147527050375071
135 189601622519548
136 243675821963849
137 313171930813206
138 402488262720739
139 517277526141329
140 664804576516400
141 854406199035948
142 1098082020999797
143 1411253951813003
144 1813742214533742
145 2331019740675071
146 2995824317191471
147 3850230516227419
148 4948312537227216
149 6359566489040219
150 8173308703573961
151 10504328444249032
152 13500152761440503
153 17350383277667922
154 22298695814895138
155 28658262303935357
156 36831571007509318
157 47335899451758350
158 60836052213198853
159 78186435490866775
160 100485131305761913
161 129143393609697270
162 165974964617206588
163 213310864068964938
164 274146916282163791
165 352333351773030566
166 452818483078792479
167 581961876688489749
168 747936841305696337
169 961247705374661275
170 1235394621656825066
171 1587727973429855632
172 2040546456508648111
173 2622508333197137860
174 3370445174502834197
175 4331692879877495472
176 5567087501534320538
177 7154815474964176170
178 9195361931472824281
179 11817870264669962141
180 15188315439172796338
181 19520008319050291810
182 25087095820584612348
183 32241911295548788518
184 41437273227021612799
185 53255143491691574940
186 68443458930864371278
187 87963467249914663088
188 113050563070499275436
189 145292474366048063954
190 186729747593069676753
191 239984891084761251693
192 308428350015625622971
193 396391817265540286059
194 509442380336039561495
195 654734854702087625449
196 841464602295157302202
197 1081449493379918553895
198 1389877843395544176866
199 1786269660661084462925
200 2295712040997124024420
201 2950446895699211649869
202 3791911497994368952071
203 4873360991374287505966
204 6263238834769831682832
205 8049508495430916145757
206 10345220536428040170177
207 13295667432127251820046
208 17087578930121620772117
209 21960939921495908278083
210 28224178756265739960915
211 36273687251696656106672
212 46618907788124696276849
213 59914575220251948096895
214 77002154150373568869012
215 98963094071869477147095
216 127187272828135217108010
217 163460960079831873214682
218 210079867867956569491531
219 269994443088208517588426
220 346996597238582086457438
221 445959691310451563604533
222 573146964138586780712543
223 736607924218418653927225
224 946687792086375223418756
225 1216682235174583741007182
226 1563678832413165827464620
227 2009638523723617391069153
228 2582785487862204171781696
229 3319393412080622825708921
230 4266081204166998049127677
231 5482763439341581790134859
232 7046442271754747617599479
233 9056080795478365008668632
234 11638866283340569180450328
235 14958259695421192006159249
236 19224340899588190055286926
237 24707104338929771845421785
238 31753546610684519463021264
239 40809627406162884471689896
240 52448493689503453652140224
241 67406753384924645658299473
242 86631094284512835713586399
243 111338198623442607559008184
244 143091745234127127022029448
245 183901372640290011493719344
246 236349866329793465145859568
247 303756619714718110804159041
248 390387713999230946517745440
249 501725912622673554076753624
250 644817657856800681098783072
251 828719030497090692592502416
252 1065068896826884157738361984
253 1368825516541602268542521025
254 1759213230540833215060266465
255 2260939143163506769137020089
256 2905756801020307450235803161
257 3734475831517398142828305577
258 4799544728344282300566667561
259 6168370244885884569109188586
260 7927583475426717784169455051
261 10188522618590224553306475140
262 13094279419610532003542278301
263 16828755251127930146370583878
264 21628299979472212446937251439
265 27796670224358097016046440025
266 35724253699784814800215895076
267 45912776318375039353522370216
268 59007055737985571357064648517
269 75835810989113501503435232395
270 97464110968585713950372483834
271 125260781192943810966418923859
272 160985034892728625766634818935
273 206897811211103665120157189151
274 265904866949089236477221837668
275 341740677938202737980657070063
276 439204788906788451931029553897
277 564465570099732262897448477756
278 725450604992460888664083296691
279 932348416203564553784240485842
280 1198253283152653790261462323510
281 1539993961090856528242119393573
282 1979198749997644980173148947470
283 2543664320097377243070597425226
284 3269114925089838131734680721917
285 4201463341293402685518921207759
286 5399716624446056475780383531269
287 6939710585536913004022502924842
288 8918909335534557984195651872312
289 11462573655631935227266249297538
290 14731688580721773359000930019455
291 18933151922015176044519851227214
292 24332868546461232520300234758483
293 31272579131998145524322737683325
294 40191488467532703508518389555637
295 51654062123164638735784638853175
296 66385750703886412094785568872630
297 85318902625901588139305420099844
298 109651771172362820659605654858327
299 140924350304360966183928392541652
300 181115838771893669692446782097289
301 232769900895058308428231420950464
302 299155651598944720523016989823094
303 384474554224846308662322409922938
304 494126325397209129321928064781265
305 635050675701570095505856457322917
306 816166514473463765198303239420206
307 1048936415368522073626534660370670
308 1348092066967466794149551650193764
309 1732566621192313102811874060116702
310 2226692946589522232133802124897967
311 2861743622291092327639658582220884
312 3677910136764556092837961821641090
313 4726846552133078166464496482011760
314 6074938619100544960614048132205524
315 7807505240292858063425922192322226
316 10034198186882380295559724317220193
317 12895941809173472623199382899441077
318 16573851945938028716037344721082167
319 21300698498071106882501841203093927
320 27375637117171651843115889335299451
321 35183142357464509906541811527621677
322 45217340544346890202101535844841870
323 58113282353520362825300918744282947
324 74687134299458391541338263465365114
325 95987832797529498423840104668459041
326 123363469914701150266955994003758492
327 158546612272165660173497805531380169
328 203763952816512550375599341376222039
329 261877235170032913200900260120504986
330 336564369469491304742238523585870100
331 432552202267020803166078628254329141
332 555915672181721953433034622258087633
333 714462284453887613606532427789467802
334 918226237270400163982131769165689841
335 1180103472440433077183032029286194827
336 1516667841909924381925270552872064927
337 1949220044176945185091349181126394068
338 2505135716358667138524383803384481701
339 3219598000812554752130916231173949503
340 4137824238082954916113048000339639344
341 5317927710523387993296080029625834171
342 6834595552433312375221350582497899098
343 8783815596610257560312699763624293166
344 11288951312968924698837083567008774867
345 14508549313781479450967999798182724370
346 18646373551864434367081047798522363714
347 23964301262387822360377127828148197885
348 30798896814821134735598478410646096983
349 39582712411431392295911178174270390149
350 50871663724400316994748261741279165016
351 65380213038181796445716261539461889386
352 84026586590046230812797309337984253100
353 107990887852434053173174437166132450985
354 138789784667255187908772915576778547968
355 178372497078686580204684093751048938117
356 229244160803086897199432355492328103133
357 294624373841268693645148617031789992519
358 378650960431314924457945926369774245619
359 486641848283748977631120363535906696604
360 625431632951004165539893279112685244572
361 803804130029690745744577372863734182689
362 1033048290832777642944009728356062285822
363 1327672664674046336589158345387852278341
364 1706323625105361261047104271757626523960
365 2192965473389110238678224635293533220564
366 2818397106340114404218117914406218465136
367 3622201236369805149962695287269952647825
368 4655249527202582792906705015626014933647
369 5982922191876629129495863361013867211988
370 7689245816981990390542967632771493735948
371 9882211290371100629221192268065026956512
372 12700608396711215033439310182471245421648
373 16322809633081020183402005469741198069473
374 20978059160283602976308710485367213003120
375 26960981352160232105804573846381080215108
376 34650227169142222496347541479152573951056
377 44532438459513323125568733747217600907568
378 57233046856224538159008043929688846329216
379 73555856489305558342410049399430044398689
380 94533915649589161318718759884797257401809
381 121494897001749393424523333731178337616917
382 156145124170891615920870875210330911567973
383 200677562630404939046439608957548512475541
384 257910609486629477205447652887237358804757
385 331466465975935035547857702286667403203446
386 426000381625524196866576462171464660605255
387 547495278627273590291099795902642998222172
388 703640402798165206211970671112973909790145
389 904317965428570145258410280070522422265686
390 1162228574915199622463857932957759781070443
391 1493695040891134658011715635244427184273889
392 1919695422516658854878292097415891844879144
393 2467190701143932445169391893318534843101316
394 3170831103942097651381362564431508752891461
395 4075149069370667796639772844502031175157147
396 5237377644285867419103630777459790956227590
397 6731072685177002077115346412704218140501479
398 8650768107693660931993638510120109985380623
399 11117958808837593377163030403438644828481939
400 14288789912779691028544392967870153581373400
401 18363938982150358825184165812372184756530547
402 23601316626436226244287796589831975712758137
403 30332389311613228321403143002536193853259616
404 38983157419306889253396781512656303838640239
405 50101116228144482630559811916094948667122178
406 64389906140924173659104204883965102248495578
407 82753845123074532484288370696337287005026125
408 106355161749510758728576167286169262717784262
409 136687551061123987049979310288705456571043878
410 175670708480430876303376091801361760409684117
411 225771824708575358933935903717456709076806295
412 290161730849499532593040108601421811325301873
413 372915575972574065077328479297759098330327998
414 479270737722084823805904646583928361048112260
415 615958288783208810855883956872633817619156138
416 791628997263639687159260048673995578028840255
417 1017400821972215046093195952391452287105646550
418 1307562552821714578686236060992874098430948423
419 1680478128794288643763564540290633196761276421
420 2159748866516373467569469186874561557809388681
421 2775707155299582278425353143747195375428544819
422 3567336152563221965584613192421190953457385074
423 4584736974535437011677809144812643240563031624
424 5892299527357151590364045205805517338993980047
425 7572777656151440234127609746096150535755256468
426 9732526522667813701697078932970712093564645149
427 12508233677967395980122432076717907468993189968
428 16075569830530617945707045269139098422450575042
429 20660306805066054957384854413951741663013606666
430 26552606332423206547748899619757259002007586713
431 34125383988574646781876509365853409537762843181
432 43857910511242460483573588298824121631327488330
433 56366144189209856463696020375542029100320678298
434 72441714019740474409403065644681127522771253340
435 93102020824806529366787920058632869185784860006
436 119654627157229735914536819678390128187792446719
437 153780011145804382696413329044243537725555289900
438 197637921657046843179986917343067659356882778230
439 254004065846256699643682937718609688457203456528
440 326445779865997174053086003363290815979974709868
441 419547800690803703419873923421923685165759569874
442 539202427848033439334410743100313813353552016593
443 692982438993837822030824072144557351079107306493
444 890620360650884665210810989487625010435990084723
445 1144624426497141364854493927206234698893193541251
446 1471070206363138538907579930569525514873168251119
447 1890618007053942242327453853991449200038927820993
448 2429820434901975681661864597091763013392479837586
449 3122802873895813503692688669236320364471587144079
450 4013423234546698168903499658723945374907577228802
451 5158047661043839533757993585930180073800770770053
452 6629117867406978072665573516499705588673939021172
453 8519735874460920314993027370491154788712866842165
454 10949556309362895996654891967582917802105346679751
455 14072359183258709500347580636819238166576933823830
456 18085782417805407669251080295543183541484511052632
457 23243830078849247203009073881473363615285281822685
458 29872947946256225275674647397973069203959220843857
459 38392683820717145590667674768464223992672087686022
460 49342240130080041587322566736047141794777434365773
461 63414599313338751087670147372866379961354368189603
462 81500381731144158756921227668409563502838879242235
463 104744211809993405959930301549882927118124161064920
464 134617159756249631235604948947855996322083381908777
465 173009843576966776826272623716320220314755469594799
466 222352083707046818413595190452367362109532903960572
467 285766683020385569501265337825233742070887272150175
468 367267064751529728258186565493643305573726151392410
469 472011276561523134218116867043526232691850312457330
470 606628436317772765453721815991382229013933694366107
471 779638279894739542279994439707702449328689163960906
472 1001990363601786360693589630160069811438222067921478
473 1287757046622171930194854967985303553509109340071653
474 1655024111373701658453041533478946859082835491464063
475 2127035387935224792671158400522473091774685803921393
476 2733663824252997558124880216513855320788619498287500
477 3513302104147737100404874656221557770117308662248406
478 4515292467749523461098464286381627581555530730169884
479 5803049514371695391293319254366931135064640070241537
480 7458073625745397049746360787845877994147475561705600
481 9585109013680621842417519188368351085922161365626993
482 12318772837933619400542399404882206406710780863914493
483 15832074942081356500947274061103764176828089526162899
484 20347367409830879962045738347485391758383620256332783
485 26150416924202575353339057601852322893448260326574320
486 33608490549947972403085418389698200887595735888279920
487 43193599563628594245502937578066551973517897253906913
488 55512372401562213646045336982948758380228678117821406
489 71344447343643570146992611044052522557056767643984305
490 91691814753474450109038349391537914315440387900317088
491 117842231677677025462377406993390237208888648226891408
492 151450722227624997865462825383088438096484384115171328
493 194644321791253592110965762961154990070002281369078241
494 250156694192815805757011099944103748450230959486899647
495 321501141536459375904003710988156271007287727130883952
496 413192956289933826013042060379694185322728115031201040
497 531035187967610851475419467373084422531616763258092448
498 682485910195235849340882292756172860628101147373263776
499 877130231986489441451848055717327850698103428742342017
500 1127286926179305247208859155661431599148334388229241664
501 1448788067715764623112862866649587870155622115360125616
502 1861981024005698449125904927029282055478350230391326656
503 2393016211973309300601324394402366478009966993649419104
504 3075502122168545149942206687158539338638068141022682880
505 3952632354155034591394054742875867189336171569765024897
506 5079919280334339838602913898537298788484505957994266561
507 6528707348050104461715776765186886658640128073354392177
508 8390688372055802910841681692216168714118478303745718833
509 10783704584029112211443006086618535192128445297395137937
510 13859206706197657361385212773777074530766513438417820817
511 17811839060352691952779267516652941720102685008182845714
512 22891758340687031791382181415190240508587190966177112275
513 29420465688737136253097958180377127167227319039531504452
514 37811154060792939163939639872593295881345797343277223285
515 48594858644822051375382645959211831073474242640672361222
516 62454065351019708736767858732988905604240756079090182039
517 80265904411372400689547126249641847324343441087273027753
518 103157662752059432480929307664832087832930632053450140028
519 132578128440796568734027265845209215000157951092981644480
520 170389282501589507897966905717802510881503748436258867765
521 218984141146411559273349551677014341954977991076931228987
522 281438206497431268010117410410003247559218747156021411026
523 361704110908803668699664536659645094883562188243294438779
524 464861773660863101180593844324477182716492820296744578807
525 597439902101659669914621110169686397716650771389726223287
526 767829184603249177812588015887488908598154519825985091052
527 986813325749660737085937567564503250553132510902916320039
528 1268251532247092005096054977974506498112351258058937731065
529 1629955643155895673795719514634151592995913446302232169844
530 2094817416816758774976313358958628775712406266598976748651
531 2692257318918418444890934469128315173429057037988702971938
532 3460086503521667622703522485015804082027211557814688062990
533 4446899829271328359789460052580307332580344068717604383029
534 5715151361518420364885515030554813830692695326776542114094
535 7345107004674316038681234545188965423688608773078774283938
536 9439924421491074813657547904147594199401015039677751032589
537 12132181740409493258548482373275909372830072077666454004527
538 15592268243931160881252004858291713454857283635481142067517
539 20039168073202489241041464910872020787437627704198746450546
540 25754319434720909605926979941426834618130323030975288564640
541 33099426439395225644608214486615800041818931804054062848578
542 42539350860886300458265762390763394241219946843731813881167
543 54671532601295793716814244764039303614050018921398267885694
544 70263800845226954598066249622331017068907302556879409953211
545 90302968918429443839107714533203037856344930261078156403757
546 116057288353150353445034694474629872474475253292053444968397
547 149156714792545579089642908961245672516294185096107507816975
548 191696065653431879547908671352009066757514131939839321698142
549 246367598254727673264722916116048370371564150861237589583836
550 316631399099954627862789165738379387440471453418116999537047
551 406934368018384071701896880271582425296816383679195155940804
552 522991656371534425146931574746212297771291636971248600909201
553 672148371164080004236574483707457970287585822067356108726176
554 863844436817511883784483155059467037045099954007195430424318
555 1110212035072239557049206071175515407416664104868433020008154
556 1426843434172194184911995236913894794857135558286550019545201
557 1833777802190578256613892117185477220153951941965745175486005
558 2356769458562112681760823691931689517925243578936993776395206
559 3028917829726192685997398175639147488212829401004349885121382
560 3892762266543704569781881330698614525257929355011545315545700
561 5002974301615944126831087401874129932674593459879978335553854
562 6429817735788138311743082638788024727531729018166528355099055
563 8263595537978716568356974755973501947685680960132273530585060
564 10620364996540829250117798447905191465610924539069267306980266
565 13649282826267021936115196623544338953823753940073617192101648
566 17542045092810726505897077954242953479081683295085162507647348
567 22545019394426670632728165356117083411756276754965140843201202
568 28974837130214808944471247994905108139288005773131669198300257
569 37238432668193525512828222750878610086973686733263942728885317
570 47858797664734354762946021198783801552584611272333210035865583
571 61508080491001376699061217822328140506408365212406827227967231
572 79050125583812103204958295776571093985490048507491989735614579
573 101595144978238773837686461132688177397246325262457130578815781
574 130569982108453582782157709127593285536534331035588799777116038
575 167808414776647108294985931878471895623508017768852742506001355
576 215667212441381463057931953077255697176092629041185952541866938
577 277175292932382839756993170899583837682500994253592779769834169
578 356225418516194942961951466676154931667991042761084769505448748
579 457820563494433716799637927808843109065237368023541900084264529
580 588390545602887299581795636936436394601771699059130699861380567
581 756198960379534407876781568814908290225279716827983442367381922
582 971866172820915870934713521892163987401372345869169394909248860
583 1249041465753298710691706692791747825083873340122762174679083029
584 1605266884269493653653658159467902756751864382883846944184531777
585 2063087447763927370453296087276745865817101750907388844268796306
586 2651477993366814670035091724213182260418873449966519544130176873
587 3407676953746349077911873293028090550644153166794502986497558795
588 4379543126567264948846586814920254538045525512663672381406807655
589 5628584592320563659538293507712002363129398852786434556085890684
590 7233851476590057313191951667179905119881263235670281500270422461
591 9296938924353984683645247754456650985698364986577670344539218767
592 11948416917720799353680339478669833246117238436544189888669395640
593 15356093871467148431592212771697923796761391603338692875166954435
594 19735636998034413380438799586618178334806917116002365256573762090
595 25364221590354977039977093094330180697936315968788799812659652774
596 32598073066945034353169044761510085817817579204459081312930075235
597 41895011991299019036814292515966736803515944191036751657469294002
598 53843428909019818390494631994636570049633182627580941546138689642
599 69199522780486966822086844766334493846394574230919634421305644077
600 88935159778521380202525644352952672181201491346921999677879406167
601 114299381368876357242502737447282852879137807315710799490539058941
602 146897454435821391595671782208792938696955386520169880803469134176
603 188792466427120410632486074724759675500471330711206632460938428178
604 242635895336140229022980706719396245550104513338787574007077117820
605 311835418116627195845067551485730739396499087569707208428382761897
606 400770577895148576047593195838683411577700578916629208106262168064
607 515069959264024933290095933285966264456838386232340007596801227005
608 661967413699846324885767715494759203153793772752509888400270361181
609 850759880126966735518253790219518878654265103463716520861208789359
610 1093395775463106964541234496938915124204369616802504094868285907179
611 1405231193579734160386302048424645863600868704372211303296668669076
612 1806001771474882736433895244263329275178569283288840511402930837140
613 2321071730738907669723991177549295539635407669521180518999732064145
614 2983039144438753994609758893044054742789201442273690407400002425326
615 3833799024565720730128012683263573621443466545737406928261211214685
616 4927194800028827694669247180202488745647836162539911023129497121864
617 6332425993608561855055549228627134609248704866912122326426165790940
618 8138427765083444591489444472890463884427274150200962837829096628080
619 10459499495822352261213435650439759424062681819722143356828828692225
620 13442538640261106255823194543483814166851883261995833764228831117551
621 17276337664826826985951207226747387788295349807733240692490042332236
622 22203532464855654680620454406949876533943185970273151715619539454100
623 28535958458464216535676003635577011143191890837185274042045705245040
624 36674386223547661127165448108467475027619164987386236879874801873120
625 47133885719370013388378883758907234451681846807108380236703630565345
626 60576424359631119644202078302391048618533730069104214000932461682896
627 77852762024457946630153285529138436406829079876837454693422504015132
628 100056294489313601310773739936088312940772265847110606409042043469232
629 128592252947777817846449743571665324083964156684295880451087748714272
630 165266639171325478973615191680132799111583321671682117330962550587392
631 212400524890695492361994075439040033563265168478790497567666181152737
632 272976949250326612006196153741431082181798898547894711568598642835633
633 350829711274784558636349439270569518588627978424732166262021146850765
634 450886005764098159947123179206657831529400244271842772671063190319997
635 579478258711875977793572922778323155613364400956138653122150939034269
636 744744897883201456767188114458455954724947722627820770453113489621661
637 957145422773896949129182189897495988288212891106611268020779670774398
638 1230122372024223561135378343638927070470011789654505979589378313610031
639 1580952083299008119771727782909496589058639768079238145851399460460796
640 2031838089063106279718850962116154420588040012351080918522462650780793
641 2611316347774982257512423884894477576201404413307219571644613589815062
642 3356061245658183714279611999352933530926352135935040342097727079436723
643 4313206668432080663408794189250429519214565027041651610118506750211121
644 5543329040456304224544172532889356589684576816696157589707885063821152
645 7124281123755312344315900315798853178743216584775395735559284524281948
646 9156119212818418624034751277915007599331256597126476654081747175062741
647 11767435560593400881547175162809485175532661010433696225726360764877803
648 15123496806251584595826787162162418706459013146368736567824087844314526
649 19436703474683665259235581351412848225673578173410388177942594594525647
650 24980032515139969483779753884302204815358154990106545767650479658346799
651 32104313638895281828095654200101057994101371574881941503209764182628747
652 41260432851713700452130405478016065593432628172008418157291511357691488
653 53027868412307101333677580640825550768965289182442114383017872122569291
654 68151365218558685929504367802987969475424302328810850950841959966883817
655 87588068693242351188739949154400817701097880502221239128784554561409464
656 112568101208382320672519703038703022516456035492327784896435034219756263
657 144672414847277602500615357238804080510557407067209726399644798402385010
658 185932847698991302952745762716820146103990035239218144556936309760076498
659 238960716111298404286423343357645696872955324421660258939954181882645789
660 307112081329857090215927711160633666348379626750471109890796141849529606
661 394700150023099441404667660315034484049477507252692349019580696410939070
662 507268251231481762077187363353737506565933542745020133916015730630695333
663 651940666078759364577802720592541587076490949812229860315660529033080343
664 837873513777750667530548483309361733180480985051448004872596838793156841
665 1076834229889049071816971826667007430053436309473108263812551020675802630
666 1383946311218906162032899537827641096401815936223579373703347162525332236
667 1778646461242005603437567198142675580451293443476271722722927858936271306
668 2285914712473487365514754561496413087017226986221291856638943589566966639
669 2937855378552246730092557282088954674093717936033521716954604118600046982
670 3775728892329997397623105765398316407274198921084969721827200957393203823
671 4852563122219046469440077592065323837327635230558077985639751978069006453
672 6236509433437952631472977129892964933729451166781657359343099140594338689
673 8015155894679958234910544328035640514180744610257929082066026999530609995
674 10301070607153445600425298889532053601197971596479220938704970589097576634
675 13238925985705692330517856171621008275291689532512742655659574707697623616
676 17014654878035689728140961937019324682565888453597712377486775665090827439
677 21867218000254736197581039529084648519893523684155790363126527643159833892
678 28103727433692688829054016658977613453622974850937447722469626783754172581
679 36118883328372647063964560987013253967803719461195376804535653783284782576
680 46419953935526092664389859876545307569001691057674597743240624372382359210
681 59658879921231784994907716048166315844293380590187340398900199080079982826
682 76673534799267474723048677985185640526859269043785052776386974745170810265
683 98540752799522210920629717514270289046752792727940843139513502388330644157
684 126644480233214899749683734173247902500375767578878290861983129172084816738
685 162763363561587546813648295160261156468179487040073667666518782955369599314
686 209183317497113639478038155036806464037181178097748265409759407327751958524
687 268842197418345424472945871084972779881474558687935605808659606407831941350
688 345515732217612899195994549070158420408333827731720658585046581153002751615
689 444056485017135110116624266584428709455086620459661501724560083541333395772
690 570700965250350009866308000757676611955462388038539792586543212713418212510
691 733464328811937556679956295917937768423641875078613460253061995668787811824
692 942647646309051196157994450954744232460823053176361725662821402996539770348
693 1211489843727396620630940322039717012342297611864297331471481009404371711698
694 1557005575945009519826934871109875432750631439596017990056527590557374463313
695 2001062060962144629943559137694304142205718060055679491781087674098707859085
696 2571763026212494639809867138451980754161180448094219284367630886812126071595
697 3305227355024432196489823434369918522584822323172832744620692882480913883419
698 4247875001333483392647817885324662755045645376349194470283514285477453653767
699 5459364845060880013278758207364379767387942988213491801754995294881825365465
700 7016370421005889533105693078474255200138574427809509791811522885439199828778
701 9017432481968034163049252216168559342344292487865189283592610559537907687863
702 11589195508180528802859119354620540096505472935959408567960241446350033759458
703 14894422863204960999348942788990458619090295259132241312580934328830947642877
704 19142297864538444391996760674315121374135940635481435782864448614308401296644
705 24601662709599324405275518881679501141523883623694927584619443909190226662109
706 31618033130605213938381211960153756341662458051504437376430966794629426490887
707 40635465612573248101430464176322315684006750539369626660023577354167334178750
708 52224661120753776904289583530942855780512223475329035227983818800517367938208
709 67119083983958737903638526319933314399602518734461276540564753129348315581085
710 86261381848497182295635286994248435773738459369942712323429201743656716877729
711 110863044558096506700910805875927936915262342993637639908048645652846943539838
712 142481077688701720639292017836081693256924801045142077284479612447476370030725
713 183116543301274968740722482012404008940931551584511703944503189801643704209475
714 235341204422028745645012065543346864721443775059840739172487008602161072147683
715 302460288405987483548650591863280179121046293794302015713051761731509387728768
716 388721670254484665844285878857528614894784753164244728036480963475166104606497
717 499584714812581172545196684733456551810047096157882367944529609128013048146335
718 642065792501282893184488702569538245066971897203024445229009221575489418177060
719 825182335802557861925211184581942254007903448787536149173512411377133122386535
720 1060523540224586607570223250125289118729347223847376888345999419979294194534218
721 1362983828630574091118873841988569297850393517641678904059051181710803582262986
722 1751705498885058756963159720846097912745178270805923632095532145185969686869483
723 2251290213697639929508356405579554464555225366963806000040061754313982735015818
724 2893356006198922822692845108149092709622197264166830445269070975889472153192878
725 3718538342001480684618056292731034963630100712954366594442583387266605275579413
726 4779061882226067292188279542856324082359447936801743482788582807245899470113631
727 6142045710856641383307153384844893380209841454443422386847633988956703052376617
728 7893751209741700140270313105690991292955019725249346018943166134142672739246100
729 10145041423439340069778669511270545757510245092213152018983227888456655474261918
730 13038397429638262892471514619419638467132442356379982464252298864346127627454796
731 16756935771639743577089570912150673430762543069334349058694882251612732903034209
732 21535997653865810869277850455006997513121991006136092541483465058858632373147840
733 27678043364722452252585003839851890893331832460579514928331099047815335425524457
734 35571794574464152392855316945542882186286852185828860947274265181958008164770557
735 45716835997903492462633986456813427943797097278042012966257493070414663639032475
736 58755233427541755355105501076233066410929539634421995430509791934760791266487271
737 75512169199181498932195071988383739841692082703756344489204674186373524169521480
738 97048166853047309801472922443390737354814073709892437030688139245232156542669320
739 124726210217769762054057926283242628248145906170471951959019238293047491968193777
740 160298004792233914446913243228785510434432758356300812906293503475005500132964334
741 206014840790137406909547229685598938378229855634342825872550996545420163771996809
742 264770074217679162264652730761832004789159395268764821303060788480180955038484080
743 340282243416860661196847802750215744630851477972521165792265462666554479208005560
744 437330410269907970998320725193606481985665551682413602822953601911786635750674880
745 562056620487677733052378651476849110233811457852885554781972840204834127718868657
746 722354625279911647499291894705634620668244216209186367688266343679839627851832991
747 928369466070049054408839124391233559046474071843529193560817340225259791623829800
748 1193139540287728216673491855153065563835633467112294014863878128705440746662313880
749 1533421783704588877870339657903281308466484945084815180656143591371995225870319440
750 1970752193974496848868660383096887790452150496767228783479097193283781861620994320
751 2532808814462174581921039034573736900685961954620114338261070033488615989339862977
752 3255163439742086229420330929279371521354206170829300705949336377168455617191695968
753 4183532905812135283829170053670605080400680242672829899510153717393715408815525768
754 5376672446099863500502661908823670644236313709785123914374031846099156155477839648
755 6910094229804452378373001566726951952702798654869939095030175437471151381348159088
756 8880846423778949227241661949823839743154949151637167878509272630754933242969153408
757 11413655238241123809162700984397576643840911106257282216770342664243549232309016385
758 14668818677983210038583031913676948165195117277086582922719679041412004849500712353
759 18852351583795345322412201967347553245595797519759412822229832758805720258316238121
760 24229024029895208822914863876171223889832111229544536736603864604904876413794077769
761 31139118259699661201287865442898175842534909884414475831634040042376027795142236857
762 40019964683478610428529527392722015585689859036051643710143312673130961038111390265
763 51433619921719734237692228377119592229530770142308925926913655337374510270420406650
764 66102438599702944276275260290796540394725887419395508849633334378786515119921119003
765 84954790183498289598687462258144093640321684939154921671863167137592235378237357124
766 109183814213393498421602326134315317530153796168699458408467031742497111792031434893
767 140322932473093159622890191577213493372688706053113934240101071784873139587173671750
768 180342897156571770051419718969935508958378565089165577950244384458004100625285062015
769 231776517078291504289111947347055101187909335231474503877158039795378610895705468665
770 297878955677994448565387207637851641582635222650870012726791374174165126015626587668
771 382833745861492738164074669895995735222956907590024934398654541311757361393863944792
772 492017560074886236585676996030311052753110703758724392807121573054254473185895379685
773 632340492547979396208567187607524546125799409811838327047222644839127612773069051435
774 812683389704551166259986906577460055084177974901003904997467029297131713398354113450
775 1044459906782842670549098853924515156272087310132478408874625069092510324294059582115
776 1342338862460837119114486061562366797854722532783348421601416443266675450309686169783
777 1725172608322329857278560731458362533077679440373373356000070984578432811703550114575
778 2217190168397216093864237727488673585830790144132097748807192557632687284889445494260
779 2849530660945195490072804915096198131956589553943936075854415202471814897662514545695
780 3662214050649746656332791821673658187040767528844939980851882231768946611060868659145
781 4706673957432589326881890675598173343312854838977418389726507300861456935354928241260
782 6049012819893426445996376737160540141167577371760766811327923744128132385664614411043
783 7774185428215756303274937468618902674245256812134140167327994728706565197368164525618
784 9991375596612972397139175196107576260076046956266237916135187286339252482257610019878
785 12840906257558167887211980111203774392032636510210173991989602488811067379920124565573
786 16503120308207914543544771932877432579073404039055113972841484720580013990980993224718
787 21209794265640503870426662608475605922386258878032532362567992021441470926335921465978
788 27258807085533930316423039345636146063553836249793299173895915765569603312000535877021
789 35032992513749686619697976814255048737799093061927439341223910494276168509368700402639
790 45024368110362659016837152010362624997875140018193677257359097780615420991626310422517
791 57865274367920826904049132121566399389907776528403851249348700269426488371546434988090
792 74368394676128741447593904054443831968981180567458965222190184990006502362527428212808
793 95578188941769245318020566662919437891367439445491497584758177011447973288863349678786
794 122836996027303175634443606008555583954921275695284796758654092777017576600863885555807
795 157869988541052862254141582822810632692720368757212236099878003271293745110232585958446
796 202894356651415521270978734833173257690595508775405913357237101051909166101858896380963
797 260759631019336348175027866954739657080503285303809764606585801321335654473405331369053
798 335128025695465089622621771009183489049484465871268729828775986311342156835932759581861
799 430706214637234334940642337672102926940851905316760227413534163322790130124796109260647
800 553543210664537510575085943680658510895773181012045024172188256099807706725659994816454
801 711413199205590372829227526503469143588493549769257260272066259371101451835892580774900
802 914307555857005894100206261336642401279089058544663173629303360423010617937751477155863
803 1175067186876342242275234128291382058359592343848472938235889161744346272411156808524916
804 1510195212571807331897855899300565547409076809719741668064665148055688429247089568106777
805 1940901427209041666838498236972668474349928715036501895478199311378478559371885677367424
806 2494444637873579177413584180653326985245701896048546919650387567478286266097545672183878
807 3205857837079169550242811707156796128834195445817804179922453826849387717933438252958778
808 4120165392936175444343017968493438530113284504362467353551757187272398335871189730114641
809 5295232579812517686618252096784820588472876848210940291787646349016744608282346538639557
810 6805427792384325018516107996085386135881953657930681959852311497072433037529436106746334
811 8746329219593366685354606233058054610231882372967183855330510808450911596901321784113758
812 11240773857466945862768190413711381595477584269015730774980898375929197862998867456297636
813 14446631694546115413011002120868177724311779714833534954903352202778585580932305709256414
814 18566797087482290857354020089361616254425064219196002308455109390050983916803495439371055
815 23862029667294808543972272186146436842897941067406942600242755739067728525085841978010612
816 30667457459679133562488380182231822978779894725337624560095067236140161562615278084756946
817 39413786679272500247842986415289877589011777098304808415425578044591073159516599868870704
818 50654560536739446110611176829001259184489361367320539190406476420520271022515467325168340
819 65101192231285561523622178949869436908801141082154074145309828623298856603447773034424754
820 83667989318767852380976199039231053163226205301350076453764938013349840520251268473795809
821 107530018986062660924948471225377490006124146368757019054007693752417569045337110451806421
822 138197476445741794487436851407609312984904041094094643614102760988557730607952388536563367
823 177611263125014294735279837822899190573915818192399452029528339033148803767468988405434071
824 228265823661753740845891014651900449758405179559719991219934815453669074789984455730602411
825 293367015893039302369513193601769886667206320641874065365244644076967931393432228765027165
826 377035005211807154750489392641000939830432525943224141819009582090317771913683497238822974
827 484565024197869815675437863866378429836556672311981160873017275842735340959020607690629395
828 622762500643611610162874715273987742821460713406075804487120036831293071566972996227192762
829 800373763768625904898154553096886933395376531598475256516648375864441875334441984632626833
830 1028639587430379645744045567748787383153781711158195247736583191318110950124426440363229244
831 1322006603323418948113558761350557269820988031800069313101827835395078881517858669128256409
832 1699041608535226102864048153991558209651420557743293454920837417485396653431542166367079383
833 2183606632733095918539486017857936639487977230055274615793854693328131994390562774057708778
834 2806369133376707528702360733131924382309437943461350420280974730159425065957535770284901540
835 3606742897145333433600515286228811315704814475059825676797623106023866941291977754917528373
836 4635382484575713079344560853977598698858596186218020924534206297341977891416404195280757617
837 5957389087899132027458119615328155968679584218018090237636034132737056772934262864409014026
838 7656430696434358130322167769319714178331004775761383692556871550222453426365805030776093409
839 9840037329167454048861653787177650817818982005816658308350726243550585420756367804833802187
840 12646406462544161577564014520309575200128419949278008728631700973710010486713903575118703727
841 16253149359689495011164529806538386515833234424337834405429324079733877428005881330036232100
842 20888531844265208090509090660515985214691830610555855329963530377075855319422285525316989717
843 26845920932164340117967210275844141183371414828573945567599564509812912092356548389726003743
844 34502351628598698248289378045163855361702419604335329260156436060035365518722353420502097152
845 44342388957766152297151031832341506179521401610151987568507162303585950939478721225335899339
846 56988795420310313874715046352651081379649821559429996297138863277295961426192624800454603066
847 73241944779999808885879576159189467895483055983767830702568187357029838854198506130490835166
848 94130476624265016976388666819705453110174886594323686032531717734105694173620791655807824883
849 120976397556429357094355877095549594293546301422897631600131282243918606265977340045533828626
850 155478749185028055342645255140713449655248721027232960860287718303953971784699693466035925778
851 199821138142794207639796286973054955834770122637384948428794880607539922724178414691371825117
852 256809933563104521514511333325706037214419944196814944725933743884835884150371039491826428183
853 330051878343104330400390909484895505109903000180582775428501931241865723004569545622317263349
854 424182354967369347376779576304600958220077886774906461461033648975971417178190337278125088232
855 545158752523798704471135453400150552513624188197804093061164931219890023444167677323658916858
856 700637501708826759813780708540864002168872909225037053921452649523843995228867370789694842636
857 900458639851620967453576995513918958003643031862422002350247530131383917953045785481066667753
858 1157268573414725488968088328839624995218062976059236947076181274016219802103416824972893095936
859 1487320451757829819368479238324520500327965976239819722504683205258085525107986370595210359285
860 1911502806725199166745258814629121458548043863014726183965716854234056942286176707873335447517
861 2456661559248997871216394268029272011061668051212530277026881785453946965730344385196994364375
862 3157299060957824631030174976570136013230540960437567330948334434977790960959211755986689207011
863 4057757700809445598483751972084054971234183992299989333298581965109174878912257541467755874764
864 5215026274224171087451840300923679966452246968359226280374763239125394681015674366440648970700
865 6702346725982000906820319539248200466780212944599046002879446444383480206123660737035859329985
866 8613849532707200073565578353877321925328256807613772186845163298617537148409837444909194777502
867 11070511091956197944781972621906593936389924858826302463872045084071484114140181830106189141877
868 14227810152914022575812147598476729949620465819263869794820379519049275075099393586092878348888
869 18285567853723468174295899570560784920854649811563859128118961484158449954011651127560634223652
870 23500594127947639261747739871484464887306896779923085408493724723283844635027325494001283194352
871 30202940853929640168568059410732665354087109724522131411373171167667324841150986231037142524337
872 38816790386636840242133637764609987279415366532135903598218334466284861989560823675946337301839
873 49887301478593038186915610386516581215805291390962206062090379550356346103701005506052526443716
874 64115111631507060762727757984993311165425757210226075856910759069405621178800399092145404792604
875 82400679485230528937023657555554096086280407021789934985029720553564071132812050219706039016256
876 105901273613178168198771397427038560973587303801713020393523445276847915767839375713707322210608
877 136104214467107808367339456837771226327674413526235151804896616444515240608990361944744464734945
878 174921004853744648609473094602381213607089780058371055403114950910800102598551185620690802036784
879 224808306332337686796388704988897794822895071449333261465205330461156448702252191126743328480500
880 288923417963844747559116462973891105988320828659559337322116089530562069881052590218888733273104
881 371324097449075276496140120529445202074601235681349272307145810084126141013864640438594772289360
882 477225371062253444694911517956483763048188539483062292700669255360974056781704016152302094499968
883 613329585529361253062250974794254989375862953009297444505565871805489297390694378097046559234913
884 788250590383105901671724069396636202982952733067668499908680822716289399989245563717737361271697
885 1013058896715443588468112774385533997805847804517001761373886153177445848691497754844480689752197
886 1301982314679288336027229237359425103794168633176561098696002242708007918572550345063369423025301
887 1673306412128363612523369357888870305868769868857910371003148052792134059586414985501964195314661
888 2150531783190617057218280875845354068916958408340972663703817308153108116368119001654266289814629
889 2763861368719978310280531850639609058292821361350270108209383179958597413758813379751312849049542
890 3552111959103084211952255920036245261275774094417938608118064002674886813748058943469050210321239
891 4565170855818527800420368694421779259081621898934940369491950155852332662439556698313530900073436
892 5867153170497816136447597931781204362875790532111501468187952398560340581012107043376900323098737
893 7540459582626179748970967289670074668744560400969411839191100451352474640598522028878864518413398
894 9690991365816796806189248165515428737661518809310384502894917759505582756966641030533130808228027
895 12454852734536775116469780016155037795954340170660654611104300939464180170725454410284443657277569
896 16006964693639859328422035936191283057230114265078593219222364942139066984473513353753493867598808
897 20572135549458387128842404630613062316311736164013533588714315097991399646913070052067024767672244
898 26439288719956203265290002562394266679187526696125035056902267496551740227925177095443925090770981
899 33979748302582383014260969852064341347932087097094446896093367947904214868523699124322789609184379
900 43670739668399179820450218017579770085593605906404831398988285707409797625490340154855920417412406
901 56125592402935954936919998033734807881547946077065486010092586646873977796215794565140364074689975
902 72132557096575814265342033969926090938778060342144079229314951589013044780689307918893857942288783
903 92704692646034201394184438600539153255089796506157612818029266687004444427602377970960882709961027
904 119143981365990404659474441162933419934277323202282647874931534183556184655527555066404807800732008
905 153123729668572787673735411014997761282209410299377094771024902131460399524051254190727597409916387
906 196794469336971967494185629032577531367803016205781926170013187838870197149541594345583517827328793
907 252920061739907922431105627066312339249350962282847412180105774485744174945757388910723881902018768
908 325052618836483736696447661036238430188129022624991491409420726074757219726446696829617739844307551
909 417757311482517938090632099636777583443218819131149104227449992761761664154049074800578622554268578
910 536901292848508342750106540799711003377496142333431752102381526945317848809576629866983430355000586
911 690025022517081130423841951814708764659705552632808846873406429076778248333627884057711027764916973
912 886819491854053097918027580847286296027508568838590773043419616915648445483169478403294545592245766
913 1139739553593961020349133207913598635276859531121438185223525391401392620428926867314018427494264534
914 1464792172430444757045580868949837065464988553746429676632946117476149840155373564143636167338572085
915 1882549483912962695136212968586614648908207372877578780860396110237911504309422638944214789892840663
916 2419450776761471037886319509386325652285703515211010532962777637183229353118999268811198220247841249
917 3109475799278552168310161461201034416945409067843819379836184066260007601452627152868909248012758222
918 3996295291132605266228189042048320712972917636682410152879603683175656046935796631272203793605003988
919 5136034844726566286577322249961919348249777167803848338103129074577048667364723498586222221099268522
920 6600827017157011043622903118911756413714765721550278014736075192053198507520097062729858388437840607
921 8483376501069973738759116087498371062622973094427856795596471302291110011829519701674073178330681270
922 10902827277831444776645435596884696714908676609638867328559248939474339364948518970485271398578522519
923 14012303077109996944955597058085731131854085677482686708395433005734346966401146123354180646591280741
924 18008598368242602211183786100134051844827003314165096861275036688910003013336942754626384440196284729
925 23144633212969168497761108350095971193076780481968945199378165763487051680701666253212606661295553251
926 29745460230126179541384011469007727606791546203519223214114240955540250188221763315942465049733393858
927 38228836731196153280143127556506098669414519297947080009710712257831360200051283017616538228064075128
928 49131664009027598056788563153390795384323195907585947338269961197305699564999801988101809626642597647
929 63143967086137595001744160211476526516177281585068634046665394203040046531400948111455990273233878388
930 81152565454380197212927946311610578361004284899233730907940430891950049544737890866082374713430163117
931 104297198667349365710689054661706549554081065381202676107318596655437101225439557119294981374725716368
932 134042658897475545252073066130714277160872611584721899321432837610977351413661320435237446424459110226
933 172271495628671698532216193687220375830287130882668979331143549868808711613712603452853984652523185354
934 221403159637699296589004756840611171214610326790254926669413511066114411178712405440955794279165783001
935 284547126723836891590748917052087697730787608375323560716078905269154457710113353552411784552399661389
936 365699692178217088803676863363698276091791893274557291624019336161104507254851244418494159265829824506
937 469996890845566454514365918025404825645872958655759967731337932816541608480290801537789140640555540874
938 604039549743041999766438984156119102806745570240481867052770770427518959893952121973026587065014651100
939 776311045371713698298655177843339478637032701123150846383914320296327671507664725425880571717537836454
940 997714205009412994887659934683950649851643027913405773053327831362442082686377130866836365996703619455
941 1282261331733249886478408851736038347582430636288729333769406736631596540396490484419248150549103280844
942 1647961023911466975282085715099736623674222529563286625393426072792701047651341728837742309814933105350
943 2117957914757033429796451633125141449320095488219046593124764005609242656131632530375531450455488646224
944 2721997464500075429562890617281260552126841058459528460177534776036761616025584652348558037520503297324
945 3498308509871789127861545795124600030763873759582679306561449096333089287533249377774438609238041133778
946 4496022714881202122749205729808550680615516787496085079614776927695531370219626508641274975234744753233
947 5778284046614452009227614581544589028197947423784814413384183664327127910616116993060523125783848034077
948 7426245070525918984509700296644325651872169953348101038777609737119828958267458721898265435598781139427
949 9544202985282952414306151929769467101192265441567147631902373742729071614399091252273796886054269785651
950 12266200449783027843869042547050727653319106500026676092079908518765833230424675904622354923574773082975
951 15764508959654816971730588342175327684082980259609355398641357615098922517957925282396793532812814216753
952 20260531674536019094479794071983878364698497047105440478256134542794453888177551791038068508047558969986
953 26038815721150471103707408653528467392896444470890254891640318207121581798793668784098591633831407004063
954 33465060791676390088217108950172793044768614424238355930417927944241410757061127505996857069430188143490
955 43009263776959342502523260879942260145960879865805503562320301686970482371460218758270653955484457929141
956 55275464226742370346392303426992987799279986365832179654400210205736315601884894662893008879059231012116
957 71039973186397187318122891769168315483362966625441535053041567820835238119842819945289802411872045228869
958 91300504860933206412602685841152193848061463672546975531297702363629692008020371736327870919919604198855
959 117339320582083677516310094494680661240957908143437230422938020570751273806814040520426462553751011202918
960 150804381373760067604527203444853454285726522567675586353355948514992684563875168026423319623181199346408
961 193813645150719410107050464324795714431687402433481089915676250201963166935335386784693973578665657275549
962 249089109377461780453442767751788702230967388799313269570076460407699482537220281447586982457724888287665
963 320129082563858967771565659520957017714330355424754804623118028228534720657063101392876784869596933516534
964 411429587424792174184168345362109211562391819097301780154415730592164412665083473129204655789516537715389
965 528768908006875851700478439856789872803349727240739010577353751162915686471897513649631118343267548918307
966 679573289380635919305005643301643327089076249808414596930709699677908371035772681676054437966448748264715
967 873386934531355329412056107626439041520763652241895686846385949879871537971108068460748411545114405540264
968 1122476043908817109865498875378227743751731041041208956416462410287571020508328349908335394002839293827929
969 1442605126472676077637064534899184761466061396465963761039580438516105741165391451301212178872436227344463
970 1854034713897468251821232880261293973028453215563265541193996169108270153830474924430416834661952765059852
971 2382803621904344103521711320118083845831802942804004551771349920271185840302372438080047953005220313978159
972 3062376911284980022826716963419727172920879192612419148702059619949094211338145119756102390971669062242874
973 3935763845816335352238773071046166214441642844854314835548445569828965749309253188216850802516783467783138
974 5058239889725152462104271946424393958193373885895523791964907980116536769817581538125186196519622761611067
975 6500845016197828539741336481323578719659435282361487553004488418632642510982972989426398375392058988955530
976 8354879730095296791562569361584872692687888497924753094198484587740912664813447913856815210054011754015382
977 10737683351999640895084280681702956538519691440728757645969834508012098505115820351936863163059232067993541
978 13800060263284620917910997645122683711440570633341176794671894127961192716453965471692965554030901130236415
979 17735824109100956270149770716168849925882213478195491630220339697790158465763218659909816356547684598019553
980 22794063998826108732254042662593243884075587364091015422185247677906695235580800198035002553067307359630620
981 29294909015023937271995379143916822603735022646452502975189736096539337746563773187461400928459366348586150
982 37649788745119234063557948505501695296422911144377256069388220684280250411377221101318216138513378102601532
983 48387472097118874958642229187204651834942602585106013715358055192292348916493041453255079301572610170595073
984 62187532360403495876553226832327335546383173218447190510029949320253541632947006924948044855603511300831488
985 79923356469504452146702997548496185472265386696642682140250289018043700098710225584857861212151195898851041
986 102717420468330560878957040211089429356340974060733697562435536695950395334291025782892863765218503258481661
987 132012329483354498150952419355006251960075996707186200537625272792489733080854798970354264693677869607067811
988 169662118228473732214510367860507947256498907851563456607013493476769983492232020071672480832191247709669343
989 218049590325592607173152597047712599091441510436669470322371548669062332408725061524927560133763857880264416
990 280237122685996103049705823880039934637824683655116660832401497989315874041672068449875604989367369181095904
991 360160479155500555196408821428536120110090070351759342972651787007359574140382294034733466201518565079946945
992 462877899623831116075365861639625549466431044412493040535087323703309969474673319817626329966737068338428606
993 594890229107185614226318280994631801426507041119679241072712596495799702555528118787980594660414937945496417
994 764552347335659346440828648855139748683005948971242697679726089972569686047760138859653075492606185655165760
995 982601937661251953613981245902852347774447459407912168002097638641632018456485200384580635626370043535430176
996 1262839060347248056663687069782892282412272143063028828834499136630947892498157268834456240615737412716526080
997 1622999539502748611860095891211428402522362213414788171807150923638307466638539562869189706817255977796473025
998 2085877439126579727935461752851053951988793257827281212342238247341617436113212882686816036783993046134901631
999 2680767668233765342161780033845685753415300298946960453414950843837417138668741001474796631444407984080398048
1000 3445320015569424688602608682700825502098306247918203151094676933809986824716501140334449706937014169735563808
