0 0
1 17
2 27
3 37
4 47
5 57
6 67
7 77
8 87
9 97
10 107
11 117
12 127
13 137
14 147
15 157
16 167
17 177
18 187
19 197
20 207
21 217
22 227
23 237
24 247
25 257
26 267
27 277
28 287
29 297
30 307
31 317
32 327
33 337
34 347
35 357
36 367
37 377
38 387
39 397
40 407
41 417
42 427
43 437
44 447
45 457
46 467
47 477
48 487
49 497
50 507
51 517
52 527
53 537
54 547
55 557
56 567
57 577
58 587
59 597
60 607
61 617
62 627
63 637
64 647
65 657
66 667
67 677
68 687
69 697
70 707
71 717
72 727
73 737
74 747
75 757
76 767
77 777
78 787
79 797
80 807
81 817
82 827
83 837
84 847
85 857
86 867
87 877
88 887
89 897
90 907
91 917
92 927
93 937
94 947
95 957
96 967
97 977
98 987
99 997
100 1007
101 1017
102 1027
103 1037
104 1047
105 1057
106 1067
107 1077
108 1087
109 1097
110 1107
111 1117
112 1127
113 1137
114 1147
115 1157
116 1167
117 1177
118 1187
119 1197
120 1207
121 1217
122 1227
123 1237
124 1247
125 1257
126 1267
127 1277
128 1287
129 1297
130 1307
131 1317
132 1327
133 1337
134 1347
135 1357
136 1367
137 1377
138 1387
139 1397
140 1407
141 1417
142 1427
143 1437
144 1447
145 1457
146 1467
147 1477
148 1487
149 1497
150 1507
151 1517
152 1527
153 1537
154 1547
155 1557
156 1567
157 1577
158 1587
159 1597
160 1607
161 1617
162 1627
163 1637
164 1647
165 1657
166 1667
167 1677
168 1687
169 1697
170 1707
171 1717
172 1727
173 1737
174 1747
175 1757
176 1767
177 1777
178 1787
179 1797
180 1807
181 1817
182 1827
183 1837
184 1847
185 1857
186 1867
187 1877
188 1887
189 1897
190 1907
191 1917
192 1927
193 1937
194 1947
195 1957
196 1967
197 1977
198 1987
199 1997
200 2007
201 2017
202 2027
203 2037
204 2047
205 2057
206 2067
207 2077
208 2087
209 2097
210 2107
211 2117
212 2127
213 2137
214 2147
215 2157
216 2167
217 2177
218 2187
219 2197
220 2207
221 2217
222 2227
223 2237
224 2247
225 2257
226 2267
227 2277
228 2287
229 2297
230 2307
231 2317
232 2327
233 2337
234 2347
235 2357
236 2367
237 2377
238 2387
239 2397
240 2407
241 2417
242 2427
243 2437
244 2447
245 2457
246 2467
247 2477
248 2487
249 2497
250 2507
251 2517
252 2527
253 2537
254 2547
255 2557
256 2567
257 2577
258 2587
259 2597
260 2607
261 2617
262 2627
263 2637
264 2647
265 2657
266 2667
267 2677
268 2687
269 2697
270 2707
271 2717
272 2727
273 2737
274 2747
275 2757
276 2767
277 2777
278 2787
279 2797
280 2807
281 2817
282 2827
283 2837
284 2847
285 2857
286 2867
287 2877
288 2887
289 2897
290 2907
291 2917
292 2927
293 2937
294 2947
295 2957
296 2967
297 2977
298 2987
299 2997
300 3007
301 3017
302 3027
303 3037
304 3047
305 3057
306 3067
307 3077
308 3087
309 3097
310 3107
311 3117
312 3127
313 3137
314 3147
315 3157
316 3167
317 3177
318 3187
319 3197
320 3207
321 3217
322 3227
323 3237
324 3247
325 3257
326 3267
327 3277
328 3287
329 3297
330 3307
331 3317
332 3327
333 3337
334 3347
335 3357
336 3367
337 3377
338 3387
339 3397
340 3407
341 3417
342 3427
343 3437
344 3447
345 3457
346 3467
347 3477
348 3487
349 3497
350 3507
351 3517
352 3527
353 3537
354 3547
355 3557
356 3567
357 3577
358 3587
359 3597
360 3607
361 3617
362 3627
363 3637
364 3647
365 3657
366 3667
367 3677
368 3687
369 3697
370 3707
371 3717
372 3727
373 3737
374 3747
375 3757
376 3767
377 3777
378 3787
379 3797
380 3807
381 3817
382 3827
383 3837
384 3847
385 3857
386 3867
387 3877
388 3887
389 3897
390 3907
391 3917
392 3927
393 3937
394 3947
395 3957
396 3967
397 3977
398 3987
399 3997
400 4007
401 4017
402 4027
403 4037
404 4047
405 4057
406 4067
407 4077
408 4087
409 4097
410 4107
411 4117
412 4127
413 4137
414 4147
415 4157
416 4167
417 4177
418 4187
419 4197
420 4207
421 4217
422 4227
423 4237
424 4247
425 4257
426 4267
427 4277
428 4287
429 4297
430 4307
431 4317
432 4327
433 4337
434 4347
435 4357
436 4367
437 4377
438 4387
439 4397
440 4407
441 4417
442 4427
443 4437
444 4447
445 4457
446 4467
447 4477
448 4487
449 4497
450 4507
451 4517
452 4527
453 4537
454 4547
455 4557
456 4567
457 4577
458 4587
459 4597
460 4607
461 4617
462 4627
463 4637
464 4647
465 4657
466 4667
467 4677
468 4687
469 4697
470 4707
471 4717
472 4727
473 4737
474 4747
475 4757
476 4767
477 4777
478 4787
479 4797
480 4807
481 4817
482 4827
483 4837
484 4847
485 4857
486 4867
487 4877
488 4887
489 4897
490 4907
491 4917
492 4927
493 4937
494 4947
495 4957
496 4967
497 4977
498 4987
499 4997
500 5007
501 5017
502 5027
503 5037
504 5047
505 5057
506 5067
507 5077
508 5087
509 5097
510 5107
511 5117
512 5127
513 5137
514 5147
515 5157
516 5167
517 5177
518 5187
519 5197
520 5207
521 5217
522 5227
523 5237
524 5247
525 5257
526 5267
527 5277
528 5287
529 5297
530 5307
531 5317
532 5327
533 5337
534 5347
535 5357
536 5367
537 5377
538 5387
539 5397
540 5407
541 5417
542 5427
543 5437
544 5447
545 5457
546 5467
547 5477
548 5487
549 5497
550 5507
551 5517
552 5527
553 5537
554 5547
555 5557
556 5567
557 5577
558 5587
559 5597
560 5607
561 5617
562 5627
563 5637
564 5647
565 5657
566 5667
567 5677
568 5687
569 5697
570 5707
571 5717
572 5727
573 5737
574 5747
575 5757
576 5767
577 5777
578 5787
579 5797
580 5807
581 5817
582 5827
583 5837
584 5847
585 5857
586 5867
587 5877
588 5887
589 5897
590 5907
591 5917
592 5927
593 5937
594 5947
595 5957
596 5967
597 5977
598 5987
599 5997
600 6007
601 6017
602 6027
603 6037
604 6047
605 6057
606 6067
607 6077
608 6087
609 6097
610 6107
611 6117
612 6127
613 6137
614 6147
615 6157
616 6167
617 6177
618 6187
619 6197
620 6207
621 6217
622 6227
623 6237
624 6247
625 6257
626 6267
627 6277
628 6287
629 6297
630 6307
631 6317
632 6327
633 6337
634 6347
635 6357
636 6367
637 6377
638 6387
639 6397
640 6407
641 6417
642 6427
643 6437
644 6447
645 6457
646 6467
647 6477
648 6487
649 6497
650 6507
651 6517
652 6527
653 6537
654 6547
655 6557
656 6567
657 6577
658 6587
659 6597
660 6607
661 6617
662 6627
663 6637
664 6647
665 6657
666 6667
667 6677
668 6687
669 6697
670 6707
671 6717
672 6727
673 6737
674 6747
675 6757
676 6767
677 6777
678 6787
679 6797
680 6807
681 6817
682 6827
683 6837
684 6847
685 6857
686 6867
687 6877
688 6887
689 6897
690 6907
691 6917
692 6927
693 6937
694 6947
695 6957
696 6967
697 6977
698 6987
699 6997
700 7007
701 7017
702 7027
703 7037
704 7047
705 7057
706 7067
707 7077
708 7087
709 7097
710 7107
711 7117
712 7127
713 7137
714 7147
715 7157
716 7167
717 7177
718 7187
719 7197
720 7207
721 7217
722 7227
723 7237
724 7247
725 7257
726 7267
727 7277
728 7287
729 7297
730 7307
731 7317
732 7327
733 7337
734 7347
735 7357
736 7367
737 7377
738 7387
739 7397
740 7407
741 7417
742 7427
743 7437
744 7447
745 7457
746 7467
747 7477
748 7487
749 7497
750 7507
751 7517
752 7527
753 7537
754 7547
755 7557
756 7567
757 7577
758 7587
759 7597
760 7607
761 7617
762 7627
763 7637
764 7647
765 7657
766 7667
767 7677
768 7687
769 7697
770 7707
771 7717
772 7727
773 7737
774 7747
775 7757
776 7767
777 7777
778 7787
779 7797
780 7807
781 7817
782 7827
783 7837
784 7847
785 7857
786 7867
787 7877
788 7887
789 7897
790 7907
791 7917
792 7927
793 7937
794 7947
795 7957
796 7967
797 7977
798 7987
799 7997
800 8007
801 8017
802 8027
803 8037
804 8047
805 8057
806 8067
807 8077
808 8087
809 8097
810 8107
811 8117
812 8127
813 8137
814 8147
815 8157
816 8167
817 8177
818 8187
819 8197
820 8207
821 8217
822 8227
823 8237
824 8247
825 8257
826 8267
827 8277
828 8287
829 8297
830 8307
831 8317
832 8327
833 8337
834 8347
835 8357
836 8367
837 8377
838 8387
839 8397
840 8407
841 8417
842 8427
843 8437
844 8447
845 8457
846 8467
847 8477
848 8487
849 8497
850 8507
851 8517
852 8527
853 8537
854 8547
855 8557
856 8567
857 8577
858 8587
859 8597
860 8607
861 8617
862 8627
863 8637
864 8647
865 8657
866 8667
867 8677
868 8687
869 8697
870 8707
871 8717
872 8727
873 8737
874 8747
875 8757
876 8767
877 8777
878 8787
879 8797
880 8807
881 8817
882 8827
883 8837
884 8847
885 8857
886 8867
887 8877
888 8887
889 8897
890 8907
891 8917
892 8927
893 8937
894 8947
895 8957
896 8967
897 8977
898 8987
899 8997
900 9007
901 9017
902 9027
903 9037
904 9047
905 9057
906 9067
907 9077
908 9087
909 9097
910 9107
911 9117
912 9127
913 9137
914 9147
915 9157
916 9167
917 9177
918 9187
919 9197
920 9207
921 9217
922 9227
923 9237
924 9247
925 9257
926 9267
927 9277
928 9287
929 9297
930 9307
931 9317
932 9327
933 9337
934 9347
935 9357
936 9367
937 9377
938 9387
939 9397
940 9407
941 9417
942 9427
943 9437
944 9447
945 9457
946 9467
947 9477
948 9487
949 9497
950 9507
951 9517
952 9527
953 9537
954 9547
955 9557
956 9567
957 9577
958 9587
959 9597
960 9607
961 9617
962 9627
963 9637
964 9647
965 9657
966 9667
967 9677
968 9687
969 9697
970 9707
971 9717
972 9727
973 9737
974 9747
975 9757
976 9767
977 9777
978 9787
979 9797
980 9807
981 9817
982 9827
983 9837
984 9847
985 9857
986 9867
987 9877
988 9887
989 9897
990 9907
991 9917
992 9927
993 9937
994 9947
995 9957
996 9967
997 9977
998 9987
999 9997
1000 10007
