0 0
1 6
2 10
3 14
4 18
5 22
6 26
7 30
8 34
9 38
10 42
11 46
12 50
13 54
14 58
15 62
16 66
17 70
18 74
19 78
20 82
21 86
22 90
23 94
24 98
25 102
26 106
27 110
28 114
29 118
30 122
31 126
32 130
33 134
34 138
35 142
36 146
37 150
38 154
39 158
40 162
41 166
42 170
43 174
44 178
45 182
46 186
47 190
48 194
49 198
50 202
51 206
52 210
53 214
54 218
55 222
56 226
57 230
58 234
59 238
60 242
61 246
62 250
63 254
64 258
65 262
66 266
67 270
68 274
69 278
70 282
71 286
72 290
73 294
74 298
75 302
76 306
77 310
78 314
79 318
80 322
81 326
82 330
83 334
84 338
85 342
86 346
87 350
88 354
89 358
90 362
91 366
92 370
93 374
94 378
95 382
96 386
97 390
98 394
99 398
100 402
101 406
102 410
103 414
104 418
105 422
106 426
107 430
108 434
109 438
110 442
111 446
112 450
113 454
114 458
115 462
116 466
117 470
118 474
119 478
120 482
121 486
122 490
123 494
124 498
125 502
126 506
127 510
128 514
129 518
130 522
131 526
132 530
133 534
134 538
135 542
136 546
137 550
138 554
139 558
140 562
141 566
142 570
143 574
144 578
145 582
146 586
147 590
148 594
149 598
150 602
151 606
152 610
153 614
154 618
155 622
156 626
157 630
158 634
159 638
160 642
161 646
162 650
163 654
164 658
165 662
166 666
167 670
168 674
169 678
170 682
171 686
172 690
173 694
174 698
175 702
176 706
177 710
178 714
179 718
180 722
181 726
182 730
183 734
184 738
185 742
186 746
187 750
188 754
189 758
190 762
191 766
192 770
193 774
194 778
195 782
196 786
197 790
198 794
199 798
200 802
201 806
202 810
203 814
204 818
205 822
206 826
207 830
208 834
209 838
210 842
211 846
212 850
213 854
214 858
215 862
216 866
217 870
218 874
219 878
220 882
221 886
222 890
223 894
224 898
225 902
226 906
227 910
228 914
229 918
230 922
231 926
232 930
233 934
234 938
235 942
236 946
237 950
238 954
239 958
240 962
241 966
242 970
243 974
244 978
245 982
246 986
247 990
248 994
249 998
250 1002
251 1006
252 1010
253 1014
254 1018
255 1022
256 1026
257 1030
258 1034
259 1038
260 1042
261 1046
262 1050
263 1054
264 1058
265 1062
266 1066
267 1070
268 1074
269 1078
270 1082
271 1086
272 1090
273 1094
274 1098
275 1102
276 1106
277 1110
278 1114
279 1118
280 1122
281 1126
282 1130
283 1134
284 1138
285 1142
286 1146
287 1150
288 1154
289 1158
290 1162
291 1166
292 1170
293 1174
294 1178
295 1182
296 1186
297 1190
298 1194
299 1198
300 1202
301 1206
302 1210
303 1214
304 1218
305 1222
306 1226
307 1230
308 1234
309 1238
310 1242
311 1246
312 1250
313 1254
314 1258
315 1262
316 1266
317 1270
318 1274
319 1278
320 1282
321 1286
322 1290
323 1294
324 1298
325 1302
326 1306
327 1310
328 1314
329 1318
330 1322
331 1326
332 1330
333 1334
334 1338
335 1342
336 1346
337 1350
338 1354
339 1358
340 1362
341 1366
342 1370
343 1374
344 1378
345 1382
346 1386
347 1390
348 1394
349 1398
350 1402
351 1406
352 1410
353 1414
354 1418
355 1422
356 1426
357 1430
358 1434
359 1438
360 1442
361 1446
362 1450
363 1454
364 1458
365 1462
366 1466
367 1470
368 1474
369 1478
370 1482
371 1486
372 1490
373 1494
374 1498
375 1502
376 1506
377 1510
378 1514
379 1518
380 1522
381 1526
382 1530
383 1534
384 1538
385 1542
386 1546
387 1550
388 1554
389 1558
390 1562
391 1566
392 1570
393 1574
394 1578
395 1582
396 1586
397 1590
398 1594
399 1598
400 1602
401 1606
402 1610
403 1614
404 1618
405 1622
406 1626
407 1630
408 1634
409 1638
410 1642
411 1646
412 1650
413 1654
414 1658
415 1662
416 1666
417 1670
418 1674
419 1678
420 1682
421 1686
422 1690
423 1694
424 1698
425 1702
426 1706
427 1710
428 1714
429 1718
430 1722
431 1726
432 1730
433 1734
434 1738
435 1742
436 1746
437 1750
438 1754
439 1758
440 1762
441 1766
442 1770
443 1774
444 1778
445 1782
446 1786
447 1790
448 1794
449 1798
450 1802
451 1806
452 1810
453 1814
454 1818
455 1822
456 1826
457 1830
458 1834
459 1838
460 1842
461 1846
462 1850
463 1854
464 1858
465 1862
466 1866
467 1870
468 1874
469 1878
470 1882
471 1886
472 1890
473 1894
474 1898
475 1902
476 1906
477 1910
478 1914
479 1918
480 1922
481 1926
482 1930
483 1934
484 1938
485 1942
486 1946
487 1950
488 1954
489 1958
490 1962
491 1966
492 1970
493 1974
494 1978
495 1982
496 1986
497 1990
498 1994
499 1998
500 2002
501 2006
502 2010
503 2014
504 2018
505 2022
506 2026
507 2030
508 2034
509 2038
510 2042
511 2046
512 2050
513 2054
514 2058
515 2062
516 2066
517 2070
518 2074
519 2078
520 2082
521 2086
522 2090
523 2094
524 2098
525 2102
526 2106
527 2110
528 2114
529 2118
530 2122
531 2126
532 2130
533 2134
534 2138
535 2142
536 2146
537 2150
538 2154
539 2158
540 2162
541 2166
542 2170
543 2174
544 2178
545 2182
546 2186
547 2190
548 2194
549 2198
550 2202
551 2206
552 2210
553 2214
554 2218
555 2222
556 2226
557 2230
558 2234
559 2238
560 2242
561 2246
562 2250
563 2254
564 2258
565 2262
566 2266
567 2270
568 2274
569 2278
570 2282
571 2286
572 2290
573 2294
574 2298
575 2302
576 2306
577 2310
578 2314
579 2318
580 2322
581 2326
582 2330
583 2334
584 2338
585 2342
586 2346
587 2350
588 2354
589 2358
590 2362
591 2366
592 2370
593 2374
594 2378
595 2382
596 2386
597 2390
598 2394
599 2398
600 2402
601 2406
602 2410
603 2414
604 2418
605 2422
606 2426
607 2430
608 2434
609 2438
610 2442
611 2446
612 2450
613 2454
614 2458
615 2462
616 2466
617 2470
618 2474
619 2478
620 2482
621 2486
622 2490
623 2494
624 2498
625 2502
626 2506
627 2510
628 2514
629 2518
630 2522
631 2526
632 2530
633 2534
634 2538
635 2542
636 2546
637 2550
638 2554
639 2558
640 2562
641 2566
642 2570
643 2574
644 2578
645 2582
646 2586
647 2590
648 2594
649 2598
650 2602
651 2606
652 2610
653 2614
654 2618
655 2622
656 2626
657 2630
658 2634
659 2638
660 2642
661 2646
662 2650
663 2654
664 2658
665 2662
666 2666
667 2670
668 2674
669 2678
670 2682
671 2686
672 2690
673 2694
674 2698
675 2702
676 2706
677 2710
678 2714
679 2718
680 2722
681 2726
682 2730
683 2734
684 2738
685 2742
686 2746
687 2750
688 2754
689 2758
690 2762
691 2766
692 2770
693 2774
694 2778
695 2782
696 2786
697 2790
698 2794
699 2798
700 2802
701 2806
702 2810
703 2814
704 2818
705 2822
706 2826
707 2830
708 2834
709 2838
710 2842
711 2846
712 2850
713 2854
714 2858
715 2862
716 2866
717 2870
718 2874
719 2878
720 2882
721 2886
722 2890
723 2894
724 2898
725 2902
726 2906
727 2910
728 2914
729 2918
730 2922
731 2926
732 2930
733 2934
734 2938
735 2942
736 2946
737 2950
738 2954
739 2958
740 2962
741 2966
742 2970
743 2974
744 2978
745 2982
746 2986
747 2990
748 2994
749 2998
750 3002
751 3006
752 3010
753 3014
754 3018
755 3022
756 3026
757 3030
758 3034
759 3038
760 3042
761 3046
762 3050
763 3054
764 3058
765 3062
766 3066
767 3070
768 3074
769 3078
770 3082
771 3086
772 3090
773 3094
774 3098
775 3102
776 3106
777 3110
778 3114
779 3118
780 3122
781 3126
782 3130
783 3134
784 3138
785 3142
786 3146
787 3150
788 3154
789 3158
790 3162
791 3166
792 3170
793 3174
794 3178
795 3182
796 3186
797 3190
798 3194
799 3198
800 3202
801 3206
802 3210
803 3214
804 3218
805 3222
806 3226
807 3230
808 3234
809 3238
810 3242
811 3246
812 3250
813 3254
814 3258
815 3262
816 3266
817 3270
818 3274
819 3278
820 3282
821 3286
822 3290
823 3294
824 3298
825 3302
826 3306
827 3310
828 3314
829 3318
830 3322
831 3326
832 3330
833 3334
834 3338
835 3342
836 3346
837 3350
838 3354
839 3358
840 3362
841 3366
842 3370
843 3374
844 3378
845 3382
846 3386
847 3390
848 3394
849 3398
850 3402
851 3406
852 3410
853 3414
854 3418
855 3422
856 3426
857 3430
858 3434
859 3438
860 3442
861 3446
862 3450
863 3454
864 3458
865 3462
866 3466
867 3470
868 3474
869 3478
870 3482
871 3486
872 3490
873 3494
874 3498
875 3502
876 3506
877 3510
878 3514
879 3518
880 3522
881 3526
882 3530
883 3534
884 3538
885 3542
886 3546
887 3550
888 3554
889 3558
890 3562
891 3566
892 3570
893 3574
894 3578
895 3582
896 3586
897 3590
898 3594
899 3598
900 3602
901 3606
902 3610
903 3614
904 3618
905 3622
906 3626
907 3630
908 3634
909 3638
910 3642
911 3646
912 3650
913 3654
914 3658
915 3662
916 3666
917 3670
918 3674
919 3678
920 3682
921 3686
922 3690
923 3694
924 3698
925 3702
926 3706
927 3710
928 3714
929 3718
930 3722
931 3726
932 3730
933 3734
934 3738
935 3742
936 3746
937 3750
938 3754
939 3758
940 3762
941 3766
942 3770
943 3774
944 3778
945 3782
946 3786
947 3790
948 3794
949 3798
950 3802
951 3806
952 3810
953 3814
954 3818
955 3822
956 3826
957 3830
958 3834
959 3838
960 3842
961 3846
962 3850
963 3854
964 3858
965 3862
966 3866
967 3870
968 3874
969 3878
970 3882
971 3886
972 3890
973 3894
974 3898
975 3902
976 3906
977 3910
978 3914
979 3918
980 3922
981 3926
982 3930
983 3934
984 3938
985 3942
986 3946
987 3950
988 3954
989 3958
990 3962
991 3966
992 3970
993 3974
994 3978
995 3982
996 3986
997 3990
998 3994
999 3998
1000 4002
