0 0
1 17
2 34
3 51
4 68
5 85
6 102
7 119
8 136
9 153
10 170
11 187
12 204
13 221
14 238
15 255
16 272
17 289
18 306
19 323
20 340
21 357
22 374
23 391
24 408
25 425
26 442
27 459
28 476
29 493
30 510
31 527
32 544
33 561
34 578
35 595
36 612
37 629
38 646
39 663
40 680
41 697
42 714
43 731
44 748
45 765
46 782
47 799
48 816
49 833
50 850
51 867
52 884
53 901
54 918
55 935
56 952
57 969
58 986
59 1003
60 1020
61 1037
62 1054
63 1071
64 1088
65 1105
66 1122
67 1139
68 1156
69 1173
70 1190
71 1207
72 1224
73 1241
74 1258
75 1275
76 1292
77 1309
78 1326
79 1343
80 1360
81 1377
82 1394
83 1411
84 1428
85 1445
86 1462
87 1479
88 1496
89 1513
90 1530
91 1547
92 1564
93 1581
94 1598
95 1615
96 1632
97 1649
98 1666
99 1683
100 1700
101 1717
102 1734
103 1751
104 1768
105 1785
106 1802
107 1819
108 1836
109 1853
110 1870
111 1887
112 1904
113 1921
114 1938
115 1955
116 1972
117 1989
118 2006
119 2023
120 2040
121 2057
122 2074
123 2091
124 2108
125 2125
126 2142
127 2159
128 2176
129 2193
130 2210
131 2227
132 2244
133 2261
134 2278
135 2295
136 2312
137 2329
138 2346
139 2363
140 2380
141 2397
142 2414
143 2431
144 2448
145 2465
146 2482
147 2499
148 2516
149 2533
150 2550
151 2567
152 2584
153 2601
154 2618
155 2635
156 2652
157 2669
158 2686
159 2703
160 2720
161 2737
162 2754
163 2771
164 2788
165 2805
166 2822
167 2839
168 2856
169 2873
170 2890
171 2907
172 2924
173 2941
174 2958
175 2975
176 2992
177 3009
178 3026
179 3043
180 3060
181 3077
182 3094
183 3111
184 3128
185 3145
186 3162
187 3179
188 3196
189 3213
190 3230
191 3247
192 3264
193 3281
194 3298
195 3315
196 3332
197 3349
198 3366
199 3383
200 3400
201 3417
202 3434
203 3451
204 3468
205 3485
206 3502
207 3519
208 3536
209 3553
210 3570
211 3587
212 3604
213 3621
214 3638
215 3655
216 3672
217 3689
218 3706
219 3723
220 3740
221 3757
222 3774
223 3791
224 3808
225 3825
226 3842
227 3859
228 3876
229 3893
230 3910
231 3927
232 3944
233 3961
234 3978
235 3995
236 4012
237 4029
238 4046
239 4063
240 4080
241 4097
242 4114
243 4131
244 4148
245 4165
246 4182
247 4199
248 4216
249 4233
250 4250
251 4267
252 4284
253 4301
254 4318
255 4335
256 4352
257 4369
258 4386
259 4403
260 4420
261 4437
262 4454
263 4471
264 4488
265 4505
266 4522
267 4539
268 4556
269 4573
270 4590
271 4607
272 4624
273 4641
274 4658
275 4675
276 4692
277 4709
278 4726
279 4743
280 4760
281 4777
282 4794
283 4811
284 4828
285 4845
286 4862
287 4879
288 4896
289 4913
290 4930
291 4947
292 4964
293 4981
294 4998
295 5015
296 5032
297 5049
298 5066
299 5083
300 5100
301 5117
302 5134
303 5151
304 5168
305 5185
306 5202
307 5219
308 5236
309 5253
310 5270
311 5287
312 5304
313 5321
314 5338
315 5355
316 5372
317 5389
318 5406
319 5423
320 5440
321 5457
322 5474
323 5491
324 5508
325 5525
326 5542
327 5559
328 5576
329 5593
330 5610
331 5627
332 5644
333 5661
334 5678
335 5695
336 5712
337 5729
338 5746
339 5763
340 5780
341 5797
342 5814
343 5831
344 5848
345 5865
346 5882
347 5899
348 5916
349 5933
350 5950
351 5967
352 5984
353 6001
354 6018
355 6035
356 6052
357 6069
358 6086
359 6103
360 6120
361 6137
362 6154
363 6171
364 6188
365 6205
366 6222
367 6239
368 6256
369 6273
370 6290
371 6307
372 6324
373 6341
374 6358
375 6375
376 6392
377 6409
378 6426
379 6443
380 6460
381 6477
382 6494
383 6511
384 6528
385 6545
386 6562
387 6579
388 6596
389 6613
390 6630
391 6647
392 6664
393 6681
394 6698
395 6715
396 6732
397 6749
398 6766
399 6783
400 6800
401 6817
402 6834
403 6851
404 6868
405 6885
406 6902
407 6919
408 6936
409 6953
410 6970
411 6987
412 7004
413 7021
414 7038
415 7055
416 7072
417 7089
418 7106
419 7123
420 7140
421 7157
422 7174
423 7191
424 7208
425 7225
426 7242
427 7259
428 7276
429 7293
430 7310
431 7327
432 7344
433 7361
434 7378
435 7395
436 7412
437 7429
438 7446
439 7463
440 7480
441 7497
442 7514
443 7531
444 7548
445 7565
446 7582
447 7599
448 7616
449 7633
450 7650
451 7667
452 7684
453 7701
454 7718
455 7735
456 7752
457 7769
458 7786
459 7803
460 7820
461 7837
462 7854
463 7871
464 7888
465 7905
466 7922
467 7939
468 7956
469 7973
470 7990
471 8007
472 8024
473 8041
474 8058
475 8075
476 8092
477 8109
478 8126
479 8143
480 8160
481 8177
482 8194
483 8211
484 8228
485 8245
486 8262
487 8279
488 8296
489 8313
490 8330
491 8347
492 8364
493 8381
494 8398
495 8415
496 8432
497 8449
498 8466
499 8483
500 8500
501 8517
502 8534
503 8551
504 8568
505 8585
506 8602
507 8619
508 8636
509 8653
510 8670
511 8687
512 8704
513 8721
514 8738
515 8755
516 8772
517 8789
518 8806
519 8823
520 8840
521 8857
522 8874
523 8891
524 8908
525 8925
526 8942
527 8959
528 8976
529 8993
530 9010
531 9027
532 9044
533 9061
534 9078
535 9095
536 9112
537 9129
538 9146
539 9163
540 9180
541 9197
542 9214
543 9231
544 9248
545 9265
546 9282
547 9299
548 9316
549 9333
550 9350
551 9367
552 9384
553 9401
554 9418
555 9435
556 9452
557 9469
558 9486
559 9503
560 9520
561 9537
562 9554
563 9571
564 9588
565 9605
566 9622
567 9639
568 9656
569 9673
570 9690
571 9707
572 9724
573 9741
574 9758
575 9775
576 9792
577 9809
578 9826
579 9843
580 9860
581 9877
582 9894
583 9911
584 9928
585 9945
586 9962
587 9979
588 9996
589 10013
590 10030
591 10047
592 10064
593 10081
594 10098
595 10115
596 10132
597 10149
598 10166
599 10183
600 10200
601 10217
602 10234
603 10251
604 10268
605 10285
606 10302
607 10319
608 10336
609 10353
610 10370
611 10387
612 10404
613 10421
614 10438
615 10455
616 10472
617 10489
618 10506
619 10523
620 10540
621 10557
622 10574
623 10591
624 10608
625 10625
626 10642
627 10659
628 10676
629 10693
630 10710
631 10727
632 10744
633 10761
634 10778
635 10795
636 10812
637 10829
638 10846
639 10863
640 10880
641 10897
642 10914
643 10931
644 10948
645 10965
646 10982
647 10999
648 11016
649 11033
650 11050
651 11067
652 11084
653 11101
654 11118
655 11135
656 11152
657 11169
658 11186
659 11203
660 11220
661 11237
662 11254
663 11271
664 11288
665 11305
666 11322
667 11339
668 11356
669 11373
670 11390
671 11407
672 11424
673 11441
674 11458
675 11475
676 11492
677 11509
678 11526
679 11543
680 11560
681 11577
682 11594
683 11611
684 11628
685 11645
686 11662
687 11679
688 11696
689 11713
690 11730
691 11747
692 11764
693 11781
694 11798
695 11815
696 11832
697 11849
698 11866
699 11883
700 11900
701 11917
702 11934
703 11951
704 11968
705 11985
706 12002
707 12019
708 12036
709 12053
710 12070
711 12087
712 12104
713 12121
714 12138
715 12155
716 12172
717 12189
718 12206
719 12223
720 12240
721 12257
722 12274
723 12291
724 12308
725 12325
726 12342
727 12359
728 12376
729 12393
730 12410
731 12427
732 12444
733 12461
734 12478
735 12495
736 12512
737 12529
738 12546
739 12563
740 12580
741 12597
742 12614
743 12631
744 12648
745 12665
746 12682
747 12699
748 12716
749 12733
750 12750
751 12767
752 12784
753 12801
754 12818
755 12835
756 12852
757 12869
758 12886
759 12903
760 12920
761 12937
762 12954
763 12971
764 12988
765 13005
766 13022
767 13039
768 13056
769 13073
770 13090
771 13107
772 13124
773 13141
774 13158
775 13175
776 13192
777 13209
778 13226
779 13243
780 13260
781 13277
782 13294
783 13311
784 13328
785 13345
786 13362
787 13379
788 13396
789 13413
790 13430
791 13447
792 13464
793 13481
794 13498
795 13515
796 13532
797 13549
798 13566
799 13583
800 13600
801 13617
802 13634
803 13651
804 13668
805 13685
806 13702
807 13719
808 13736
809 13753
810 13770
811 13787
812 13804
813 13821
814 13838
815 13855
816 13872
817 13889
818 13906
819 13923
820 13940
821 13957
822 13974
823 13991
824 14008
825 14025
826 14042
827 14059
828 14076
829 14093
830 14110
831 14127
832 14144
833 14161
834 14178
835 14195
836 14212
837 14229
838 14246
839 14263
840 14280
841 14297
842 14314
843 14331
844 14348
845 14365
846 14382
847 14399
848 14416
849 14433
850 14450
851 14467
852 14484
853 14501
854 14518
855 14535
856 14552
857 14569
858 14586
859 14603
860 14620
861 14637
862 14654
863 14671
864 14688
865 14705
866 14722
867 14739
868 14756
869 14773
870 14790
871 14807
872 14824
873 14841
874 14858
875 14875
876 14892
877 14909
878 14926
879 14943
880 14960
881 14977
882 14994
883 15011
884 15028
885 15045
886 15062
887 15079
888 15096
889 15113
890 15130
891 15147
892 15164
893 15181
894 15198
895 15215
896 15232
897 15249
898 15266
899 15283
900 15300
901 15317
902 15334
903 15351
904 15368
905 15385
906 15402
907 15419
908 15436
909 15453
910 15470
911 15487
912 15504
913 15521
914 15538
915 15555
916 15572
917 15589
918 15606
919 15623
920 15640
921 15657
922 15674
923 15691
924 15708
925 15725
926 15742
927 15759
928 15776
929 15793
930 15810
931 15827
932 15844
933 15861
934 15878
935 15895
936 15912
937 15929
938 15946
939 15963
940 15980
941 15997
942 16014
943 16031
944 16048
945 16065
946 16082
947 16099
948 16116
949 16133
950 16150
951 16167
952 16184
953 16201
954 16218
955 16235
956 16252
957 16269
958 16286
959 16303
960 16320
961 16337
962 16354
963 16371
964 16388
965 16405
966 16422
967 16439
968 16456
969 16473
970 16490
971 16507
972 16524
973 16541
974 16558
975 16575
976 16592
977 16609
978 16626
979 16643
980 16660
981 16677
982 16694
983 16711
984 16728
985 16745
986 16762
987 16779
988 16796
989 16813
990 16830
991 16847
992 16864
993 16881
994 16898
995 16915
996 16932
997 16949
998 16966
999 16983
1000 17000
