0 0
1 22
2 34
3 46
4 58
5 70
6 82
7 94
8 106
9 118
10 130
11 142
12 154
13 166
14 178
15 190
16 202
17 214
18 226
19 238
20 250
21 262
22 274
23 286
24 298
25 310
26 322
27 334
28 346
29 358
30 370
31 382
32 394
33 406
34 418
35 430
36 442
37 454
38 466
39 478
40 490
41 502
42 514
43 526
44 538
45 550
46 562
47 574
48 586
49 598
50 610
51 622
52 634
53 646
54 658
55 670
56 682
57 694
58 706
59 718
60 730
61 742
62 754
63 766
64 778
65 790
66 802
67 814
68 826
69 838
70 850
71 862
72 874
73 886
74 898
75 910
76 922
77 934
78 946
79 958
80 970
81 982
82 994
83 1006
84 1018
85 1030
86 1042
87 1054
88 1066
89 1078
90 1090
91 1102
92 1114
93 1126
94 1138
95 1150
96 1162
97 1174
98 1186
99 1198
100 1210
101 1222
102 1234
103 1246
104 1258
105 1270
106 1282
107 1294
108 1306
109 1318
110 1330
111 1342
112 1354
113 1366
114 1378
115 1390
116 1402
117 1414
118 1426
119 1438
120 1450
121 1462
122 1474
123 1486
124 1498
125 1510
126 1522
127 1534
128 1546
129 1558
130 1570
131 1582
132 1594
133 1606
134 1618
135 1630
136 1642
137 1654
138 1666
139 1678
140 1690
141 1702
142 1714
143 1726
144 1738
145 1750
146 1762
147 1774
148 1786
149 1798
150 1810
151 1822
152 1834
153 1846
154 1858
155 1870
156 1882
157 1894
158 1906
159 1918
160 1930
161 1942
162 1954
163 1966
164 1978
165 1990
166 2002
167 2014
168 2026
169 2038
170 2050
171 2062
172 2074
173 2086
174 2098
175 2110
176 2122
177 2134
178 2146
179 2158
180 2170
181 2182
182 2194
183 2206
184 2218
185 2230
186 2242
187 2254
188 2266
189 2278
190 2290
191 2302
192 2314
193 2326
194 2338
195 2350
196 2362
197 2374
198 2386
199 2398
200 2410
201 2422
202 2434
203 2446
204 2458
205 2470
206 2482
207 2494
208 2506
209 2518
210 2530
211 2542
212 2554
213 2566
214 2578
215 2590
216 2602
217 2614
218 2626
219 2638
220 2650
221 2662
222 2674
223 2686
224 2698
225 2710
226 2722
227 2734
228 2746
229 2758
230 2770
231 2782
232 2794
233 2806
234 2818
235 2830
236 2842
237 2854
238 2866
239 2878
240 2890
241 2902
242 2914
243 2926
244 2938
245 2950
246 2962
247 2974
248 2986
249 2998
250 3010
251 3022
252 3034
253 3046
254 3058
255 3070
256 3082
257 3094
258 3106
259 3118
260 3130
261 3142
262 3154
263 3166
264 3178
265 3190
266 3202
267 3214
268 3226
269 3238
270 3250
271 3262
272 3274
273 3286
274 3298
275 3310
276 3322
277 3334
278 3346
279 3358
280 3370
281 3382
282 3394
283 3406
284 3418
285 3430
286 3442
287 3454
288 3466
289 3478
290 3490
291 3502
292 3514
293 3526
294 3538
295 3550
296 3562
297 3574
298 3586
299 3598
300 3610
301 3622
302 3634
303 3646
304 3658
305 3670
306 3682
307 3694
308 3706
309 3718
310 3730
311 3742
312 3754
313 3766
314 3778
315 3790
316 3802
317 3814
318 3826
319 3838
320 3850
321 3862
322 3874
323 3886
324 3898
325 3910
326 3922
327 3934
328 3946
329 3958
330 3970
331 3982
332 3994
333 4006
334 4018
335 4030
336 4042
337 4054
338 4066
339 4078
340 4090
341 4102
342 4114
343 4126
344 4138
345 4150
346 4162
347 4174
348 4186
349 4198
350 4210
351 4222
352 4234
353 4246
354 4258
355 4270
356 4282
357 4294
358 4306
359 4318
360 4330
361 4342
362 4354
363 4366
364 4378
365 4390
366 4402
367 4414
368 4426
369 4438
370 4450
371 4462
372 4474
373 4486
374 4498
375 4510
376 4522
377 4534
378 4546
379 4558
380 4570
381 4582
382 4594
383 4606
384 4618
385 4630
386 4642
387 4654
388 4666
389 4678
390 4690
391 4702
392 4714
393 4726
394 4738
395 4750
396 4762
397 4774
398 4786
399 4798
400 4810
401 4822
402 4834
403 4846
404 4858
405 4870
406 4882
407 4894
408 4906
409 4918
410 4930
411 4942
412 4954
413 4966
414 4978
415 4990
416 5002
417 5014
418 5026
419 5038
420 5050
421 5062
422 5074
423 5086
424 5098
425 5110
426 5122
427 5134
428 5146
429 5158
430 5170
431 5182
432 5194
433 5206
434 5218
435 5230
436 5242
437 5254
438 5266
439 5278
440 5290
441 5302
442 5314
443 5326
444 5338
445 5350
446 5362
447 5374
448 5386
449 5398
450 5410
451 5422
452 5434
453 5446
454 5458
455 5470
456 5482
457 5494
458 5506
459 5518
460 5530
461 5542
462 5554
463 5566
464 5578
465 5590
466 5602
467 5614
468 5626
469 5638
470 5650
471 5662
472 5674
473 5686
474 5698
475 5710
476 5722
477 5734
478 5746
479 5758
480 5770
481 5782
482 5794
483 5806
484 5818
485 5830
486 5842
487 5854
488 5866
489 5878
490 5890
491 5902
492 5914
493 5926
494 5938
495 5950
496 5962
497 5974
498 5986
499 5998
500 6010
501 6022
502 6034
503 6046
504 6058
505 6070
506 6082
507 6094
508 6106
509 6118
510 6130
511 6142
512 6154
513 6166
514 6178
515 6190
516 6202
517 6214
518 6226
519 6238
520 6250
521 6262
522 6274
523 6286
524 6298
525 6310
526 6322
527 6334
528 6346
529 6358
530 6370
531 6382
532 6394
533 6406
534 6418
535 6430
536 6442
537 6454
538 6466
539 6478
540 6490
541 6502
542 6514
543 6526
544 6538
545 6550
546 6562
547 6574
548 6586
549 6598
550 6610
551 6622
552 6634
553 6646
554 6658
555 6670
556 6682
557 6694
558 6706
559 6718
560 6730
561 6742
562 6754
563 6766
564 6778
565 6790
566 6802
567 6814
568 6826
569 6838
570 6850
571 6862
572 6874
573 6886
574 6898
575 6910
576 6922
577 6934
578 6946
579 6958
580 6970
581 6982
582 6994
583 7006
584 7018
585 7030
586 7042
587 7054
588 7066
589 7078
590 7090
591 7102
592 7114
593 7126
594 7138
595 7150
596 7162
597 7174
598 7186
599 7198
600 7210
601 7222
602 7234
603 7246
604 7258
605 7270
606 7282
607 7294
608 7306
609 7318
610 7330
611 7342
612 7354
613 7366
614 7378
615 7390
616 7402
617 7414
618 7426
619 7438
620 7450
621 7462
622 7474
623 7486
624 7498
625 7510
626 7522
627 7534
628 7546
629 7558
630 7570
631 7582
632 7594
633 7606
634 7618
635 7630
636 7642
637 7654
638 7666
639 7678
640 7690
641 7702
642 7714
643 7726
644 7738
645 7750
646 7762
647 7774
648 7786
649 7798
650 7810
651 7822
652 7834
653 7846
654 7858
655 7870
656 7882
657 7894
658 7906
659 7918
660 7930
661 7942
662 7954
663 7966
664 7978
665 7990
666 8002
667 8014
668 8026
669 8038
670 8050
671 8062
672 8074
673 8086
674 8098
675 8110
676 8122
677 8134
678 8146
679 8158
680 8170
681 8182
682 8194
683 8206
684 8218
685 8230
686 8242
687 8254
688 8266
689 8278
690 8290
691 8302
692 8314
693 8326
694 8338
695 8350
696 8362
697 8374
698 8386
699 8398
700 8410
701 8422
702 8434
703 8446
704 8458
705 8470
706 8482
707 8494
708 8506
709 8518
710 8530
711 8542
712 8554
713 8566
714 8578
715 8590
716 8602
717 8614
718 8626
719 8638
720 8650
721 8662
722 8674
723 8686
724 8698
725 8710
726 8722
727 8734
728 8746
729 8758
730 8770
731 8782
732 8794
733 8806
734 8818
735 8830
736 8842
737 8854
738 8866
739 8878
740 8890
741 8902
742 8914
743 8926
744 8938
745 8950
746 8962
747 8974
748 8986
749 8998
750 9010
751 9022
752 9034
753 9046
754 9058
755 9070
756 9082
757 9094
758 9106
759 9118
760 9130
761 9142
762 9154
763 9166
764 9178
765 9190
766 9202
767 9214
768 9226
769 9238
770 9250
771 9262
772 9274
773 9286
774 9298
775 9310
776 9322
777 9334
778 9346
779 9358
780 9370
781 9382
782 9394
783 9406
784 9418
785 9430
786 9442
787 9454
788 9466
789 9478
790 9490
791 9502
792 9514
793 9526
794 9538
795 9550
796 9562
797 9574
798 9586
799 9598
800 9610
801 9622
802 9634
803 9646
804 9658
805 9670
806 9682
807 9694
808 9706
809 9718
810 9730
811 9742
812 9754
813 9766
814 9778
815 9790
816 9802
817 9814
818 9826
819 9838
820 9850
821 9862
822 9874
823 9886
824 9898
825 9910
826 9922
827 9934
828 9946
829 9958
830 9970
831 9982
832 9994
833 10006
834 10018
835 10030
836 10042
837 10054
838 10066
839 10078
840 10090
841 10102
842 10114
843 10126
844 10138
845 10150
846 10162
847 10174
848 10186
849 10198
850 10210
851 10222
852 10234
853 10246
854 10258
855 10270
856 10282
857 10294
858 10306
859 10318
860 10330
861 10342
862 10354
863 10366
864 10378
865 10390
866 10402
867 10414
868 10426
869 10438
870 10450
871 10462
872 10474
873 10486
874 10498
875 10510
876 10522
877 10534
878 10546
879 10558
880 10570
881 10582
882 10594
883 10606
884 10618
885 10630
886 10642
887 10654
888 10666
889 10678
890 10690
891 10702
892 10714
893 10726
894 10738
895 10750
896 10762
897 10774
898 10786
899 10798
900 10810
901 10822
902 10834
903 10846
904 10858
905 10870
906 10882
907 10894
908 10906
909 10918
910 10930
911 10942
912 10954
913 10966
914 10978
915 10990
916 11002
917 11014
918 11026
919 11038
920 11050
921 11062
922 11074
923 11086
924 11098
925 11110
926 11122
927 11134
928 11146
929 11158
930 11170
931 11182
932 11194
933 11206
934 11218
935 11230
936 11242
937 11254
938 11266
939 11278
940 11290
941 11302
942 11314
943 11326
944 11338
945 11350
946 11362
947 11374
948 11386
949 11398
950 11410
951 11422
952 11434
953 11446
954 11458
955 11470
956 11482
957 11494
958 11506
959 11518
960 11530
961 11542
962 11554
963 11566
964 11578
965 11590
966 11602
967 11614
968 11626
969 11638
970 11650
971 11662
972 11674
973 11686
974 11698
975 11710
976 11722
977 11734
978 11746
979 11758
980 11770
981 11782
982 11794
983 11806
984 11818
985 11830
986 11842
987 11854
988 11866
989 11878
990 11890
991 11902
992 11914
993 11926
994 11938
995 11950
996 11962
997 11974
998 11986
999 11998
1000 12010
