0 1
1 2
2 3
3 4
4 5
5 7
6 9
7 11
8 13
9 15
10 18
11 21
12 24
13 27
14 30
15 34
16 38
17 42
18 46
19 50
20 55
21 60
22 65
23 70
24 75
25 81
26 87
27 93
28 99
29 105
30 112
31 119
32 126
33 133
34 140
35 148
36 156
37 164
38 172
39 180
40 189
41 198
42 207
43 216
44 225
45 235
46 245
47 255
48 265
49 275
50 286
51 297
52 308
53 319
54 330
55 342
56 354
57 366
58 378
59 390
60 403
61 416
62 429
63 442
64 455
65 469
66 483
67 497
68 511
69 525
70 540
71 555
72 570
73 585
74 600
75 616
76 632
77 648
78 664
79 680
80 697
81 714
82 731
83 748
84 765
85 783
86 801
87 819
88 837
89 855
90 874
91 893
92 912
93 931
94 950
95 970
96 990
97 1010
98 1030
99 1050
100 1071
101 1092
102 1113
103 1134
104 1155
105 1177
106 1199
107 1221
108 1243
109 1265
110 1288
111 1311
112 1334
113 1357
114 1380
115 1404
116 1428
117 1452
118 1476
119 1500
120 1525
121 1550
122 1575
123 1600
124 1625
125 1651
126 1677
127 1703
128 1729
129 1755
130 1782
131 1809
132 1836
133 1863
134 1890
135 1918
136 1946
137 1974
138 2002
139 2030
140 2059
141 2088
142 2117
143 2146
144 2175
145 2205
146 2235
147 2265
148 2295
149 2325
150 2356
151 2387
152 2418
153 2449
154 2480
155 2512
156 2544
157 2576
158 2608
159 2640
160 2673
161 2706
162 2739
163 2772
164 2805
165 2839
166 2873
167 2907
168 2941
169 2975
170 3010
171 3045
172 3080
173 3115
174 3150
175 3186
176 3222
177 3258
178 3294
179 3330
180 3367
181 3404
182 3441
183 3478
184 3515
185 3553
186 3591
187 3629
188 3667
189 3705
190 3744
191 3783
192 3822
193 3861
194 3900
195 3940
196 3980
197 4020
198 4060
199 4100
200 4141
201 4182
202 4223
203 4264
204 4305
205 4347
206 4389
207 4431
208 4473
209 4515
210 4558
211 4601
212 4644
213 4687
214 4730
215 4774
216 4818
217 4862
218 4906
219 4950
220 4995
221 5040
222 5085
223 5130
224 5175
225 5221
226 5267
227 5313
228 5359
229 5405
230 5452
231 5499
232 5546
233 5593
234 5640
235 5688
236 5736
237 5784
238 5832
239 5880
240 5929
241 5978
242 6027
243 6076
244 6125
245 6175
246 6225
247 6275
248 6325
249 6375
250 6426
251 6477
252 6528
253 6579
254 6630
255 6682
256 6734
257 6786
258 6838
259 6890
260 6943
261 6996
262 7049
263 7102
264 7155
265 7209
266 7263
267 7317
268 7371
269 7425
270 7480
271 7535
272 7590
273 7645
274 7700
275 7756
276 7812
277 7868
278 7924
279 7980
280 8037
281 8094
282 8151
283 8208
284 8265
285 8323
286 8381
287 8439
288 8497
289 8555
290 8614
291 8673
292 8732
293 8791
294 8850
295 8910
296 8970
297 9030
298 9090
299 9150
300 9211
301 9272
302 9333
303 9394
304 9455
305 9517
306 9579
307 9641
308 9703
309 9765
310 9828
311 9891
312 9954
313 10017
314 10080
315 10144
316 10208
317 10272
318 10336
319 10400
320 10465
321 10530
322 10595
323 10660
324 10725
325 10791
326 10857
327 10923
328 10989
329 11055
330 11122
331 11189
332 11256
333 11323
334 11390
335 11458
336 11526
337 11594
338 11662
339 11730
340 11799
341 11868
342 11937
343 12006
344 12075
345 12145
346 12215
347 12285
348 12355
349 12425
350 12496
351 12567
352 12638
353 12709
354 12780
355 12852
356 12924
357 12996
358 13068
359 13140
360 13213
361 13286
362 13359
363 13432
364 13505
365 13579
366 13653
367 13727
368 13801
369 13875
370 13950
371 14025
372 14100
373 14175
374 14250
375 14326
376 14402
377 14478
378 14554
379 14630
380 14707
381 14784
382 14861
383 14938
384 15015
385 15093
386 15171
387 15249
388 15327
389 15405
390 15484
391 15563
392 15642
393 15721
394 15800
395 15880
396 15960
397 16040
398 16120
399 16200
400 16281
401 16362
402 16443
403 16524
404 16605
405 16687
406 16769
407 16851
408 16933
409 17015
410 17098
411 17181
412 17264
413 17347
414 17430
415 17514
416 17598
417 17682
418 17766
419 17850
420 17935
421 18020
422 18105
423 18190
424 18275
425 18361
426 18447
427 18533
428 18619
429 18705
430 18792
431 18879
432 18966
433 19053
434 19140
435 19228
436 19316
437 19404
438 19492
439 19580
440 19669
441 19758
442 19847
443 19936
444 20025
445 20115
446 20205
447 20295
448 20385
449 20475
450 20566
451 20657
452 20748
453 20839
454 20930
455 21022
456 21114
457 21206
458 21298
459 21390
460 21483
461 21576
462 21669
463 21762
464 21855
465 21949
466 22043
467 22137
468 22231
469 22325
470 22420
471 22515
472 22610
473 22705
474 22800
475 22896
476 22992
477 23088
478 23184
479 23280
480 23377
481 23474
482 23571
483 23668
484 23765
485 23863
486 23961
487 24059
488 24157
489 24255
490 24354
491 24453
492 24552
493 24651
494 24750
495 24850
496 24950
497 25050
498 25150
499 25250
500 25351
501 25452
502 25553
503 25654
504 25755
505 25857
506 25959
507 26061
508 26163
509 26265
510 26368
511 26471
512 26574
513 26677
514 26780
515 26884
516 26988
517 27092
518 27196
519 27300
520 27405
521 27510
522 27615
523 27720
524 27825
525 27931
526 28037
527 28143
528 28249
529 28355
530 28462
531 28569
532 28676
533 28783
534 28890
535 28998
536 29106
537 29214
538 29322
539 29430
540 29539
541 29648
542 29757
543 29866
544 29975
545 30085
546 30195
547 30305
548 30415
549 30525
550 30636
551 30747
552 30858
553 30969
554 31080
555 31192
556 31304
557 31416
558 31528
559 31640
560 31753
561 31866
562 31979
563 32092
564 32205
565 32319
566 32433
567 32547
568 32661
569 32775
570 32890
571 33005
572 33120
573 33235
574 33350
575 33466
576 33582
577 33698
578 33814
579 33930
580 34047
581 34164
582 34281
583 34398
584 34515
585 34633
586 34751
587 34869
588 34987
589 35105
590 35224
591 35343
592 35462
593 35581
594 35700
595 35820
596 35940
597 36060
598 36180
599 36300
600 36421
601 36542
602 36663
603 36784
604 36905
605 37027
606 37149
607 37271
608 37393
609 37515
610 37638
611 37761
612 37884
613 38007
614 38130
615 38254
616 38378
617 38502
618 38626
619 38750
620 38875
621 39000
622 39125
623 39250
624 39375
625 39501
626 39627
627 39753
628 39879
629 40005
630 40132
631 40259
632 40386
633 40513
634 40640
635 40768
636 40896
637 41024
638 41152
639 41280
640 41409
641 41538
642 41667
643 41796
644 41925
645 42055
646 42185
647 42315
648 42445
649 42575
650 42706
651 42837
652 42968
653 43099
654 43230
655 43362
656 43494
657 43626
658 43758
659 43890
660 44023
661 44156
662 44289
663 44422
664 44555
665 44689
666 44823
667 44957
668 45091
669 45225
670 45360
671 45495
672 45630
673 45765
674 45900
675 46036
676 46172
677 46308
678 46444
679 46580
680 46717
681 46854
682 46991
683 47128
684 47265
685 47403
686 47541
687 47679
688 47817
689 47955
690 48094
691 48233
692 48372
693 48511
694 48650
695 48790
696 48930
697 49070
698 49210
699 49350
700 49491
701 49632
702 49773
703 49914
704 50055
705 50197
706 50339
707 50481
708 50623
709 50765
710 50908
711 51051
712 51194
713 51337
714 51480
715 51624
716 51768
717 51912
718 52056
719 52200
720 52345
721 52490
722 52635
723 52780
724 52925
725 53071
726 53217
727 53363
728 53509
729 53655
730 53802
731 53949
732 54096
733 54243
734 54390
735 54538
736 54686
737 54834
738 54982
739 55130
740 55279
741 55428
742 55577
743 55726
744 55875
745 56025
746 56175
747 56325
748 56475
749 56625
750 56776
751 56927
752 57078
753 57229
754 57380
755 57532
756 57684
757 57836
758 57988
759 58140
760 58293
761 58446
762 58599
763 58752
764 58905
765 59059
766 59213
767 59367
768 59521
769 59675
770 59830
771 59985
772 60140
773 60295
774 60450
775 60606
776 60762
777 60918
778 61074
779 61230
780 61387
781 61544
782 61701
783 61858
784 62015
785 62173
786 62331
787 62489
788 62647
789 62805
790 62964
791 63123
792 63282
793 63441
794 63600
795 63760
796 63920
797 64080
798 64240
799 64400
800 64561
801 64722
802 64883
803 65044
804 65205
805 65367
806 65529
807 65691
808 65853
809 66015
810 66178
811 66341
812 66504
813 66667
814 66830
815 66994
816 67158
817 67322
818 67486
819 67650
820 67815
821 67980
822 68145
823 68310
824 68475
825 68641
826 68807
827 68973
828 69139
829 69305
830 69472
831 69639
832 69806
833 69973
834 70140
835 70308
836 70476
837 70644
838 70812
839 70980
840 71149
841 71318
842 71487
843 71656
844 71825
845 71995
846 72165
847 72335
848 72505
849 72675
850 72846
851 73017
852 73188
853 73359
854 73530
855 73702
856 73874
857 74046
858 74218
859 74390
860 74563
861 74736
862 74909
863 75082
864 75255
865 75429
866 75603
867 75777
868 75951
869 76125
870 76300
871 76475
872 76650
873 76825
874 77000
875 77176
876 77352
877 77528
878 77704
879 77880
880 78057
881 78234
882 78411
883 78588
884 78765
885 78943
886 79121
887 79299
888 79477
889 79655
890 79834
891 80013
892 80192
893 80371
894 80550
895 80730
896 80910
897 81090
898 81270
899 81450
900 81631
901 81812
902 81993
903 82174
904 82355
905 82537
906 82719
907 82901
908 83083
909 83265
910 83448
911 83631
912 83814
913 83997
914 84180
915 84364
916 84548
917 84732
918 84916
919 85100
920 85285
921 85470
922 85655
923 85840
924 86025
925 86211
926 86397
927 86583
928 86769
929 86955
930 87142
931 87329
932 87516
933 87703
934 87890
935 88078
936 88266
937 88454
938 88642
939 88830
940 89019
941 89208
942 89397
943 89586
944 89775
945 89965
946 90155
947 90345
948 90535
949 90725
950 90916
951 91107
952 91298
953 91489
954 91680
955 91872
956 92064
957 92256
958 92448
959 92640
960 92833
961 93026
962 93219
963 93412
964 93605
965 93799
966 93993
967 94187
968 94381
969 94575
970 94770
971 94965
972 95160
973 95355
974 95550
975 95746
976 95942
977 96138
978 96334
979 96530
980 96727
981 96924
982 97121
983 97318
984 97515
985 97713
986 97911
987 98109
988 98307
989 98505
990 98704
991 98903
992 99102
993 99301
994 99500
995 99700
996 99900
997 100100
998 100300
999 100500
1000 100701
