0 1
1 8
2 21
3 40
4 65
5 96
6 133
7 176
8 225
9 280
10 341
11 408
12 481
13 560
14 645
15 736
16 833
17 936
18 1045
19 1160
20 1281
21 1408
22 1541
23 1680
24 1825
25 1976
26 2133
27 2296
28 2465
29 2640
30 2821
31 3008
32 3201
33 3400
34 3605
35 3816
36 4033
37 4256
38 4485
39 4720
40 4961
41 5208
42 5461
43 5720
44 5985
45 6256
46 6533
47 6816
48 7105
49 7400
50 7701
51 8008
52 8321
53 8640
54 8965
55 9296
56 9633
57 9976
58 10325
59 10680
60 11041
61 11408
62 11781
63 12160
64 12545
65 12936
66 13333
67 13736
68 14145
69 14560
70 14981
71 15408
72 15841
73 16280
74 16725
75 17176
76 17633
77 18096
78 18565
79 19040
80 19521
81 20008
82 20501
83 21000
84 21505
85 22016
86 22533
87 23056
88 23585
89 24120
90 24661
91 25208
92 25761
93 26320
94 26885
95 27456
96 28033
97 28616
98 29205
99 29800
100 30401
101 31008
102 31621
103 32240
104 32865
105 33496
106 34133
107 34776
108 35425
109 36080
110 36741
111 37408
112 38081
113 38760
114 39445
115 40136
116 40833
117 41536
118 42245
119 42960
120 43681
121 44408
122 45141
123 45880
124 46625
125 47376
126 48133
127 48896
128 49665
129 50440
130 51221
131 52008
132 52801
133 53600
134 54405
135 55216
136 56033
137 56856
138 57685
139 58520
140 59361
141 60208
142 61061
143 61920
144 62785
145 63656
146 64533
147 65416
148 66305
149 67200
150 68101
151 69008
152 69921
153 70840
154 71765
155 72696
156 73633
157 74576
158 75525
159 76480
160 77441
161 78408
162 79381
163 80360
164 81345
165 82336
166 83333
167 84336
168 85345
169 86360
170 87381
171 88408
172 89441
173 90480
174 91525
175 92576
176 93633
177 94696
178 95765
179 96840
180 97921
181 99008
182 100101
183 101200
184 102305
185 103416
186 104533
187 105656
188 106785
189 107920
190 109061
191 110208
192 111361
193 112520
194 113685
195 114856
196 116033
197 117216
198 118405
199 119600
200 120801
201 122008
202 123221
203 124440
204 125665
205 126896
206 128133
207 129376
208 130625
209 131880
210 133141
211 134408
212 135681
213 136960
214 138245
215 139536
216 140833
217 142136
218 143445
219 144760
220 146081
221 147408
222 148741
223 150080
224 151425
225 152776
226 154133
227 155496
228 156865
229 158240
230 159621
231 161008
232 162401
233 163800
234 165205
235 166616
236 168033
237 169456
238 170885
239 172320
240 173761
241 175208
242 176661
243 178120
244 179585
245 181056
246 182533
247 184016
248 185505
249 187000
250 188501
251 190008
252 191521
253 193040
254 194565
255 196096
256 197633
257 199176
258 200725
259 202280
260 203841
261 205408
262 206981
263 208560
264 210145
265 211736
266 213333
267 214936
268 216545
269 218160
270 219781
271 221408
272 223041
273 224680
274 226325
275 227976
276 229633
277 231296
278 232965
279 234640
280 236321
281 238008
282 239701
283 241400
284 243105
285 244816
286 246533
287 248256
288 249985
289 251720
290 253461
291 255208
292 256961
293 258720
294 260485
295 262256
296 264033
297 265816
298 267605
299 269400
300 271201
301 273008
302 274821
303 276640
304 278465
305 280296
306 282133
307 283976
308 285825
309 287680
310 289541
311 291408
312 293281
313 295160
314 297045
315 298936
316 300833
317 302736
318 304645
319 306560
320 308481
321 310408
322 312341
323 314280
324 316225
325 318176
326 320133
327 322096
328 324065
329 326040
330 328021
331 330008
332 332001
333 334000
334 336005
335 338016
336 340033
337 342056
338 344085
339 346120
340 348161
341 350208
342 352261
343 354320
344 356385
345 358456
346 360533
347 362616
348 364705
349 366800
350 368901
351 371008
352 373121
353 375240
354 377365
355 379496
356 381633
357 383776
358 385925
359 388080
360 390241
361 392408
362 394581
363 396760
364 398945
365 401136
366 403333
367 405536
368 407745
369 409960
370 412181
371 414408
372 416641
373 418880
374 421125
375 423376
376 425633
377 427896
378 430165
379 432440
380 434721
381 437008
382 439301
383 441600
384 443905
385 446216
386 448533
387 450856
388 453185
389 455520
390 457861
391 460208
392 462561
393 464920
394 467285
395 469656
396 472033
397 474416
398 476805
399 479200
400 481601
401 484008
402 486421
403 488840
404 491265
405 493696
406 496133
407 498576
408 501025
409 503480
410 505941
411 508408
412 510881
413 513360
414 515845
415 518336
416 520833
417 523336
418 525845
419 528360
420 530881
421 533408
422 535941
423 538480
424 541025
425 543576
426 546133
427 548696
428 551265
429 553840
430 556421
431 559008
432 561601
433 564200
434 566805
435 569416
436 572033
437 574656
438 577285
439 579920
440 582561
441 585208
442 587861
443 590520
444 593185
445 595856
446 598533
447 601216
448 603905
449 606600
450 609301
451 612008
452 614721
453 617440
454 620165
455 622896
456 625633
457 628376
458 631125
459 633880
460 636641
461 639408
462 642181
463 644960
464 647745
465 650536
466 653333
467 656136
468 658945
469 661760
470 664581
471 667408
472 670241
473 673080
474 675925
475 678776
476 681633
477 684496
478 687365
479 690240
480 693121
481 696008
482 698901
483 701800
484 704705
485 707616
486 710533
487 713456
488 716385
489 719320
490 722261
491 725208
492 728161
493 731120
494 734085
495 737056
496 740033
497 743016
498 746005
499 749000
500 752001
501 755008
502 758021
503 761040
504 764065
505 767096
506 770133
507 773176
508 776225
509 779280
510 782341
511 785408
512 788481
513 791560
514 794645
515 797736
516 800833
517 803936
518 807045
519 810160
520 813281
521 816408
522 819541
523 822680
524 825825
525 828976
526 832133
527 835296
528 838465
529 841640
530 844821
531 848008
532 851201
533 854400
534 857605
535 860816
536 864033
537 867256
538 870485
539 873720
540 876961
541 880208
542 883461
543 886720
544 889985
545 893256
546 896533
547 899816
548 903105
549 906400
550 909701
551 913008
552 916321
553 919640
554 922965
555 926296
556 929633
557 932976
558 936325
559 939680
560 943041
561 946408
562 949781
563 953160
564 956545
565 959936
566 963333
567 966736
568 970145
569 973560
570 976981
571 980408
572 983841
573 987280
574 990725
575 994176
576 997633
577 1001096
578 1004565
579 1008040
580 1011521
581 1015008
582 1018501
583 1022000
584 1025505
585 1029016
586 1032533
587 1036056
588 1039585
589 1043120
590 1046661
591 1050208
592 1053761
593 1057320
594 1060885
595 1064456
596 1068033
597 1071616
598 1075205
599 1078800
600 1082401
601 1086008
602 1089621
603 1093240
604 1096865
605 1100496
606 1104133
607 1107776
608 1111425
609 1115080
610 1118741
611 1122408
612 1126081
613 1129760
614 1133445
615 1137136
616 1140833
617 1144536
618 1148245
619 1151960
620 1155681
621 1159408
622 1163141
623 1166880
624 1170625
625 1174376
626 1178133
627 1181896
628 1185665
629 1189440
630 1193221
631 1197008
632 1200801
633 1204600
634 1208405
635 1212216
636 1216033
637 1219856
638 1223685
639 1227520
640 1231361
641 1235208
642 1239061
643 1242920
644 1246785
645 1250656
646 1254533
647 1258416
648 1262305
649 1266200
650 1270101
651 1274008
652 1277921
653 1281840
654 1285765
655 1289696
656 1293633
657 1297576
658 1301525
659 1305480
660 1309441
661 1313408
662 1317381
663 1321360
664 1325345
665 1329336
666 1333333
667 1337336
668 1341345
669 1345360
670 1349381
671 1353408
672 1357441
673 1361480
674 1365525
675 1369576
676 1373633
677 1377696
678 1381765
679 1385840
680 1389921
681 1394008
682 1398101
683 1402200
684 1406305
685 1410416
686 1414533
687 1418656
688 1422785
689 1426920
690 1431061
691 1435208
692 1439361
693 1443520
694 1447685
695 1451856
696 1456033
697 1460216
698 1464405
699 1468600
700 1472801
701 1477008
702 1481221
703 1485440
704 1489665
705 1493896
706 1498133
707 1502376
708 1506625
709 1510880
710 1515141
711 1519408
712 1523681
713 1527960
714 1532245
715 1536536
716 1540833
717 1545136
718 1549445
719 1553760
720 1558081
721 1562408
722 1566741
723 1571080
724 1575425
725 1579776
726 1584133
727 1588496
728 1592865
729 1597240
730 1601621
731 1606008
732 1610401
733 1614800
734 1619205
735 1623616
736 1628033
737 1632456
738 1636885
739 1641320
740 1645761
741 1650208
742 1654661
743 1659120
744 1663585
745 1668056
746 1672533
747 1677016
748 1681505
749 1686000
750 1690501
751 1695008
752 1699521
753 1704040
754 1708565
755 1713096
756 1717633
757 1722176
758 1726725
759 1731280
760 1735841
761 1740408
762 1744981
763 1749560
764 1754145
765 1758736
766 1763333
767 1767936
768 1772545
769 1777160
770 1781781
771 1786408
772 1791041
773 1795680
774 1800325
775 1804976
776 1809633
777 1814296
778 1818965
779 1823640
780 1828321
781 1833008
782 1837701
783 1842400
784 1847105
785 1851816
786 1856533
787 1861256
788 1865985
789 1870720
790 1875461
791 1880208
792 1884961
793 1889720
794 1894485
795 1899256
796 1904033
797 1908816
798 1913605
799 1918400
800 1923201
801 1928008
802 1932821
803 1937640
804 1942465
805 1947296
806 1952133
807 1956976
808 1961825
809 1966680
810 1971541
811 1976408
812 1981281
813 1986160
814 1991045
815 1995936
816 2000833
817 2005736
818 2010645
819 2015560
820 2020481
821 2025408
822 2030341
823 2035280
824 2040225
825 2045176
826 2050133
827 2055096
828 2060065
829 2065040
830 2070021
831 2075008
832 2080001
833 2085000
834 2090005
835 2095016
836 2100033
837 2105056
838 2110085
839 2115120
840 2120161
841 2125208
842 2130261
843 2135320
844 2140385
845 2145456
846 2150533
847 2155616
848 2160705
849 2165800
850 2170901
851 2176008
852 2181121
853 2186240
854 2191365
855 2196496
856 2201633
857 2206776
858 2211925
859 2217080
860 2222241
861 2227408
862 2232581
863 2237760
864 2242945
865 2248136
866 2253333
867 2258536
868 2263745
869 2268960
870 2274181
871 2279408
872 2284641
873 2289880
874 2295125
875 2300376
876 2305633
877 2310896
878 2316165
879 2321440
880 2326721
881 2332008
882 2337301
883 2342600
884 2347905
885 2353216
886 2358533
887 2363856
888 2369185
889 2374520
890 2379861
891 2385208
892 2390561
893 2395920
894 2401285
895 2406656
896 2412033
897 2417416
898 2422805
899 2428200
900 2433601
901 2439008
902 2444421
903 2449840
904 2455265
905 2460696
906 2466133
907 2471576
908 2477025
909 2482480
910 2487941
911 2493408
912 2498881
913 2504360
914 2509845
915 2515336
916 2520833
917 2526336
918 2531845
919 2537360
920 2542881
921 2548408
922 2553941
923 2559480
924 2565025
925 2570576
926 2576133
927 2581696
928 2587265
929 2592840
930 2598421
931 2604008
932 2609601
933 2615200
934 2620805
935 2626416
936 2632033
937 2637656
938 2643285
939 2648920
940 2654561
941 2660208
942 2665861
943 2671520
944 2677185
945 2682856
946 2688533
947 2694216
948 2699905
949 2705600
950 2711301
951 2717008
952 2722721
953 2728440
954 2734165
955 2739896
956 2745633
957 2751376
958 2757125
959 2762880
960 2768641
961 2774408
962 2780181
963 2785960
964 2791745
965 2797536
966 2803333
967 2809136
968 2814945
969 2820760
970 2826581
971 2832408
972 2838241
973 2844080
974 2849925
975 2855776
976 2861633
977 2867496
978 2873365
979 2879240
980 2885121
981 2891008
982 2896901
983 2902800
984 2908705
985 2914616
986 2920533
987 2926456
988 2932385
989 2938320
990 2944261
991 2950208
992 2956161
993 2962120
994 2968085
995 2974056
996 2980033
997 2986016
998 2992005
999 2998000
1000 3004001
