0 1
1 3
2 9
3 22
4 51
5 108
6 221
7 429
8 810
9 1479
10 2640
11 4599
12 7868
13 13209
14 21843
15 35581
16 57222
17 90882
18 142769
19 221910
20 341649
21 521196
22 788460
23 1183221
24 1762462
25 2606604
26 3829437
27 5590110
28 8111346
29 11701998
30 16790136
31 23964594
32 34034391
33 48104069
34 67679109
35 94800537
36 132230021
37 183686994
38 254170332
39 350371088
40 481225800
41 658626822
42 898365204
43 1221340197
44 1655151489
45 2236138826
46 3012047298
47 4045435515
48 5418100581
49 7236723897
50 9640159893
51 12808713258
52 16976054058
53 22444345566
54 29603582728
55 38956080441
56 51147644598
57 67006939237
58 87595398657
59 114270097032
60 148763165694
61 193281563784
62 250632677790
63 324381699990
64 419049110067
65 540357492807
66 695540306883
67 893726827236
68 1146422320191
69 1468105216993
70 1876969980867
71 2395848783159
72 3053355042465
73 3885298927059
74 4936439201418
75 6262646818988
76 7933576194687
77 10035957093903
78 12677649592650
79 15992630479809
80 20147121920736
81 25347112298617
82 31847580160095
83 39963790689714
84 50085121744867
85 62691963353418
86 78376360265406
87 97867195292003
88 122060891252613
89 152058797291889
90 189212682957873
91 235180037609481
92 291991240709658
93 362131066585700
94 448637511918588
95 555221509510041
96 686411838537549
97 847730369560425
98 1045903843064817
99 1289119567592367
100 1587333926761125
101 1952644280679522
102 2399736973639717
103 2946426574994997
104 3614304481675488
105 4429518438119514
106 5423708757302187
107 6635131875635823
108 8110007817082753
109 9904134982327701
110 12084824013762474
111 14733212109581767
112 17947030825732887
113 21843913904054613
114 26565347957114969
115 32281387729694370
116 39196280363113305
117 47555169453333234
118 57652081273281780
119 69839432238882519
120 84539340527926515
121 102257075752476213
122 123597041293499850
123 149281754575445700
124 180174374475254571
125 217305422782914006
126 261904462398544034
127 315437629791729459
128 379652078644757721
129 456628577266879452
130 548843721408998124
131 659243479230741537
132 791330085608354644
133 949264652832416112
134 1137988276050206070
135 1363364890646592589
136 1632349700809753095
137 1953187652640048903
138 2335647191817624459
139 2791295437711993047
140 3333821949698161275
141 3979419475256339849
142 4747231488289567062
143 5659877975099887440
144 6744072850665914805
145 8031348624154266789
146 9558906540410157174
147 11370613451669662745
148 13518170200291988025
149 16062480385011609003
150 19075253144352091852
151 22640879111647569456
152 26858625113666600973
153 31845200621737362771
154 37737757600740785634
155 44697395403326946231
156 52913253961121379729
157 62607291955341107034
158 74039862217532530338
159 87516214617937457835
160 103394077553518716102
161 122092493253152857974
162 144102110011539878926
163 169997166684910945779
164 200449442036617907760
165 236244484527628880593
166 278300487832448341068
167 327690234680600856744
168 385666597793059863887
169 453692162970007097052
170 533473627384492380594
171 627001727525397199245
172 736597568099991055590
173 864966357771199328925
174 1015259712599971585310
175 1191147866417666497548
176 1396903332641312433735
177 1637497798123328004538
178 1918714301168055785850
179 2247277057922105762841
180 2631001660053975718517
181 3078968778638739156306
182 3601724982414446486178
183 4211514821805173235276
184 4922548953685916419479
185 5751313797218587718040
186 6716929031727658041226
187 7841560188436242160461
188 9150894666529309712916
189 10674690739933113625416
190 12447410537253107496486
191 14508949598890791094350
192 16905477472144856521306
193 19690405930150170896799
194 22925503832332120611273
195 26682180425630311982111
196 31042962066998019788196
197 36103190984417725121475
198 41972978850542407476755
199 48779452692454834791174
200 56669336086584059918703
201 65811914783291988332801
202 76402442979171183900108
203 88666054528004828738334
204 102862252593265700485104
205 119290061752793347340331
206 138293938550039679404118
207 160270550148488961330821
208 185676546318747694889937
209 215037467732507720915430
210 248957953753140760146315
211 288133435935544304947065
212 333363529662746455460826
213 385567366186740841773063
214 445801141300571580206034
215 515278195504627463744373
216 595391984477483961185308
217 687742348635666012479604
218 794165547382185196118061
219 916768588218424603123411
220 1057968454272367551597306
221 1220536917154907439079095
222 1407651716732715502162475
223 1622954996907877459033764
224 1870620008532932349037188
225 2155427229093398910032817
226 2482851205946712919746045
227 2859159608181942447648618
228 3291526174354018631703665
229 3788159472598227461891475
230 4358449649512908091886193
231 5013135638728794365502757
232 5764495633811451094660662
233 6626564008191798697666467
234 7615378292984912874662525
235 8749260308365170734742228
236 10049136092994969714155571
237 11538899897160840971500517
238 13245828208140084897175110
239 15201050571465957026989965
240 17440084871107810300405836
241 20003445748555902804564177
242 22937335990545782427048585
243 26294432014713722749422847
244 30134776051061917952813973
245 34526789276345098180196211
246 39548422032735926819404378
247 45288459378782093007324975
248 51848002610602481813952636
249 59342150089181255858726648
250 67901903754582568182591330
251 77676331143834793360797795
252 88835016605546701552337510
253 101570839776542625450302679
254 116103124316407314308191308
255 132681205454968870088684033
256 151588471174312517483668077
257 173146938909483039550672680
258 197722437610160252279859718
259 225730473971024175598317186
260 257642871736814333705169927
261 293995284360100887912502793
262 335395694093729954365534611
263 382534025013237079067426532
264 436193013686451633126865089
265 497260499461419759010161876
266 566743316880314847436757595
267 645782995827164831714092210
268 735673500996177233573026365
269 837881271478372423804369074
270 954067854103149017251667240
271 1086115461081931834328678376
272 1236155823980413665552859680
273 1406602762650936710382493132
274 1600188940111138769483089068
275 1820007333157566106844799660
276 2069558014535768489461881257
277 2352800916626918799188293053
278 2674215329835377819703377880
279 3038866982268471071863892981
280 3452483652116330035786954161
281 3921540381738660664705204350
282 4453355494382422687805833769
283 5056198762406736441466665534
284 5739413241799204923856477959
285 6513552473777757261107738047
286 7390534962783808588273766799
287 8383818073867527464867839068
288 9508593754341146513170194926
289 10782008777979284553681577857
290 12223412538716286964704225015
291 13854635788906391667304186806
292 15700304129437840439020509888
293 17788190520534613454126218455
294 20149611598753540883795766055
295 22819873163979220674831049284
296 25838770847376951415604182149
297 29251152695365397760528256405
298 33107551214731887112500784017
299 37464893330090346069484200507
300 42387297718191618353533649164
301 47946970116645456255874186188
302 54225208471348929739934189736
303 61313531202883326839530116911
304 69314943454669914470156410305
305 78345357954075555935931762138
306 88535189093451903156820041417
307 100031141045251068480638744640
308 112998213190594239591936037500
309 127621948893723245489231335121
310 144110956728765837626474874594
311 162699736697077791536643050793
312 183651847804154193172901006439
313 207263457640438095292922225355
314 233867319381173100438215838756
315 263837226943361032544287786994
316 297593004975890780600709356538
317 335606096982078212980281340005
318 378405822260153722560138811239
319 426586380583349967214655602074
320 480814692723589500932726328804
321 541839175158544699319624570460
322 610499558710213631563343362680
323 687737873576589851642737358241
324 774610737383726969364823928771
325 872303098667111140939775586282
326 982143605770537077706755579399
327 1105621790729580264697882548233
328 1244407279509593212787943125328
329 1400371264244065277711793871836
330 1575610500144845595365440815169
331 1772474119838332166964229071681
332 1993593591362328993633084750315
333 2241916183315444403646274476648
334 2520742342104835294199139525390
335 2833767432355090630252917949182
336 3185128342838504593870710113596
337 3579455517338953222832937706554
338 4021931033304852974837559532380
339 4518353421687548088957897840733
340 5075209999783259923604598356757
341 5699757576068025750105502153356
342 6400112482898902839637637869331
343 7185351000618730648894620259590
344 8065621356229338060122380516050
345 9052268612700823789521784911618
346 10157973912615877940625243463911
347 11396909703818501896616839999575
348 12784912756830134335788355384039
349 14339676985989545750187871311588
350 16080968310755064706239830760483
351 18030864042803141799306394896133
352 20214019561150574384888737308225
353 22657965344491304364809398164171
354 25393437770563205241665363228269
355 28454747470288164572468081748066
356 31880189443691512026963925875972
357 35712499609665858116669825356870
358 39999362977436363191830523663251
359 44793979199571184107864157489176
360 50155691900604540262974079564103
361 56150688878483860157355180615345
362 62852781055508553517983065820969
363 70344268919370264640559517979508
364 78716906152371401807581209469014
365 88072971207883065810667198015344
366 98526458768651882249623825633111
367 110204404323887882166282587516649
368 123248356544657281592638608260526
369 137816013734877513799739217118049
370 154083042404644989016867949760000
371 172245097971923752917577789888923
372 192520069767896402358417162057675
373 215150574922741045121676761925048
374 240406728366783533472632023443072
375 268589219123975545448509168575267
376 300032726330382006047425758020199
377 335109712012854516634789590847569
378 374234631648782562551042977378748
379 417868607936998089399297230251245
380 466524618086981624341075833006324
381 520773250327499855499493718108180
382 581249091300786794383528745801685
383 648657812604043354099666226943267
384 723784032032212453725113230700518
385 807500033137314147852782676728169
386 900775435630200758324125438243815
387 1004687918998755943483647345069648
388 1120435112599728624528755090197143
389 1249347777506971558021366704816561
390 1392904418685261121617500703320072
391 1552747480736646396679709779913880
392 1730701296679295044988376199690401
393 1928791977125647529790263038430159
394 2149269447002112494723741781787812
395 2394631858789092195168559907355585
396 2667652635369972439546612125365849
397 2971410422194567631457667052309115
398 3309322257843831386161760189042532
399 3685180304511991683598672483810695
400 4103192515711939324405364688418917
401 4568027658003584242701273636342336
402 5084865147121651771044183538265599
403 5659450206955907135391921460886652
404 6298154912872002586582077938519967
405 7008045739360201190006793709921811
406 7796958296518141286039130080172768
407 8673580011024448360856432208489033
408 9647541585715693884594242133076970
409 10729518158380788363463096651611309
410 11931341175749441458634828042554236
411 13266122103771450973903758161007658
412 14748389211147546382662175799471439
413 16394238790765038639609599423645460
414 18221502324405534013196718533625627
415 20249931251139223235454264088286190
416 22501401170643075220176144463335477
417 25000137500864347737914476737907750
418 27772964816739344332561240949753046
419 30849582324986381932307182513138635
420 34262868181427435603507996347702084
421 38049215634169294979087517668305743
422 42248904280835538348306426714083595
423 46906510063679635014219206361910895
424 52071357995897161980516588351861540
425 57798022019164189036939517786787348
426 64146876840064121070813045115520538
427 71184707085695815212139683758884032
428 78985379660850502839514133835861897
429 87630585785611400159024098753913224
430 97210659848456443988406677974060521
431 107825482931847603737552162509626126
432 119585479661364732677831143985188217
433 132612717902817690889902108498572154
434 147042121792273280519144788876451535
435 163022809640152329266582306949674513
436 180719569411912706003235611418849756
437 200314485764679086582396317805160369
438 222008734022858330508791255999137891
439 246024558018740890388989386557178900
440 272607450419992133128459268014975035
441 302028556029764854013856520092753225
442 334587320593348120589731846383233508
443 370614409895829641607224843326921143
444 410474926407952021266172996811157121
445 454571953453857847569044232938963397
446 503350459858504265106714664687622397
447 557301601310232664493668857402950080
448 616967458273857899512380120531574248
449 682946254242993246468655188510084672
450 755898102461456868088941090522863140
451 836551334010108308917430164799475066
452 925709465388537792113319539850535812
453 1024258869465819130069586704453108632
454 1133177219980498524310492969630995516
455 1253542786691311474963631016563449719
456 1386544665876155246462212256146520104
457 1533494039212611332215747010871668466
458 1695836563220020782061927017208894068
459 1875166001478751096153778321223105002
460 2073239222852256457330370662153448100
461 2291992701015333740959088322047763903
462 2533560663839997436173002259749031835
463 2800295055720723985640468795469867648
464 3094787491856150324859001597084898823
465 3419893400978959943634842731399555072
466 3778758572186652669919986665671729467
467 4174848342534050265076584595660573830
468 4611979685079791586956294218617403682
469 5094356482326360396013536759821364930
470 5626608297667142339288016722193990705
471 6213832987785224194521724340286231046
472 6861643532189392696779055369283439225
473 7576219492499005093885121030929504986
474 8364363554002907691781708892179165222
475 9233563645748465729897656428262076250
476 10192061183326025753432930212764076356
477 11248926030996501117723387614027426645
478 12414138837296867038342846238184543084
479 13698681461222068051900609686221129058
480 15114636275038068987291164883231682638
481 16675295205293464618234400635338321522
482 18395279456282626110383009834012066337
483 20290670950745535329753084032158183097
484 22379156621704548912769269618334814064
485 24680186797840974869955632424919141092
486 27215149043583761532694296452178566148
487 30007558945079450522998773103941943989
488 33083269475486381991390630449215501497
489 36470700728733536876369784573854889717
490 40201091981257828426688194904909114784
491 44308778227651152860166208575855606024
492 48831493540104230265831462158676251502
493 53810703824659977310052309073371856231
494 59291971791366765488684407174027434699
495 65325357222397155814639363777600278512
496 71965855914194990691330735840761715021
497 79273880989052431543870615980855936750
498 87315790620730650844284993560424939865
499 96164466600587322258313898730219764031
500 105899948588177622665023472020967386068
501 116610129346745792692711960848725636144
502 128391516763014774429860181124649422977
503 141350068996133351540653020736720284084
504 155602109696832371818369558668728199148
505 171275330889442608777174872955172459911
506 188509891821530068446401698135367982435
507 207459622864066646579522432937577477803
508 228293344395336345295606597752416618340
509 251196311530791259945405948376264004930
510 276371796576028269176997519132397824088
511 304042822188821133011417756851442296416
512 334454059447289710921403325315600430707
513 367873906344170036742676249122758454149
514 404596763671962795025363096498161508953
515 444945526841600609279907547875590679177
516 489274313900306466921008752719447555680
517 537971451895728742077798140177096771481
518 591462745787634357786833302213826153520
519 650215056351117875909161983559674069675
520 714740215963548728017361047696132369119
521 785599313839975642598665099048096934265
522 863407385198753522817532018588608330545
523 948838542022891692040424304886998328869
524 1042631586557164331359442590894769978334
525 1145596152472653212195504756706198084580
526 1258619422767738028920030387691677121227
527 1382673477988796547433993125010059016521
528 1518823333278994425237626682768785257855
529 1668235728136530938704512925175332873497
530 1832188738624856209198357637960578247784
531 2012082288170568866761691354756132712184
532 2209449640057724123419940774536087003554
533 2425969962332160749923045727761268299119
534 2663482064122840699988084276928938519679
535 2923999411430761591249136955572218945323
536 3209726540296890748955859264785898751824
537 3523076996011866586041964429530518184052
538 3866692938751471986358192947398390896986
539 4243466568799691213312241665370737516439
540 4656563538449750918218374619518203068932
541 5109448532855467872304099243127247744579
542 5605913218652074746515040376860660337056
543 6150106777198896167309887651015413283608
544 6746569258947915018700394739408224256165
545 7400268016856138388325552130704721054787
546 8116637500092110129370262217937122641996
547 8901622714708019318655883198590947177850
548 9761726685643640703453946932790501002930
549 10704062284598053140569283303803666376260
550 11736408821168579429873546487719171504997
551 12867273830451693768109111193210594114598
552 14105960529286581589676364851279778759403
553 15462641455780054447219689831574689834654
554 16948438852987631997925797106252965402918
555 18575512407972507362303145343195064000108
556 20357155012283509454933943476507798326725
557 22307897269578260616050503474786480674267
558 24443621541095904500789708294731724446852
559 26781686390419608277088535665174174843523
560 29341062365967438263816468220113396226219
561 32142480143459904801241899443401780385510
562 35208592141829792354024373145255303876815
563 38564148825312827282718445860116626893582
564 42236191012490383086024478415922830086612
565 46254259630612785390766335796489996423062
566 50650624481444985405579632045065445484915
567 55460533724048331669270894270394893321897
568 60722485931323714518000179552599361361708
569 66478526741857888099078542715709016571797
570 72774572307793484970880029252780669061763
571 79660761934340941927197603272401396145244
572 87191842518532174525193418029181972634995
573 95427587625363606688377445300080628620438
574 104433254290199608912982703354759410935794
575 114280080908954166576934008254165596193982
576 125045829874036177008334327551562831709864
577 136815378936392212393884667470235114225305
578 149681365624446287467039741280223775389546
579 163744889431746832218360942812063700524733
580 179116276899321877758570813293060983349475
581 195915915168974651150000488041133338295623
582 214275160073127647020172059326781859356016
583 234337325358712793331787001489463937203381
584 256258760220664579338434515882006881132015
585 280210022948769227707595331541235220881520
586 306377159174260900584757449231561311495685
587 334963093944306147903416320062721346523528
588 366189147658447625894880328012594906982121
589 400296686776684850130362473442161376890938
590 437548921160116869276874354812666922499052
591 478232860938428007746849498665413529240399
592 522661446920979653361088266799272151476663
593 571175869787488462073208089850482151447693
594 624148094618477608569057241635228457508505
595 681983608763833249711381000379782437863691
596 745124412609589033335080546730369790428645
597 814052274499021673701351605305198262530025
598 889292272905681619690491721581429140514816
599 971416650955476849175119663416111386204953
600 1061049010565788023325160971628403963774009
601 1158868875826360544403997252230563393632902
602 1265616657805155998242533166200066144296985
603 1382099055739537760973970537635217023430772
604 1509194932587632137947473805148078104106284
605 1647861706186518439158067068638563524631851
606 1799142300814811088646783378648145099671041
607 1964172707810776881501500020773722371282275
608 2144190208078924819862537670667746877581444
609 2340542313855693101697201607940220500950811
610 2554696492028427486319813624077351260102157
611 2788250736643789348155932080445537158678128
612 3042945064037251160700272846848811407765312
613 3320674010302565450003429259464354699075814
614 3623500217640338488305192834385614152533485
615 3953669203522846460357010738339946704141392
616 4313625414636463101784559869205733391997658
617 4706029676266012867473249922690494873091263
618 5133778157223868025639084522395801312681865
619 5600022980662231731429480061131106071592398
620 6108194622206453903625727159604426280636315
621 6662026248882594835368025390075287485926311
622 7265580165361938287696075742419056016020275
623 7923276548193379339375483310311460136402024
624 8639924664033182315762559633998242860900150
625 9420756784509694444560190478970708841518765
626 10271465028385567643890871476525837360557459
627 11198241381218091152764494248405616901527561
628 12207821163895152287444916690785328992556930
629 13307530244376256858969859977551685060831827
630 14505336311842289006105012494025775058519976
631 15809904559413717905122369528845318729620529
632 17230658150807308729511073578492587441002969
633 18777843877952772718575132189142099061228577
634 20462603450885215594723641856175520394436427
635 22297050898385292106313627900295581829991920
636 24294356598093126438255643389652860298375859
637 26468838498430147035920933511395805132976572
638 28836061141901766363358230951785877378582627
639 31412943150522685252558638722945568184582906
640 34217873889529340124820560237283349964098469
641 37270840085570887592284147518408498648196059
642 40593563240579944535303666068853485240306908
643 44209648752926750940654578432657782224684153
644 48144747733698535679412787326412241309141700
645 52426732588498730505077201759120582871860812
646 57085887524546339235269621592772926169653858
647 62155115239634364992443190304178371363085365
648 67670161154283347124829806989974989660700429
649 73669856661856518300375469094389264052439318
650 80196382994194706348904968408063045761097676
651 87295557433247071069993177858709548034518468
652 95017143743045233661263321325221197552512070
653 103415188852087398275222029246348478532235425
654 112548387984732039675038688081694247811594539
655 122480480622592070724075582738122558634220443
656 133280679874298863853861593572007147307899680
657 145024138045590903159997923787554077501029526
658 157792451432792353587068915623458039025658424
659 171674207612806813532837497839161389800594114
660 186765578773300002493832438842344563374196988
661 203170964919444979129652627212038091044691692
662 221003691110251225574334684084913175732382993
663 240386763220035440901768849149829782385523359
664 261453687091113848410615146308972973852622338
665 284349356344568135979788806374101953810775883
666 309231014549406292652362312168705265010215220
667 336269297919248053397073331337266672277128662
668 365649365212666447585314198273644353742197425
669 397572122061594427634823930004711517539993419
670 432255547545087524158078400342722778243089854
671 469936131466814670938560014289183798371087969
672 510870431487811500464538749897672705004905600
673 555336760015464956221830951197953510875066294
674 603637011559930601177306947514458338234489945
675 656098642145100689015613767015273268159990408
676 713076813308117098072784473393355430004329129
677 774956714244953511333181350555371035609426431
678 842156076765923457671373435910831640782943157
679 915127898920741169288630543083263704508661653
680 994363394445133728852418624609443443789922861
681 1080395186577707108003360265595601321581234751
682 1173800766305149906434022743291082529455672455
683 1275206236724922555193002438929491913225268615
684 1385290366977045221511997556245823716541271787
685 1504788981100952466664348427719621356115624446
686 1634499709230944026352861495465472334768633695
687 1775287130766740386010875207979050228711962629
688 1928088341557224930019781113489825372579172538
689 2093918979729836962229305081212416103585424821
690 2273879747600608523161694683364168481112216679
691 2469163470127058053595524336081781329878829644
692 2681062733635914031358521450685403305908769994
693 2910978152089194947460077174306177527445105457
694 3160427311966285896326612448075436408180552617
695 3431054450958726447021278143811602456901298450
696 3724640930122618580488232373323363426057623326
697 4043116563936932923840500528830532245371101945
698 4388571877902635737793893215640944740413515696
699 4763271368917780274926964559016800255168124642
700 5169667849710180178889905880299946655377223243
701 5610417965137243548134605969258842498004793775
702 6088398975209984639038006224634522003286056963
703 6606726907306106599191561599424679691176591236
704 7168776188249524035960665462697399818408590956
705 7778200875798377599608420149681842830165200902
706 8438957618651807850840454101548042897044556841
707 9155330484412828260497783943672107780375439459
708 9931957806090204264603519149166245268563420018
709 10773861209750588021971985685759196975427792727
710 11686476998912560559618738433599766626930892591
711 12675690085281366301529924353557631275383719352
712 13747870670537465068969314522278402715937521474
713 14909913900200299549531118965813376025165305532
714 16169282728184339601619184876375087283128286348
715 17534054249648225624299035624825868604411465748
716 19012969780218205248659839625665335979442494287
717 20615488981760960795621120255195741879261426382
718 22351848358714330974252193022767115111110932186
719 24233124474693056964276506188196701948356172731
720 26271302266816741501928069263906468292044091538
721 28479348865116208420036857556077226169082201861
722 30871293356632060288032367666983769686007669725
723 33462312968608217536960521538113934579720660625
724 36268826182700442396112903369901327914059880227
725 39308593332577335434721118507920536664435043323
726 42600825280917402261550141678870809747314007956
727 46166300818846460689286021202918466629411071928
728 50027493481579749840480496741038652487708152182
729 54208708528717827543815772585913323355756423177
730 58736230896601827198155309219347679436414742860
731 63638484993692595508429926443310972689581847550
732 68946207278455726847362838469129130753599670912
733 74692632633093929871185807173656046931189288823
734 80913695626082266288123357916768991231759962907
735 87648247842274957751308086574473169989844311820
736 94938292551843039655055753591009907135209534868
737 102829238088985112065032420367428320996989771575
738 111370171418783120360997679857923835538973666657
739 120614153486348155735716240123845574069319584588
740 130618538067159910466054227484892334953788122089
741 141445315971938860653487943330710468218788197397
742 153161486604246384099927128900214762895913816856
743 165839459025085437899066615320990294441114229178
744 179557484846934664981802848704805004576746036586
745 194400125460818978956306471611861838667559347109
746 210458756295197406762930597395726009612303785362
747 227832111015707685212679257510150407524699898125
748 246626868801301780153629799979665075113443197323
749 266958288076279767339042769021240017494339722764
750 288950890340518291708575565479077945819299558593
751 312739198023232372822032114244019552022499997361
752 338468530590452887716856111167407033621856841794
753 366295863464711034580162040594824927290284123258
754 396390754668985807550825315632986460577044097628
755 428936344487716738387819094017559768809954749456
756 464130433847683175581812787563997209202803060380
757 502186647563030917854126735020576367045396675243
758 543335689064083003856188856056842495857607600108
759 587826693741380538132859473748453720999838059573
760 635928688587432524163323806138824014001377702568
761 687932166411890480161546641394118872194836228679
762 744150783544508210225185368541631644509039378331
763 804923190627744694923945674775468169260039798375
764 870615006840922966305019193593609567299748528560
765 941620948694452787346569975425403173099887002579
766 1018367125390041885316944517234024686927119625408
767 1101313513665662765627318246954158772295234816264
768 1190956626037258506208739015062912794200298446231
769 1287832387418081213040136388914137778419374013369
770 1392519236246879459076243771847410051903343903767
771 1505641467494032741466883176445650810153626363761
772 1627872836246778535546118217444581781792698324355
773 1759940442007991842198249239570244473100049895723
774 1902628915385189989540065454149121965352130971985
775 2056784930505748798239789142211843262650071292445
776 2223322068279544384394060896241423891179889440758
777 2403226057550849909863766213259192310320320447277
778 2597560423247496930336033839006396491474375478499
779 2807472572857993670028478771989121558323979992729
780 3034200354958229254298926981987461478576544749346
781 3279079126081210150761846717088795728252937414581
782 3543549364989538667244302436061756620577489569933
783 3829164876385627844290697092157819344171714633952
784 4137601629294609975912291183992355166705358700375
785 4470667278796357594810405330262346827288285811732
786 4830311423484064762594170794425858614991182710782
787 5218636655006841861347451733291513070285723844780
788 5637910460333606555135031360774872413368084988947
789 6090578041977599505008485788532139710075804727998
790 6579276126369166118298757688133566187960989561469
791 7106847835884855158865011540486255593373878596135
792 7676358705761131804978912478483360883462627416260
793 8291113933270877450128809231073851467976262784343
794 8954676953152342555320723630424694985696892563774
795 9670889440387685326412115533999342442788117512940
796 10443892849068555716808070438117664643486649037940
797 11278151604298979135729135006628122690831892849735
798 12178478072913584113754906736138215423106397443039
799 13150059448277662107866422030869339950833278305427
800 14198486694633665647113043148564952286348699463310
801 15329785707419169413064499470181374966906489906915
802 16550450857760533203263543832757594651243548607785
803 17867481102005162997635150231427290693883615665430
804 19288418850758467320389342324062695003892232671038
805 20821391806509229678982299687746432283188424914831
806 22475157994634168835456465793484144536865555680215
807 24259154229449440455578783693173925494299905240582
808 26183548275110148078811593493755514083782476154328
809 28259294980641307012319583222059257554281110954728
810 30498196689314656565019464063733072197344995251550
811 32912968245072037571012852447369596688535912621609
812 35517306942852343526530859134521778968869379631269
813 38325967795628287390334359116422723296079077692125
814 41354844518833353575423121848895898572545770127190
815 44621056662799906250735916080355828596151980382306
816 48143043355988406832559307914432501740807801641385
817 51940664156328033957661142324037245921010568507899
818 56035307545085549473148990617559493600585179419245
819 60450007637519595559012488044719722346713935943404
820 65209569727362971913882073768308733844425003177635
821 70340705328121693121538790293789943822513139370318
822 75872177423518319576953509370588170764119500911080
823 81834956692386565735229268047847298576890823050741
824 88262389530210923951155316813939947583629409519571
825 95190378750584737887985276468276570184652439957168
826 102657577915439274385166918071974747393451853726577
827 110705600313303545736719898525189884368957604810859
828 119379243680442401757604111510464209904300851437541
829 128726731840866736353743893024882054997245879303596
830 138799974528319879331085058969971582138284022655449
831 149654846746853025165967707592287274606592612735271
832 161351489126975954134335857552143701182504477635542
833 173954630842107060108074729546891344499924033261520
834 187533936765684622250527441468292482514148567685506
835 202164380673413812483560028958799791689268705819382
836 217926646428327009639078982698081670733390643200325
837 234907559229288874634025588252605036058778229076506
838 253200549156990168506714211739472675901243169379745
839 272906149416104263366012814626949586512141247743085
840 294132531848941096741644909905043060747162959230385
841 316996082485496834334954092941067994518924463044946
842 341622020098198278075130729459429087612909971867141
843 368145060947880756596180727733206112470858074186877
844 396710133141690444069666508977220788249318857674947
845 427473144274817380076550111772096079856368392198548
846 460601806297477027313568057369031608815447431389577
847 496276521837687502854193446156074984259773546349975
848 534691336520552809647048930041675896812920810419728
849 576054962157477019517619814981494186269978477965297
850 620591876035626541434167384707133103518391630250899
851 668543501920769761440095461101718520886776767274925
852 720169478797222411129568580241618103397120634214049
853 775749023809013320629431425318617920929390281283485
854 835582396338701861857333862364129262114885014907470
855 899992470666821433902603162166934578423933049078286
856 969326425198152575957049140468745035204470031514396
857 1043957556823579833067794341115325392034083199122765
858 1124287229610981186695073173212498234791575146791531
859 1210746967688461521396791067205826220723285341449752
860 1303800702901511234603470039700447873174796210015051
861 1403947188595817076764237700799176695511647638841699
862 1511722591703190617073284154485690664961821002067093
863 1627703276193390349786279558322171001629499108561729
864 1752508791903758975931871490503819941430907134816365
865 1886805083776142909649434665885524889749456214449108
866 2031307937621395461458177140252126037464325130845007
867 2186786679701123915300691435965153131580854755840789
868 2354068148669830262718290121934278495567170377242081
869 2534040959764219122599767263014944387961925177572715
870 2727660082566632696707406966082731286154498364005332
871 2935951755213204557350021509932153390327008225456626
872 3160018759571771336501554956572198857396848908194875
873 3401046083687734447713720333618460527668316685424159
874 3660306999696370544684087633802454878387782268374532
875 3939169587436593520004777214470392878657434955163251
876 4239103736183554535173373395803634795671474626531389
877 4561688659256094601181740559039727331012749479600169
878 4908620958761031789721495868626821274300989370899690
879 5281723280421448938433438175310883696076466884930740
880 5682953601313260507848454316424679333117999038512170
881 6114415196416986322275066697344706813521380725752393
882 6578367333194409460104475766111602657677156265402976
883 7077236746938233386699916443143969666371685191567976
884 7613629953433662406206251596309901171699129463376836
885 8190346459531863836308894490481266354635539524253068
886 8810392936585637076270388388610434929235527303109682
887 9476998426357761155205719307889349590606811020535076
888 10193630654004298978351789909104418299625643294057307
889 10964013528082016918719697046691607161787513874513351
890 11792145913256085779034554788661820790596085664584083
891 12682321767518170076351853309992607519393736989613641
892 13639151742294568870464464115446579025443008115831376
893 14667586350859930067650102077038142257371342258384890
894 15772940818007052769756435672876108966653093222994794
895 16960921731992543322049770997724143671868678527590055
896 18237655628419176655345345898725161805265365379484972
897 19609719644968933413550893848069626578478287855385370
898 21084174395808836430200400147687355851140961842362155
899 22668599225100895623419885755943554649968060883726205
900 24371130010406890818754998783706031754173504094635509
901 26200499698941005550857036391925052969836966867399617
902 28166081772644761973771753909286257117214868414999689
903 30277936851999503141625973252774689452415360868832547
904 32546862663416214828717681272820648084094375502810811
905 34984447611019639282192945516277842936356942060201384
906 37603128210747054562035229614209644037342025311567968
907 40416250662990533764049065979241707743591756501524459
908 43438136859609180363286472664575159471979768766405251
909 46684155142114820657469893006918550599272942973642489
910 50170796150287224579079384632523854831836339133281775
911 53915754124506095052584362903750518109381876290734526
912 57938014050806915338751078758910744500403609363393316
913 62257945065193993423905276181669099282830888641900883
914 66897400563202553669372782648721383900004064276590253
915 71879825492227059580341289646192841096186518035149566
916 77230371337868964958306833917684555306413586938664136
917 82976019351657574630265917018701380307318859327991862
918 89145712606127055137732083044177594034685030581169209
919 95770497504566615662069417353263013921689592233447133
920 102883675416987342305538061048864696293774393255746397
921 110520965161168922479414006854874267747989657441093585
922 118720677098277179036674880580242739561664048780276740
923 127523899666708360077861024938643040044997059879498648
924 136974699235763699019264325731941830817715327249815300
925 147120334222749931825267873237524118674175717005896556
926 158011484483418308350485388256098148135467773676696065
927 169702497056595477742372200031837597196942177861267704
928 182251649419744331663661492088455621320405331407749353
929 195721431493363274307905945715027139185511907935706250
930 210178847718953722943392854150619706158851588269906650
931 225695740628148238478498368371612284209026093752630781
932 242349137419912600561546960768206853901942067063523347
933 260221621168959999577746470062449399112839467373028483
934 279401728402120448602141627109243244749539219032412164
935 299984374900902230404043387046089971914668384703968589
936 322071311718408186601731493614835954380767274770505610
937 345771613537708577421694774501335095288552406509089389
938 371202201647344410916505388856097098242556365054294204
939 398488403968503239025750544694580589008458786807413655
940 427764554738281352949965346249461305682822927678207280
941 459174636635078282582771662222127956786106763739900383
942 492872968326369275721722143757473891959613041085270599
943 529024940626731813019808252995278990323089658471140632
944 567807804675984786090606764529126231951376311412526742
945 609411515784618054218197086063946560144941584362976933
946 654039636847397006977251143958153611808802668228302940
947 701910305497244307319694077146200075061842830556628465
948 753257269461428313740557754821342782706177947371674872
949 808330994892005400825315510128603298511289768535376884
950 867399852773739106227418370285117145203708230120152984
951 930751388866813152588592614092986308385610726124353510
952 998693683020127433493824980321763975506090923918422706
953 1071556804095481276739143413624580332755181044440856115
954 1149694367175284840488016445356053700632514090615881204
955 1233485200188495954836704120433033665637108319475961862
956 1323335127583283249054530861164385882253674059827890314
957 1419678879202631356788778011568174854132508485219063294
958 1522982133083041132191501857232312605519189817031067313
959 1633743701499104142015853087162698321533708497693536066
960 1752497870220679945512323882729997703005669702951715999
961 1879816901637488459083576321237360885177113388988517075
962 2016313713141149473967750336793485285104686285294888528
963 2162644742940261141567334105909438349917618625622047800
964 2319513016323429054487365029580667013504964111410242845
965 2487671426281888090491228593156306757507624477923109057
966 2667926243361397100424565114218389237410775897610043233
967 2861140870636590896810165021469658740154073745490919673
968 3068239860794383901499718576578614791426615808842909689
969 3290213213481072981940018271542008714669545139467736065
970 3528120972315539810774177577372550724926709295115682997
971 3783098142303801771225135347439973220527101400650888213
972 4056359949813863804750557124230117824455389422810023150
973 4349207468790527188469017219484350436138846281905647610
974 4663033638514073066296943423218758174941278695432192687
975 4999329699941556640944269180949318179924384391677601008
976 5359692079522289529188948161305283303461478979861679678
977 5745829751357920645624227407265426060972257330046318483
978 6159572110690851644095675422904566039740534078810858992
979 6602877393961612208641039576239746980891131302278438854
980 7077841683085951234085049671807481655516103678001211479
981 7586708534176097468075010024651627984704362925177142661
982 8131879273678923187222083560487631805153445358061470764
983 8715924007838358833802310975824359659333513947733265127
984 9341593394522892153260802302879188936857651641474431205
985 10011831229804716216282420689737093142567189964243297894
986 10729787905249333277419982891329733233122095053770688899
987 11498834795688393844924219946338207558540896138619184858
988 12322579641320485372309576669621169008229097726801987906
989 13204882992331797151818112619995651602302141699120075271
990 14149875788869545116129635344251472314087487502078604997
991 15161978154155439698443779594014111917155353989644595116
992 16245919483815329798660894220267475513853106609623716629
993 17406759920146861729895755744986549636023374088622919925
994 18649913306073448825846185880884881030234349232538422026
995 19981171719965538081509960780187447554431703016130128429
996 21406731699376260252679345500585341563264639077383999932
997 22933222269067038865840370218664645829200975747170257150
998 24567734896520514204935467383443026193920343807569252707
999 26317855506486162801671957930997826648321323257511656557
1000 28191698695013398074747004482164809208892504104068556256
