0 0
1 20
2 32
3 44
4 56
5 68
6 80
7 92
8 104
9 116
10 128
11 140
12 152
13 164
14 176
15 188
16 200
17 212
18 224
19 236
20 248
21 260
22 272
23 284
24 296
25 308
26 320
27 332
28 344
29 356
30 368
31 380
32 392
33 404
34 416
35 428
36 440
37 452
38 464
39 476
40 488
41 500
42 512
43 524
44 536
45 548
46 560
47 572
48 584
49 596
50 608
51 620
52 632
53 644
54 656
55 668
56 680
57 692
58 704
59 716
60 728
61 740
62 752
63 764
64 776
65 788
66 800
67 812
68 824
69 836
70 848
71 860
72 872
73 884
74 896
75 908
76 920
77 932
78 944
79 956
80 968
81 980
82 992
83 1004
84 1016
85 1028
86 1040
87 1052
88 1064
89 1076
90 1088
91 1100
92 1112
93 1124
94 1136
95 1148
96 1160
97 1172
98 1184
99 1196
100 1208
101 1220
102 1232
103 1244
104 1256
105 1268
106 1280
107 1292
108 1304
109 1316
110 1328
111 1340
112 1352
113 1364
114 1376
115 1388
116 1400
117 1412
118 1424
119 1436
120 1448
121 1460
122 1472
123 1484
124 1496
125 1508
126 1520
127 1532
128 1544
129 1556
130 1568
131 1580
132 1592
133 1604
134 1616
135 1628
136 1640
137 1652
138 1664
139 1676
140 1688
141 1700
142 1712
143 1724
144 1736
145 1748
146 1760
147 1772
148 1784
149 1796
150 1808
151 1820
152 1832
153 1844
154 1856
155 1868
156 1880
157 1892
158 1904
159 1916
160 1928
161 1940
162 1952
163 1964
164 1976
165 1988
166 2000
167 2012
168 2024
169 2036
170 2048
171 2060
172 2072
173 2084
174 2096
175 2108
176 2120
177 2132
178 2144
179 2156
180 2168
181 2180
182 2192
183 2204
184 2216
185 2228
186 2240
187 2252
188 2264
189 2276
190 2288
191 2300
192 2312
193 2324
194 2336
195 2348
196 2360
197 2372
198 2384
199 2396
200 2408
201 2420
202 2432
203 2444
204 2456
205 2468
206 2480
207 2492
208 2504
209 2516
210 2528
211 2540
212 2552
213 2564
214 2576
215 2588
216 2600
217 2612
218 2624
219 2636
220 2648
221 2660
222 2672
223 2684
224 2696
225 2708
226 2720
227 2732
228 2744
229 2756
230 2768
231 2780
232 2792
233 2804
234 2816
235 2828
236 2840
237 2852
238 2864
239 2876
240 2888
241 2900
242 2912
243 2924
244 2936
245 2948
246 2960
247 2972
248 2984
249 2996
250 3008
251 3020
252 3032
253 3044
254 3056
255 3068
256 3080
257 3092
258 3104
259 3116
260 3128
261 3140
262 3152
263 3164
264 3176
265 3188
266 3200
267 3212
268 3224
269 3236
270 3248
271 3260
272 3272
273 3284
274 3296
275 3308
276 3320
277 3332
278 3344
279 3356
280 3368
281 3380
282 3392
283 3404
284 3416
285 3428
286 3440
287 3452
288 3464
289 3476
290 3488
291 3500
292 3512
293 3524
294 3536
295 3548
296 3560
297 3572
298 3584
299 3596
300 3608
301 3620
302 3632
303 3644
304 3656
305 3668
306 3680
307 3692
308 3704
309 3716
310 3728
311 3740
312 3752
313 3764
314 3776
315 3788
316 3800
317 3812
318 3824
319 3836
320 3848
321 3860
322 3872
323 3884
324 3896
325 3908
326 3920
327 3932
328 3944
329 3956
330 3968
331 3980
332 3992
333 4004
334 4016
335 4028
336 4040
337 4052
338 4064
339 4076
340 4088
341 4100
342 4112
343 4124
344 4136
345 4148
346 4160
347 4172
348 4184
349 4196
350 4208
351 4220
352 4232
353 4244
354 4256
355 4268
356 4280
357 4292
358 4304
359 4316
360 4328
361 4340
362 4352
363 4364
364 4376
365 4388
366 4400
367 4412
368 4424
369 4436
370 4448
371 4460
372 4472
373 4484
374 4496
375 4508
376 4520
377 4532
378 4544
379 4556
380 4568
381 4580
382 4592
383 4604
384 4616
385 4628
386 4640
387 4652
388 4664
389 4676
390 4688
391 4700
392 4712
393 4724
394 4736
395 4748
396 4760
397 4772
398 4784
399 4796
400 4808
401 4820
402 4832
403 4844
404 4856
405 4868
406 4880
407 4892
408 4904
409 4916
410 4928
411 4940
412 4952
413 4964
414 4976
415 4988
416 5000
417 5012
418 5024
419 5036
420 5048
421 5060
422 5072
423 5084
424 5096
425 5108
426 5120
427 5132
428 5144
429 5156
430 5168
431 5180
432 5192
433 5204
434 5216
435 5228
436 5240
437 5252
438 5264
439 5276
440 5288
441 5300
442 5312
443 5324
444 5336
445 5348
446 5360
447 5372
448 5384
449 5396
450 5408
451 5420
452 5432
453 5444
454 5456
455 5468
456 5480
457 5492
458 5504
459 5516
460 5528
461 5540
462 5552
463 5564
464 5576
465 5588
466 5600
467 5612
468 5624
469 5636
470 5648
471 5660
472 5672
473 5684
474 5696
475 5708
476 5720
477 5732
478 5744
479 5756
480 5768
481 5780
482 5792
483 5804
484 5816
485 5828
486 5840
487 5852
488 5864
489 5876
490 5888
491 5900
492 5912
493 5924
494 5936
495 5948
496 5960
497 5972
498 5984
499 5996
500 6008
501 6020
502 6032
503 6044
504 6056
505 6068
506 6080
507 6092
508 6104
509 6116
510 6128
511 6140
512 6152
513 6164
514 6176
515 6188
516 6200
517 6212
518 6224
519 6236
520 6248
521 6260
522 6272
523 6284
524 6296
525 6308
526 6320
527 6332
528 6344
529 6356
530 6368
531 6380
532 6392
533 6404
534 6416
535 6428
536 6440
537 6452
538 6464
539 6476
540 6488
541 6500
542 6512
543 6524
544 6536
545 6548
546 6560
547 6572
548 6584
549 6596
550 6608
551 6620
552 6632
553 6644
554 6656
555 6668
556 6680
557 6692
558 6704
559 6716
560 6728
561 6740
562 6752
563 6764
564 6776
565 6788
566 6800
567 6812
568 6824
569 6836
570 6848
571 6860
572 6872
573 6884
574 6896
575 6908
576 6920
577 6932
578 6944
579 6956
580 6968
581 6980
582 6992
583 7004
584 7016
585 7028
586 7040
587 7052
588 7064
589 7076
590 7088
591 7100
592 7112
593 7124
594 7136
595 7148
596 7160
597 7172
598 7184
599 7196
600 7208
601 7220
602 7232
603 7244
604 7256
605 7268
606 7280
607 7292
608 7304
609 7316
610 7328
611 7340
612 7352
613 7364
614 7376
615 7388
616 7400
617 7412
618 7424
619 7436
620 7448
621 7460
622 7472
623 7484
624 7496
625 7508
626 7520
627 7532
628 7544
629 7556
630 7568
631 7580
632 7592
633 7604
634 7616
635 7628
636 7640
637 7652
638 7664
639 7676
640 7688
641 7700
642 7712
643 7724
644 7736
645 7748
646 7760
647 7772
648 7784
649 7796
650 7808
651 7820
652 7832
653 7844
654 7856
655 7868
656 7880
657 7892
658 7904
659 7916
660 7928
661 7940
662 7952
663 7964
664 7976
665 7988
666 8000
667 8012
668 8024
669 8036
670 8048
671 8060
672 8072
673 8084
674 8096
675 8108
676 8120
677 8132
678 8144
679 8156
680 8168
681 8180
682 8192
683 8204
684 8216
685 8228
686 8240
687 8252
688 8264
689 8276
690 8288
691 8300
692 8312
693 8324
694 8336
695 8348
696 8360
697 8372
698 8384
699 8396
700 8408
701 8420
702 8432
703 8444
704 8456
705 8468
706 8480
707 8492
708 8504
709 8516
710 8528
711 8540
712 8552
713 8564
714 8576
715 8588
716 8600
717 8612
718 8624
719 8636
720 8648
721 8660
722 8672
723 8684
724 8696
725 8708
726 8720
727 8732
728 8744
729 8756
730 8768
731 8780
732 8792
733 8804
734 8816
735 8828
736 8840
737 8852
738 8864
739 8876
740 8888
741 8900
742 8912
743 8924
744 8936
745 8948
746 8960
747 8972
748 8984
749 8996
750 9008
751 9020
752 9032
753 9044
754 9056
755 9068
756 9080
757 9092
758 9104
759 9116
760 9128
761 9140
762 9152
763 9164
764 9176
765 9188
766 9200
767 9212
768 9224
769 9236
770 9248
771 9260
772 9272
773 9284
774 9296
775 9308
776 9320
777 9332
778 9344
779 9356
780 9368
781 9380
782 9392
783 9404
784 9416
785 9428
786 9440
787 9452
788 9464
789 9476
790 9488
791 9500
792 9512
793 9524
794 9536
795 9548
796 9560
797 9572
798 9584
799 9596
800 9608
801 9620
802 9632
803 9644
804 9656
805 9668
806 9680
807 9692
808 9704
809 9716
810 9728
811 9740
812 9752
813 9764
814 9776
815 9788
816 9800
817 9812
818 9824
819 9836
820 9848
821 9860
822 9872
823 9884
824 9896
825 9908
826 9920
827 9932
828 9944
829 9956
830 9968
831 9980
832 9992
833 10004
834 10016
835 10028
836 10040
837 10052
838 10064
839 10076
840 10088
841 10100
842 10112
843 10124
844 10136
845 10148
846 10160
847 10172
848 10184
849 10196
850 10208
851 10220
852 10232
853 10244
854 10256
855 10268
856 10280
857 10292
858 10304
859 10316
860 10328
861 10340
862 10352
863 10364
864 10376
865 10388
866 10400
867 10412
868 10424
869 10436
870 10448
871 10460
872 10472
873 10484
874 10496
875 10508
876 10520
877 10532
878 10544
879 10556
880 10568
881 10580
882 10592
883 10604
884 10616
885 10628
886 10640
887 10652
888 10664
889 10676
890 10688
891 10700
892 10712
893 10724
894 10736
895 10748
896 10760
897 10772
898 10784
899 10796
900 10808
901 10820
902 10832
903 10844
904 10856
905 10868
906 10880
907 10892
908 10904
909 10916
910 10928
911 10940
912 10952
913 10964
914 10976
915 10988
916 11000
917 11012
918 11024
919 11036
920 11048
921 11060
922 11072
923 11084
924 11096
925 11108
926 11120
927 11132
928 11144
929 11156
930 11168
931 11180
932 11192
933 11204
934 11216
935 11228
936 11240
937 11252
938 11264
939 11276
940 11288
941 11300
942 11312
943 11324
944 11336
945 11348
946 11360
947 11372
948 11384
949 11396
950 11408
951 11420
952 11432
953 11444
954 11456
955 11468
956 11480
957 11492
958 11504
959 11516
960 11528
961 11540
962 11552
963 11564
964 11576
965 11588
966 11600
967 11612
968 11624
969 11636
970 11648
971 11660
972 11672
973 11684
974 11696
975 11708
976 11720
977 11732
978 11744
979 11756
980 11768
981 11780
982 11792
983 11804
984 11816
985 11828
986 11840
987 11852
988 11864
989 11876
990 11888
991 11900
992 11912
993 11924
994 11936
995 11948
996 11960
997 11972
998 11984
999 11996
1000 12008
