0 1
1 1
2 1
3 1
4 1
5 2
6 2
7 2
8 2
9 2
10 4
11 4
12 4
13 4
14 4
15 6
16 6
17 6
18 6
19 6
20 9
21 9
22 9
23 9
24 9
25 13
26 13
27 13
28 13
29 13
30 18
31 18
32 18
33 18
34 18
35 24
36 24
37 24
38 24
39 24
40 31
41 31
42 31
43 31
44 31
45 39
46 39
47 39
48 39
49 39
50 49
51 49
52 49
53 49
54 49
55 60
56 60
57 60
58 60
59 60
60 73
61 73
62 73
63 73
64 73
65 87
66 87
67 87
68 87
69 87
70 103
71 103
72 103
73 103
74 103
75 121
76 121
77 121
78 121
79 121
80 141
81 141
82 141
83 141
84 141
85 163
86 163
87 163
88 163
89 163
90 187
91 187
92 187
93 187
94 187
95 213
96 213
97 213
98 213
99 213
100 242
101 242
102 242
103 242
104 242
105 273
106 273
107 273
108 273
109 273
110 307
111 307
112 307
113 307
114 307
115 343
116 343
117 343
118 343
119 343
120 382
121 382
122 382
123 382
124 382
125 424
126 424
127 424
128 424
129 424
130 469
131 469
132 469
133 469
134 469
135 517
136 517
137 517
138 517
139 517
140 568
141 568
142 568
143 568
144 568
145 622
146 622
147 622
148 622
149 622
150 680
151 680
152 680
153 680
154 680
155 741
156 741
157 741
158 741
159 741
160 806
161 806
162 806
163 806
164 806
165 874
166 874
167 874
168 874
169 874
170 946
171 946
172 946
173 946
174 946
175 1022
176 1022
177 1022
178 1022
179 1022
180 1102
181 1102
182 1102
183 1102
184 1102
185 1186
186 1186
187 1186
188 1186
189 1186
190 1274
191 1274
192 1274
193 1274
194 1274
195 1366
196 1366
197 1366
198 1366
199 1366
200 1463
201 1463
202 1463
203 1463
204 1463
205 1564
206 1564
207 1564
208 1564
209 1564
210 1670
211 1670
212 1670
213 1670
214 1670
215 1780
216 1780
217 1780
218 1780
219 1780
220 1895
221 1895
222 1895
223 1895
224 1895
225 2015
226 2015
227 2015
228 2015
229 2015
230 2140
231 2140
232 2140
233 2140
234 2140
235 2270
236 2270
237 2270
238 2270
239 2270
240 2405
241 2405
242 2405
243 2405
244 2405
245 2545
246 2545
247 2545
248 2545
249 2545
250 2691
251 2691
252 2691
253 2691
254 2691
255 2842
256 2842
257 2842
258 2842
259 2842
260 2999
261 2999
262 2999
263 2999
264 2999
265 3161
266 3161
267 3161
268 3161
269 3161
270 3329
271 3329
272 3329
273 3329
274 3329
275 3503
276 3503
277 3503
278 3503
279 3503
280 3683
281 3683
282 3683
283 3683
284 3683
285 3869
286 3869
287 3869
288 3869
289 3869
290 4061
291 4061
292 4061
293 4061
294 4061
295 4259
296 4259
297 4259
298 4259
299 4259
300 4464
301 4464
302 4464
303 4464
304 4464
305 4675
306 4675
307 4675
308 4675
309 4675
310 4893
311 4893
312 4893
313 4893
314 4893
315 5117
316 5117
317 5117
318 5117
319 5117
320 5348
321 5348
322 5348
323 5348
324 5348
325 5586
326 5586
327 5586
328 5586
329 5586
330 5831
331 5831
332 5831
333 5831
334 5831
335 6083
336 6083
337 6083
338 6083
339 6083
340 6342
341 6342
342 6342
343 6342
344 6342
345 6608
346 6608
347 6608
348 6608
349 6608
350 6882
351 6882
352 6882
353 6882
354 6882
355 7163
356 7163
357 7163
358 7163
359 7163
360 7452
361 7452
362 7452
363 7452
364 7452
365 7748
366 7748
367 7748
368 7748
369 7748
370 8052
371 8052
372 8052
373 8052
374 8052
375 8364
376 8364
377 8364
378 8364
379 8364
380 8684
381 8684
382 8684
383 8684
384 8684
385 9012
386 9012
387 9012
388 9012
389 9012
390 9348
391 9348
392 9348
393 9348
394 9348
395 9692
396 9692
397 9692
398 9692
399 9692
400 10045
401 10045
402 10045
403 10045
404 10045
405 10406
406 10406
407 10406
408 10406
409 10406
410 10776
411 10776
412 10776
413 10776
414 10776
415 11154
416 11154
417 11154
418 11154
419 11154
420 11541
421 11541
422 11541
423 11541
424 11541
425 11937
426 11937
427 11937
428 11937
429 11937
430 12342
431 12342
432 12342
433 12342
434 12342
435 12756
436 12756
437 12756
438 12756
439 12756
440 13179
441 13179
442 13179
443 13179
444 13179
445 13611
446 13611
447 13611
448 13611
449 13611
450 14053
451 14053
452 14053
453 14053
454 14053
455 14504
456 14504
457 14504
458 14504
459 14504
460 14965
461 14965
462 14965
463 14965
464 14965
465 15435
466 15435
467 15435
468 15435
469 15435
470 15915
471 15915
472 15915
473 15915
474 15915
475 16405
476 16405
477 16405
478 16405
479 16405
480 16905
481 16905
482 16905
483 16905
484 16905
485 17415
486 17415
487 17415
488 17415
489 17415
490 17935
491 17935
492 17935
493 17935
494 17935
495 18465
496 18465
497 18465
498 18465
499 18465
500 19006
501 19006
502 19006
503 19006
504 19006
505 19557
506 19557
507 19557
508 19557
509 19557
510 20119
511 20119
512 20119
513 20119
514 20119
515 20691
516 20691
517 20691
518 20691
519 20691
520 21274
521 21274
522 21274
523 21274
524 21274
525 21868
526 21868
527 21868
528 21868
529 21868
530 22473
531 22473
532 22473
533 22473
534 22473
535 23089
536 23089
537 23089
538 23089
539 23089
540 23716
541 23716
542 23716
543 23716
544 23716
545 24354
546 24354
547 24354
548 24354
549 24354
550 25004
551 25004
552 25004
553 25004
554 25004
555 25665
556 25665
557 25665
558 25665
559 25665
560 26338
561 26338
562 26338
563 26338
564 26338
565 27022
566 27022
567 27022
568 27022
569 27022
570 27718
571 27718
572 27718
573 27718
574 27718
575 28426
576 28426
577 28426
578 28426
579 28426
580 29146
581 29146
582 29146
583 29146
584 29146
585 29878
586 29878
587 29878
588 29878
589 29878
590 30622
591 30622
592 30622
593 30622
594 30622
595 31378
596 31378
597 31378
598 31378
599 31378
600 32147
601 32147
602 32147
603 32147
604 32147
605 32928
606 32928
607 32928
608 32928
609 32928
610 33722
611 33722
612 33722
613 33722
614 33722
615 34528
616 34528
617 34528
618 34528
619 34528
620 35347
621 35347
622 35347
623 35347
624 35347
625 36179
626 36179
627 36179
628 36179
629 36179
630 37024
631 37024
632 37024
633 37024
634 37024
635 37882
636 37882
637 37882
638 37882
639 37882
640 38753
641 38753
642 38753
643 38753
644 38753
645 39637
646 39637
647 39637
648 39637
649 39637
650 40535
651 40535
652 40535
653 40535
654 40535
655 41446
656 41446
657 41446
658 41446
659 41446
660 42371
661 42371
662 42371
663 42371
664 42371
665 43309
666 43309
667 43309
668 43309
669 43309
670 44261
671 44261
672 44261
673 44261
674 44261
675 45227
676 45227
677 45227
678 45227
679 45227
680 46207
681 46207
682 46207
683 46207
684 46207
685 47201
686 47201
687 47201
688 47201
689 47201
690 48209
691 48209
692 48209
693 48209
694 48209
695 49231
696 49231
697 49231
698 49231
699 49231
700 50268
701 50268
702 50268
703 50268
704 50268
705 51319
706 51319
707 51319
708 51319
709 51319
710 52385
711 52385
712 52385
713 52385
714 52385
715 53465
716 53465
717 53465
718 53465
719 53465
720 54560
721 54560
722 54560
723 54560
724 54560
725 55670
726 55670
727 55670
728 55670
729 55670
730 56795
731 56795
732 56795
733 56795
734 56795
735 57935
736 57935
737 57935
738 57935
739 57935
740 59090
741 59090
742 59090
743 59090
744 59090
745 60260
746 60260
747 60260
748 60260
749 60260
750 61446
751 61446
752 61446
753 61446
754 61446
755 62647
756 62647
757 62647
758 62647
759 62647
760 63864
761 63864
762 63864
763 63864
764 63864
765 65096
766 65096
767 65096
768 65096
769 65096
770 66344
771 66344
772 66344
773 66344
774 66344
775 67608
776 67608
777 67608
778 67608
779 67608
780 68888
781 68888
782 68888
783 68888
784 68888
785 70184
786 70184
787 70184
788 70184
789 70184
790 71496
791 71496
792 71496
793 71496
794 71496
795 72824
796 72824
797 72824
798 72824
799 72824
800 74169
801 74169
802 74169
803 74169
804 74169
805 75530
806 75530
807 75530
808 75530
809 75530
810 76908
811 76908
812 76908
813 76908
814 76908
815 78302
816 78302
817 78302
818 78302
819 78302
820 79713
821 79713
822 79713
823 79713
824 79713
825 81141
826 81141
827 81141
828 81141
829 81141
830 82586
831 82586
832 82586
833 82586
834 82586
835 84048
836 84048
837 84048
838 84048
839 84048
840 85527
841 85527
842 85527
843 85527
844 85527
845 87023
846 87023
847 87023
848 87023
849 87023
850 88537
851 88537
852 88537
853 88537
854 88537
855 90068
856 90068
857 90068
858 90068
859 90068
860 91617
861 91617
862 91617
863 91617
864 91617
865 93183
866 93183
867 93183
868 93183
869 93183
870 94767
871 94767
872 94767
873 94767
874 94767
875 96369
876 96369
877 96369
878 96369
879 96369
880 97989
881 97989
882 97989
883 97989
884 97989
885 99627
886 99627
887 99627
888 99627
889 99627
890 101283
891 101283
892 101283
893 101283
894 101283
895 102957
896 102957
897 102957
898 102957
899 102957
900 104650
901 104650
902 104650
903 104650
904 104650
905 106361
906 106361
907 106361
908 106361
909 106361
910 108091
911 108091
912 108091
913 108091
914 108091
915 109839
916 109839
917 109839
918 109839
919 109839
920 111606
921 111606
922 111606
923 111606
924 111606
925 113392
926 113392
927 113392
928 113392
929 113392
930 115197
931 115197
932 115197
933 115197
934 115197
935 117021
936 117021
937 117021
938 117021
939 117021
940 118864
941 118864
942 118864
943 118864
944 118864
945 120726
946 120726
947 120726
948 120726
949 120726
950 122608
951 122608
952 122608
953 122608
954 122608
955 124509
956 124509
957 124509
958 124509
959 124509
960 126430
961 126430
962 126430
963 126430
964 126430
965 128370
966 128370
967 128370
968 128370
969 128370
970 130330
971 130330
972 130330
973 130330
974 130330
975 132310
976 132310
977 132310
978 132310
979 132310
980 134310
981 134310
982 134310
983 134310
984 134310
985 136330
986 136330
987 136330
988 136330
989 136330
990 138370
991 138370
992 138370
993 138370
994 138370
995 140430
996 140430
997 140430
998 140430
999 140430
1000 142511
