0 1
1 0
2 0
3 1
4 1
5 1
6 1
7 1
8 2
9 2
10 2
11 2
12 3
13 3
14 3
15 4
16 4
17 4
18 5
19 5
20 6
21 6
22 6
23 7
24 8
25 8
26 8
27 9
28 10
29 10
30 11
31 11
32 12
33 13
34 13
35 14
36 15
37 15
38 16
39 17
40 18
41 18
42 19
43 20
44 21
45 22
46 22
47 23
48 25
49 25
50 26
51 27
52 28
53 29
54 30
55 31
56 32
57 33
58 34
59 35
60 37
61 37
62 38
63 40
64 41
65 42
66 43
67 44
68 46
69 47
70 48
71 49
72 51
73 52
74 53
75 55
76 56
77 57
78 59
79 60
80 62
81 63
82 64
83 66
84 68
85 69
86 70
87 72
88 74
89 75
90 77
91 78
92 80
93 82
94 83
95 85
96 87
97 88
98 90
99 92
100 94
101 95
102 97
103 99
104 101
105 103
106 104
107 106
108 109
109 110
110 112
111 114
112 116
113 118
114 120
115 122
116 124
117 126
118 128
119 130
120 133
121 134
122 136
123 139
124 141
125 143
126 145
127 147
128 150
129 152
130 154
131 156
132 159
133 161
134 163
135 166
136 168
137 170
138 173
139 175
140 178
141 180
142 182
143 185
144 188
145 190
146 192
147 195
148 198
149 200
150 203
151 205
152 208
153 211
154 213
155 216
156 219
157 221
158 224
159 227
160 230
161 232
162 235
163 238
164 241
165 244
166 246
167 249
168 253
169 255
170 258
171 261
172 264
173 267
174 270
175 273
176 276
177 279
178 282
179 285
180 289
181 291
182 294
183 298
184 301
185 304
186 307
187 310
188 314
189 317
190 320
191 323
192 327
193 330
194 333
195 337
196 340
197 343
198 347
199 350
200 354
201 357
202 360
203 364
204 368
205 371
206 374
207 378
208 382
209 385
210 389
211 392
212 396
213 400
214 403
215 407
216 411
217 414
218 418
219 422
220 426
221 429
222 433
223 437
224 441
225 445
226 448
227 452
228 457
229 460
230 464
231 468
232 472
233 476
234 480
235 484
236 488
237 492
238 496
239 500
240 505
241 508
242 512
243 517
244 521
245 525
246 529
247 533
248 538
249 542
250 546
251 550
252 555
253 559
254 563
255 568
256 572
257 576
258 581
259 585
260 590
261 594
262 598
263 603
264 608
265 612
266 616
267 621
268 626
269 630
270 635
271 639
272 644
273 649
274 653
275 658
276 663
277 667
278 672
279 677
280 682
281 686
282 691
283 696
284 701
285 706
286 710
287 715
288 721
289 725
290 730
291 735
292 740
293 745
294 750
295 755
296 760
297 765
298 770
299 775
300 781
301 785
302 790
303 796
304 801
305 806
306 811
307 816
308 822
309 827
310 832
311 837
312 843
313 848
314 853
315 859
316 864
317 869
318 875
319 880
320 886
321 891
322 896
323 902
324 908
325 913
326 918
327 924
328 930
329 935
330 941
331 946
332 952
333 958
334 963
335 969
336 975
337 980
338 986
339 992
340 998
341 1003
342 1009
343 1015
344 1021
345 1027
346 1032
347 1038
348 1045
349 1050
350 1056
351 1062
352 1068
353 1074
354 1080
355 1086
356 1092
357 1098
358 1104
359 1110
360 1117
361 1122
362 1128
363 1135
364 1141
365 1147
366 1153
367 1159
368 1166
369 1172
370 1178
371 1184
372 1191
373 1197
374 1203
375 1210
376 1216
377 1222
378 1229
379 1235
380 1242
381 1248
382 1254
383 1261
384 1268
385 1274
386 1280
387 1287
388 1294
389 1300
390 1307
391 1313
392 1320
393 1327
394 1333
395 1340
396 1347
397 1353
398 1360
399 1367
400 1374
401 1380
402 1387
403 1394
404 1401
405 1408
406 1414
407 1421
408 1429
409 1435
410 1442
411 1449
412 1456
413 1463
414 1470
415 1477
416 1484
417 1491
418 1498
419 1505
420 1513
421 1519
422 1526
423 1534
424 1541
425 1548
426 1555
427 1562
428 1570
429 1577
430 1584
431 1591
432 1599
433 1606
434 1613
435 1621
436 1628
437 1635
438 1643
439 1650
440 1658
441 1665
442 1672
443 1680
444 1688
445 1695
446 1702
447 1710
448 1718
449 1725
450 1733
451 1740
452 1748
453 1756
454 1763
455 1771
456 1779
457 1786
458 1794
459 1802
460 1810
461 1817
462 1825
463 1833
464 1841
465 1849
466 1856
467 1864
468 1873
469 1880
470 1888
471 1896
472 1904
473 1912
474 1920
475 1928
476 1936
477 1944
478 1952
479 1960
480 1969
481 1976
482 1984
483 1993
484 2001
485 2009
486 2017
487 2025
488 2034
489 2042
490 2050
491 2058
492 2067
493 2075
494 2083
495 2092
496 2100
497 2108
498 2117
499 2125
500 2134
501 2142
502 2150
503 2159
504 2168
505 2176
506 2184
507 2193
508 2202
509 2210
510 2219
511 2227
512 2236
513 2245
514 2253
515 2262
516 2271
517 2279
518 2288
519 2297
520 2306
521 2314
522 2323
523 2332
524 2341
525 2350
526 2358
527 2367
528 2377
529 2385
530 2394
531 2403
532 2412
533 2421
534 2430
535 2439
536 2448
537 2457
538 2466
539 2475
540 2485
541 2493
542 2502
543 2512
544 2521
545 2530
546 2539
547 2548
548 2558
549 2567
550 2576
551 2585
552 2595
553 2604
554 2613
555 2623
556 2632
557 2641
558 2651
559 2660
560 2670
561 2679
562 2688
563 2698
564 2708
565 2717
566 2726
567 2736
568 2746
569 2755
570 2765
571 2774
572 2784
573 2794
574 2803
575 2813
576 2823
577 2832
578 2842
579 2852
580 2862
581 2871
582 2881
583 2891
584 2901
585 2911
586 2920
587 2930
588 2941
589 2950
590 2960
591 2970
592 2980
593 2990
594 3000
595 3010
596 3020
597 3030
598 3040
599 3050
600 3061
601 3070
602 3080
603 3091
604 3101
605 3111
606 3121
607 3131
608 3142
609 3152
610 3162
611 3172
612 3183
613 3193
614 3203
615 3214
616 3224
617 3234
618 3245
619 3255
620 3266
621 3276
622 3286
623 3297
624 3308
625 3318
626 3328
627 3339
628 3350
629 3360
630 3371
631 3381
632 3392
633 3403
634 3413
635 3424
636 3435
637 3445
638 3456
639 3467
640 3478
641 3488
642 3499
643 3510
644 3521
645 3532
646 3542
647 3553
648 3565
649 3575
650 3586
651 3597
652 3608
653 3619
654 3630
655 3641
656 3652
657 3663
658 3674
659 3685
660 3697
661 3707
662 3718
663 3730
664 3741
665 3752
666 3763
667 3774
668 3786
669 3797
670 3808
671 3819
672 3831
673 3842
674 3853
675 3865
676 3876
677 3887
678 3899
679 3910
680 3922
681 3933
682 3944
683 3956
684 3968
685 3979
686 3990
687 4002
688 4014
689 4025
690 4037
691 4048
692 4060
693 4072
694 4083
695 4095
696 4107
697 4118
698 4130
699 4142
700 4154
701 4165
702 4177
703 4189
704 4201
705 4213
706 4224
707 4236
708 4249
709 4260
710 4272
711 4284
712 4296
713 4308
714 4320
715 4332
716 4344
717 4356
718 4368
719 4380
720 4393
721 4404
722 4416
723 4429
724 4441
725 4453
726 4465
727 4477
728 4490
729 4502
730 4514
731 4526
732 4539
733 4551
734 4563
735 4576
736 4588
737 4600
738 4613
739 4625
740 4638
741 4650
742 4662
743 4675
744 4688
745 4700
746 4712
747 4725
748 4738
749 4750
750 4763
751 4775
752 4788
753 4801
754 4813
755 4826
756 4839
757 4851
758 4864
759 4877
760 4890
761 4902
762 4915
763 4928
764 4941
765 4954
766 4966
767 4979
768 4993
769 5005
770 5018
771 5031
772 5044
773 5057
774 5070
775 5083
776 5096
777 5109
778 5122
779 5135
780 5149
781 5161
782 5174
783 5188
784 5201
785 5214
786 5227
787 5240
788 5254
789 5267
790 5280
791 5293
792 5307
793 5320
794 5333
795 5347
796 5360
797 5373
798 5387
799 5400
800 5414
801 5427
802 5440
803 5454
804 5468
805 5481
806 5494
807 5508
808 5522
809 5535
810 5549
811 5562
812 5576
813 5590
814 5603
815 5617
816 5631
817 5644
818 5658
819 5672
820 5686
821 5699
822 5713
823 5727
824 5741
825 5755
826 5768
827 5782
828 5797
829 5810
830 5824
831 5838
832 5852
833 5866
834 5880
835 5894
836 5908
837 5922
838 5936
839 5950
840 5965
841 5978
842 5992
843 6007
844 6021
845 6035
846 6049
847 6063
848 6078
849 6092
850 6106
851 6120
852 6135
853 6149
854 6163
855 6178
856 6192
857 6206
858 6221
859 6235
860 6250
861 6264
862 6278
863 6293
864 6308
865 6322
866 6336
867 6351
868 6366
869 6380
870 6395
871 6409
872 6424
873 6439
874 6453
875 6468
876 6483
877 6497
878 6512
879 6527
880 6542
881 6556
882 6571
883 6586
884 6601
885 6616
886 6630
887 6645
888 6661
889 6675
890 6690
891 6705
892 6720
893 6735
894 6750
895 6765
896 6780
897 6795
898 6810
899 6825
900 6841
901 6855
902 6870
903 6886
904 6901
905 6916
906 6931
907 6946
908 6962
909 6977
910 6992
911 7007
912 7023
913 7038
914 7053
915 7069
916 7084
917 7099
918 7115
919 7130
920 7146
921 7161
922 7176
923 7192
924 7208
925 7223
926 7238
927 7254
928 7270
929 7285
930 7301
931 7316
932 7332
933 7348
934 7363
935 7379
936 7395
937 7410
938 7426
939 7442
940 7458
941 7473
942 7489
943 7505
944 7521
945 7537
946 7552
947 7568
948 7585
949 7600
950 7616
951 7632
952 7648
953 7664
954 7680
955 7696
956 7712
957 7728
958 7744
959 7760
960 7777
961 7792
962 7808
963 7825
964 7841
965 7857
966 7873
967 7889
968 7906
969 7922
970 7938
971 7954
972 7971
973 7987
974 8003
975 8020
976 8036
977 8052
978 8069
979 8085
980 8102
981 8118
982 8134
983 8151
984 8168
985 8184
986 8200
987 8217
988 8234
989 8250
990 8267
991 8283
992 8300
993 8317
994 8333
995 8350
996 8367
997 8383
998 8400
999 8417
1000 8434
