0 0
1 1
2 2
3 4
4 7
5 12
6 19
7 30
8 45
9 67
10 97
11 139
12 195
13 272
14 373
15 508
16 684
17 915
18 1212
19 1597
20 2087
21 2714
22 3506
23 4508
24 5763
25 7338
26 9296
27 11732
28 14742
29 18460
30 23025
31 28629
32 35471
33 43820
34 53963
35 66273
36 81156
37 99133
38 120770
39 146785
40 177970
41 215308
42 259891
43 313065
44 376326
45 451501
46 540635
47 646193
48 770947
49 918220
50 1091745
51 1295971
52 1535914
53 1817503
54 2147434
55 2533589
56 2984865
57 3511688
58 4125842
59 4841062
60 5672882
61 6639349
62 7760854
63 9061010
64 10566509
65 12308139
66 14320697
67 16644217
68 19323906
69 22411641
70 25965986
71 30053954
72 34751159
73 40143942
74 46329631
75 53419131
76 61537395
77 70826486
78 81446349
79 93578513
80 107427163
81 123223639
82 141227966
83 161734221
84 185072690
85 211616350
86 241783707
87 276046669
88 314934342
89 359042451
90 409038376
91 465672549
92 529784908
93 602318715
94 684328892
95 776998612
96 881650031
97 999764335
98 1132995265
99 1283193401
100 1452423276
101 1642992568
102 1857473694
103 2098739073
104 2369988023
105 2674789388
106 3017115097
107 3401391433
108 3832540822
109 4316043666
110 4857989906
111 5465153652
112 6145056855
113 6906059011
114 7757435639
115 8709486304
116 9773630755
117 10962539003
118 12290249079
119 13772323222
120 15425991887
121 17270341447
122 19326489498
123 21617810410
124 24170148651
125 27012089151
126 30175216503
127 33694439195
128 37608303490
129 41959382090
130 46794653960
131 52165969360
132 58130508864
133 64751339753
134 72097969265
135 80247009960
136 89282846036
137 99298427716
138 110396072732
139 122688414563
140 136299364458
141 151365242593
142 168035931801
143 186476225121
144 206867207878
145 229407862323
146 254316720332
147 281833772931
148 312222444909
149 345771864406
150 382799219606
151 423652454919
152 468713079501
153 518399367922
154 573169704246
155 633526377526
156 700019559623
157 773251803382
158 853882768151
159 942634546953
160 1040297275508
161 1147735434974
162 1265894503401
163 1395808408038
164 1538607403968
165 1695526879263
166 1867916679518
167 2057251502097
168 2265141922199
169 2493346654950
170 2743785580065
171 3018554197195
172 3319938999243
173 3650434498856
174 4012761358751
175 4409886433501
176 4845044131331
177 5321759988621
178 5843875819816
179 6415577425471
180 7041424178591
181 7726381569527
182 8475855981308
183 9295732889631
184 10192417707158
185 11172880587588
186 12244704361925
187 13416137054298
188 14696148096566
189 16094489842137
190 17621763441762
191 19289490845855
192 21110191946507
193 23097468802870
194 25266095908339
195 27632118650184
196 30212958863157
197 33027529850748
198 36096359729278
199 39441725712976
200 43087798145101
201 47060797174489
202 51389160833136
203 56103727719219
204 61237933007192
205 66828021324687
206 72913275183947
207 79536262891987
208 86743104598477
209 94583760824614
210 103112342126989
211 112387444702344
212 122472510588111
213 133436217793370
214 145352899029648
215 158302994955543
216 172373540654830
217 187658691903311
218 204260290011225
219 222288472527896
220 241862328689041
221 263110607698408
222 286172478872257
223 311198352632368
224 338350761557983
225 367805311499733
226 399751702195890
227 434394828518409
228 471955962100979
229 512674025728341
230 556806960612596
231 604633200358516
232 656453252197228
233 712591400868175
234 773397536306504
235 839249122276779
236 910553307791698
237 987749200455210
238 1071310304381081
239 1161747144049898
240 1259610077753483
241 1365492324476216
242 1480033209029254
243 1603921652106513
244 1737899911451401
245 1882767603947846
246 2039386016475792
247 2208682738867346
248 2391656628721372
249 2589383145403044
250 2803020065223669
251 3033813619588350
252 3283105070756909
253 3552337772009488
254 3843064729925600
255 4156956721232265
256 4495810985480945
257 4861560552351727
258 5256284229007084
259 5682217313416440
260 6141763063865115
261 6637504998625961
262 7172220061534570
263 7748892736481738
264 8370730152991353
265 9041178276051523
266 9763939229741895
267 10542989859304062
268 11382601589670876
269 12287361697987236
270 13262196067931861
271 14312393557862978
272 15443632061801584
273 16662006411645917
274 17974058212462132
275 19386807777635582
276 20907788270486757
277 22545082239823928
278 24307360672881197
279 26203924776472781
280 28244750629047856
281 30440536940730372
282 32802756086068083
283 35343708676113781
284 38076581859661316
285 41015511653590871
286 44175649520739868
287 47573233532726641
288 51225664368797694
289 55151586530287116
290 59370975058874211
291 63905228185775097
292 68777266242247181
293 74011637312000853
294 79634630003951458
295 85674393886046973
296 92161068013126061
297 99126918157321892
298 106606483235832476
299 114636731620775516
300 123257227896240541
301 132510310832964143
302 142441283225367644
303 153098614457916483
304 164534156535738587
305 176803374554968052
306 189965592450025756
307 204084255115305761
308 219227207854162955
309 235466994389992618
310 252881174523139913
311 271552662822740277
312 291570089585317222
313 313028185622670113
314 336028192278157450
315 360678298428987940
316 387094106062554266
317 415399126403550269
318 445725308393393233
319 478213601744859887
320 513014556614300717
321 550288962391048794
322 590208527918048785
323 632956605954003481
324 678728964497581509
325 727734608132819384
326 780196652361648025
327 836353254474522314
328 896458604314188858
329 960783978923303408
330 1029618864869377258
331 1103272152731227597
332 1182073408033894212
333 1266374223670119331
334 1356549658650668954
335 1452999768842871714
336 1556151235164607039
337 1666459095589899811
338 1784408587136013783
339 1910517104969810138
340 2045336285593111658
341 2189454222120985490
342 2343497819500561520
343 2508135298666322564
344 2684078858476745317
345 2872087505529038297
346 3072970061816721456
347 3287588361560007755
348 3516860648431224905
349 3761765185886607311
350 4023344093237751436
351 4302707421721453588
352 4601037484784211664
353 4919593458572540748
354 5259716268621118176
355 5622833780669228181
356 6010466313588257404
357 6424232494521599766
358 6865855476450958203
359 7337169540719356983
360 7840127107225357003
361 8376806177536048124
362 8949418236434085683
363 9560316640185969784
364 10212005520183176743
365 10907149233642122783
366 11648582393526204467
367 12439320513175615786
368 13282571301738144213
369 14181746650134232562
370 15140475348046570607
371 16162616576413915969
372 17252274220838315751
373 18413812055688278601
374 19651869849807403686
375 20971380449534877186
376 22377587896096361240
377 23876066639686942321
378 25472741914177699112
379 27173911342153512637
380 28986267841892985587
381 30916923914243451399
382 32973437389580085204
383 35163838722003850335
384 37496659920547742671
385 39980965214813160851
386 42626383555501924552
387 45443143058719867344
388 48442107506456319538
389 51634815024889852364
390 55033519066248012639
391 58651231830115617062
392 62501770264783046248
393 66599804800409641039
394 70960910971171925153
395 75601624095871548668
396 80539497192659740323
397 85793162317076715486
398 91382395519672119974
399 97328185634379994571
400 103652807116884288896
401 110379897168625330822
402 117534537391279273143
403 125143340234619152412
404 133234540511103617993
405 141838092270452273053
406 150985771339311390655
407 160711283853053412384
408 171050381120177359625
409 182040981183953286619
410 193723297461145604399
411 206139974864296794781
412 219336233831222230483
413 233360022714741077827
414 248262179005051026795
415 264096599889539214565
416 280920422676678450109
417 298794215646368326113
418 317782179913699990670
419 337952362932505924329
420 359376884292761560649
421 382132174509341585908
422 406299227530782949869
423 431963867744620664715
424 459217032290851086454
425 488155069547935884604
426 518880054695030935703
427 551500123312441167892
428 586129824026344743826
429 622890491268176271135
430 661910639268413530800
431 703326378475515889178
432 747281855646034005712
433 793929718930263273703
434 843431609339668424418
435 895958680068776665023
436 951692145213412951679
437 1010823859522582570324
438 1073556930898625649539
439 1140106367465591946906
440 1210699761112154082416
441 1285578009531624968649
442 1364996078878068370889
443 1449223809285797870670
444 1538546765607151516337
445 1633267135865044988157
446 1733704680036797835761
447 1840197731942036954342
448 1953104257141233057696
449 2072802969923953263650
450 2199694512614934681650
451 2334202700616507605490
452 2476775836771855009719
453 2627888098843772323397
454 2788041004088326038982
455 2957764955134784079947
456 3137620871588742347545
457 3328201912031394278579
458 3530135291316508967208
459 3744084198349242036340
460 3970749819785073381905
461 4210873475398998573986
462 4465238871157572773961
463 4734674476370527768432
464 5020056031612489754719
465 5322309194485066391324
466 5642412330638059681868
467 5981399457887585114417
468 6340363351655747991030
469 6720458820418868589507
470 7122906160280580064667
471 7548994798296232478084
472 8000087134651328577948
473 8477622594359492693541
474 8983121899673697323099
475 9518191575025304585224
476 10084528696891110184899
477 10683925901673412037825
478 11318276665327199066408
479 11989580869223930873640
480 12699950667460559111645
481 13451616671655552237236
482 14246934470070310469416
483 15088391498813134118871
484 15978614283765062207165
485 16920376072880059905220
486 17916604879488633316232
487 18970391958351088662745
488 20085000737287515146993
489 21263876228443250949639
490 22510654944444523869304
491 23829175346056794102527
492 25223488849281241919466
493 26697871421321605872598
494 28256835796316583678771
495 29905144343382756117531
496 31647822621130517098718
497 33490173654633676990184
498 35437792972621335054191
499 37496584444664219955754
500 39672776960103507417379
501 41972941992677831412406
502 44404012096987118740282
503 46973300385364217029563
504 49688521036136462342783
505 52557810886938863004828
506 55589752169403276137570
507 58793396444499478207582
508 62178289800743828051923
509 65754499380741982705594
510 69532641304777154242704
511 73523910063735318361004
512 77740109457239958459486
513 82193685156810899406864
514 86897758977813075248926
515 91866164948301201568701
516 97113487267225080362677
517 102655100249238194298810
518 108507210358159495959850
519 114686900436397580767850
520 121212176242947233555965
521 128102015418356775941613
522 135376419000908509318959
523 143056465624624603651512
524 151164368536152077775658
525 159723535574589794511808
526 168758632265418800427009
527 178295648187409040448547
528 188361966779196540555133
529 198986438760708615575864
530 210199459353230310687444
531 222033049491236611103854
532 234520941228604132907506
533 247698667552078657519814
534 261603656825324224854826
535 276275332098165008087301
536 291755215527135769156260
537 308087038165865470650063
538 325316855396482681370662
539 343493168286873542805696
540 362667051172560997289806
541 382892285776970148556027
542 404225502199181857126625
543 426726327114759213292118
544 450457539552105583430473
545 475485234624926862576893
546 501878995619932245545047
547 529712074858812094930734
548 559061583773946081305575
549 590008692659163556407451
550 622638840579326790468351
551 657041955946531841411511
552 693312688295403126540263
553 731550651816346303777817
554 771860681232755548364939
555 814353100637153269237539
556 859144005931060287246670
557 906355561545220685287008
558 956116312149575118044384
559 1008561510097321431671791
560 1063833459383406569387746
561 1122081876936158437437753
562 1183464272100320212756249
563 1248146345211863156136703
564 1316302406208399392308877
565 1388115814265238988512447
566 1463779439494848043956084
567 1543496147798191174477683
568 1627479310008832054480004
569 1715953336526327872461257
570 1809154238692971526648837
571 1907330218229005497961225
572 2010742286104569208953671
573 2119664912293636601909708
574 2234386707924497010568199
575 2355211141414817574805324
576 2482457290255369541367625
577 2616460630187094694965098
578 2757573863599624607711656
579 2906167789067744497909271
580 3062632214033827315357331
581 3227376912741167702941571
582 3400832631623547799036819
583 3583452144462604622956706
584 3775711359734682752482983
585 3978110482685311848063158
586 4191175234790196055223287
587 4415458133389242886257918
588 4651539834412548017203839
589 4900030541257134278617697
590 5161571483018374920883407
591 5436836465433309094090049
592 5726533498052136217065021
593 6031406501322111583096804
594 6352237097442406969707611
595 6689846489032472139268546
596 7045097429847474841826733
597 7418896291975911694536163
598 7812195234163794945693207
599 8225994476130522778671234
600 8661344683970840126941234
601 9119349471978984435494856
602 9601168026482270798418595
603 10108017857536005659900467
604 10641177684606685526179454
605 11201990462660162064528874
606 11791866555372664396992738
607 12412287062499724111300090
608 13064807308767840223357254
609 13751060502000860050237731
610 14472761568554089807617211
611 15231711174509059516722932
612 16029799941477058702729699
613 16869012866275285113790494
614 17751433954171968378344669
615 18679251075851692100194464
616 19654761058725448897119968
617 20680375023707583887573262
618 21758623979099663892048051
619 22892164683765643510954713
620 24083785792349275257864858
621 25336414295880070764305767
622 26653122271733888734226328
623 28037133957565315692785207
624 29491833164506873807926883
625 31020771045642042082990258
626 32627674236500396772118629
627 34316453385101586381635358
628 36091212089885463748293347
629 37956256264716666431069883
630 39916103951038195395739378
631 41975495598178722624268857
632 44139404833787207180631281
633 46413049747385044510712417
634 48801904711084976893448399
635 51311712762637008501530934
636 53948498577118971152750009
637 56718582054803389263145130
638 59628592553997081106448144
639 62685483798976313338310618
640 65896549494522293615559358
641 69269439680010776025244377
642 72812177857519372733952251
643 76533178929998914185460648
644 80441267987204496672129582
645 84545699978810510372586692
646 88856180315935381834663640
647 93382886444189555615707938
648 98136490433327622883534883
649 103128182630646843255925427
650 108369696427422659575609127
651 113873334189922386726916222
652 119651994408883945730639802
653 125719200123803430036983343
654 132089128680936139854126272
655 138776642886597580026679922
656 145797323620146329491633799
657 153167503973957755039295938
658 160904304990748644074428222
659 169025673071807156962935279
660 177550419133012288265330229
661 186498259589012621083003926
662 195889859249567665670645443
663 205746876215858067103905035
664 216092008868535434623961711
665 226949045043431373280545006
666 238342913495170373574997945
667 250299737753456819092627430
668 262846892481524312688129485
669 276013062451171568171109868
670 289828304253955017114316028
671 304324110873491394119695446
672 319533479249435609602937434
673 335490980969569240907168207
674 352232836232554692888115378
675 369796991230310343151736878
676 388223199105634553593732014
677 407553104647684065016931350
678 427830332895186829902832134
679 449100581824875595009710159
680 471411719310558475576005939
681 494813884546533367950960241
682 519359594137696453075206742
683 545103853067730584608470134
684 572104270766179384962023999
685 600421182505059216325649419
686 630117776365926494197254740
687 661260226029046554444275135
688 693917829647495473377679793
689 728163155080715202097453213
690 764072191774228551173177908
691 801724509584954313773943091
692 841203424864838109530566422
693 882596174129384976391459838
694 925994095652139919564052633
695 971492819341269622627702083
696 1019192465270147650343841352
697 1069197851250297511089903515
698 1121618709852199060549562045
699 1176569915297378668831281117
700 1234171720663879479322500117
701 1294550005866713953933528776
702 1357836536895234986774514286
703 1424169236810597710894494980
704 1493692469028621263265647300
705 1566557333436476604485617125
706 1642921975915724011459149479
707 1722951911869385668033273053
708 1806820364376967520408095651
709 1894708617628729404583225834
710 1986806386319047905889178679
711 2083312201708517603766228613
712 2184433815095499898653808283
713 2290388619470256029977247480
714 2401404090158601138124097770
715 2517718245297297662564281575
716 2639580127020180601219241717
717 2767250304272389883001982238
718 2901001398210090867132063523
719 3041118631184816344238823775
720 3187900400355080197058397280
721 3341658877013326078652803873
722 3502720632763605556288338635
723 3671427293734770186410777752
724 3848136224065436458270659319
725 4033221239950692205151285194
726 4227073355596487958135474575
727 4430101562486057944333125890
728 4642733643423578016519716382
729 4865417022883764041371293783
730 5098619655262284684972168928
731 5342830952690891391682094445
732 5598562754153102257547095970
733 5866350337711312581467471847
734 6146753477734396453581745731
735 6440357549096421739425308401
736 6747774680402085958379324828
737 7069644958383118580961918401
738 7406637685702255048534057496
739 7759452694497711005667273148
740 8128821718101449661424731223
741 8515509823469199602645382598
742 8920316906969232453297116657
743 9344079256290626605216045138
744 9787671181350223338965060000
745 10252006717201021822599198280
746 10738041402073470094383524576
747 11246774133815308201997127331
748 11779249108135430574521834962
749 12336557842202998210327229600
750 12919841287304885023863469475
751 13530292034422851940055241284
752 14169156616756760322415798660
753 14837737913392054601727192560
754 15537397658488832888621515347
755 16269559060556503709195920577
756 17035709536572485836379377950
757 17837403565906096698948128901
758 18676265669219902497657428274
759 19553993517740852822816670932
760 20472361178522726022304805867
761 21433222501560286836788678947
762 22438514654864361030668577867
763 23490261813866318720878166754
764 24590579011790511554801836507
765 25741676157914625281380563867
766 26945862230931000303600080859
767 28205549654927378690711310009
768 29523258865823600183889353561
769 30901623076432179181255951946
770 32343393248655827307806461111
771 33851443281694579798544772837
772 35428775425509653847434371859
773 37078525929181305583240975753
774 38803970934204215589381621365
775 40608532623187171753874566015
776 42495785634864533363703388395
777 44469463756786065650111338395
778 46533466907529778493980068031
779 48691868420780368458711428524
780 50948922644134351424561070529
781 53309072866033038606725848495
782 55776959584786810588627570165
783 58357429134239815522221491027
784 61055542681233980002396247400
785 63876585610666292218863449470
786 66826077314594485607137899762
787 69909781402534826300160664265
788 73133716350812551460432299063
789 76504166609572024980859413172
790 80027694186830814089023200272
791 83711150729771157493386284872
792 87561690124304721487729698659
793 91586781634823750858151129692
794 95794223606964839138885187562
795 100192157757162315966798947412
796 104789084073757902619626421598
797 109593876355463700134688981341
798 114615798414048082984017850583
799 119864520969230696673502238405
800 125350139264934955150572222455
801 131083191437256377655029134434
802 137074677665764380081844853971
803 143336080141066081414925363458
804 149879383882925027865830648996
805 156717098444647991244285743381
806 163862280540931043230992846986
807 171328557637894649282206651482
808 179130152545638609983155651925
809 187281909055314214495678125492
810 195799318664445184917249883057
811 204698548436034013379219801019
812 213996470038868544575071069737
813 223710690018398504352933838002
814 233859581349585749568481831866
815 244462316325248940789705426021
816 255538900835625975145096568085
817 267110210097169762465157960764
818 279198025890977888090820124471
819 291825075373738577968881869172
820 305015071526657537164860739202
821 318792755310517188951436954884
822 333183939597815258370542811833
823 348215554955838383005136904557
824 363915697357552467446514107620
825 380313677900340058545510929370
826 397440074615890416963105196391
827 415326786457955827734139946370
828 434007089558232705225662934490
829 453515695844314266585974372164
830 473888814117498044719432692389
831 495164213692222810169416052392
832 517381290703061070801595463705
833 540581137189512240145588614827
834 564806613073333771640286397749
835 590102421147820604453387444174
836 616515185203303618550566201863
837 644093531418193587354803373349
838 672888173150155347077154745332
839 702951999267466329449241221412
840 734340166166301813901381107162
841 767110193625605672457731905762
842 801322064657358220736504190215
843 837038329516452198424151503630
844 874324214041042778173012898200
845 913247732501158765979861571470
846 953879805140559439731990871794
847 996294380604306534069171663893
848 1040568563452304144011482242491
849 1086782746967153444605678436223
850 1135020751473085391495203857223
851 1185369968391486603672752336898
852 1237921510267633642683136899885
853 1292770367012713560322531718708
854 1350015568615047096559645741513
855 1409760354584661061075185000618
856 1472112350405992511063651092330
857 1537183751284566342607261049597
858 1605091513484985292483113916128
859 1675957553569525399575812259224
860 1749908955859057405533144010544
861 1827078188450935080123312553821
862 1907603328141923098402068439026
863 1991628294618201077634924773475
864 2079303094288996224310598633062
865 2170784074155487569959857391157
866 2266234186122311088174741312767
867 2365823262175301653345427972184
868 2469728300866057624364912269760
869 2578133765561533260732851643355
870 2691231894935177838584256116890
871 2809223026195176697755074075729
872 2932315931565135130532149871781
873 3060728168553111660402222562056
874 3194686444566281600071753581372
875 3334426996450727804551084992372
876 3480195985558944291613319765223
877 3632249908971635388783809921146
878 3790856027525331806215656967142
879 3956292811323263738149952187479
880 4128850403433865956783043731319
881 4308831102509282006339102094159
882 4496549865085323105981916523879
883 4692334828354566489562866105040
884 4896527854235689825075696283861
885 5109485095594780703311879018306
886 5331577585508278484163106621692
887 5563191850492451306983179630949
888 5804730548660932931510494809310
889 6056613133809897450275955293984
890 6319276546469987806430460289079
891 6593175933005195836005494850416
892 6878785393881574415900562502339
893 7176598762273010131063885033670
894 7487130414217359364877805546499
895 7810916111584120619326368513174
896 8148513879164547724827426430480
897 8500504917246776385616878548890
898 8867494551092211987340633239725
899 9250113218785189374166894432924
900 9649017498985842769986148950824
901 10064891180176301824770263316254
902 10498446373052841355857492571731
903 10950424667781549881071515573456
904 11421598337902535469443566371455
905 11912771592737755915876428462255
906 12424781880230340761022912874563
907 12958501242218871897347308034018
908 13514837724228611965418707098026
909 14094736841943230207697755015326
910 14699183106605286581887743850081
911 15329201611681720193518123603888
912 15985859683221968912294915950673
913 16670268596431256187845260025686
914 17383585361080149421967881651437
915 18127014578473864635010857269002
916 18901810372811105563945673553901
917 19709278399872635401461465956576
918 20550777936094438015798698004044
919 21427724051199397946192536361615
920 22341589867685078369678941428365
921 23293908910593581331590529676173
922 24286277551122811068932154088097
923 25320357547776920401363916999939
924 26397878688897491742761320386471
925 27520641540566293887837931084246
926 28690520304025467783571363821774
927 29909465786921950094951100820177
928 31179508492850062659160941247073
929 32502761833839716640437341432879
930 33881425470617839385045847852449
931 35317788785657685281945206180482
932 36814234494224894563981784668285
933 38373242398830790822823806130759
934 39997393292712733799068627024014
935 41689373018178664302472838123674
936 43451976685878588662603030726911
937 45288113061299968671271887444443
938 47200809125027127885215738525298
939 49193214813557198035184152286894
940 51268607947727152744669868334049
941 53430399356078477057000780856496
942 55682138200768369110428763146340
943 58027517513929459484865177697898
944 60470379952684261030432472790795
945 63014723781336351757211928651230
946 65664709089588072527479062090541
947 68424664255974746002882161879950
948 71299092666058552872789981858342
949 74292679695291726113958761573074
950 77410299966839138040937888626324
951 80657024895045185146878861485830
952 84038130525639653758889149613693
953 87559105684202541656505627024239
954 91225660444849188784461971330429
955 95043734931555142627756599142464
956 99019508465015565662602274177883
957 103159409068427337550417984543798
958 107470123346093974764954129471127
959 111958606749284787888169769378429
960 116632094244331033092411398829539
961 121498111398513944447105664035952
962 126564485899893222411504830455515
963 131839359527840612509490982699220
964 137331200591682459009943878752802
965 143048816855518433109199446486552
966 149001368967971897688052454796346
967 155198384416341517629894559445240
968 161649772025364706339864689356037
969 168365837021572321476861382430339
970 175357296685011707646297242209249
971 182635296610942811532504918714678
972 190211427604970763823208733811855
973 198097743235969193054457466848274
974 206306778072072789472515995603612
975 214851566625976518933257522318362
976 223745663036773666221213237073444
977 233003161516596903037532014893860
978 242638717591397191441301000928113
979 252667570166305986860125728269859
980 263105564447178360716801791149594
981 273969175751109865682394443994472
982 285275534239959790469761111759879
983 297042450612199554431562676749895
984 309288442789739066039397164202947
985 322032763637767694503643223830637
986 335295429757081897054839966652645
987 349097251389860417985919404372197
988 363459863481392281053039672774425
989 378405757941864587394192746666442
990 393958317153978503114163546025342
991 410141848773884978411024770650369
992 426981621874718935289629683865846
993 444503904483864259997265649942868
994 462736002567004357715118362288983
995 481706300514006811179779033444973
996 501444303183758429021876025677409
997 521980679567211400722643619271430
998 543347308130125182307200527066159
999 565577323899295047384026268971714
1000 588705167358449946848906713603964
