0 2
1 1
2 3
3 1
4 5
5 1
6 9
7 1
8 17
9 1
10 33
11 1
12 65
13 1
14 129
15 1
16 257
17 1
18 513
19 1
20 1025
21 1
22 2049
23 1
24 4097
25 1
26 8193
27 1
28 16385
29 1
30 32769
31 1
32 65537
33 1
34 131073
35 1
36 262145
37 1
38 524289
39 1
40 1048577
41 1
42 2097153
43 1
44 4194305
45 1
46 8388609
47 1
48 16777217
49 1
50 33554433
51 1
52 67108865
53 1
54 134217729
55 1
56 268435457
57 1
58 536870913
59 1
60 1073741825
61 1
62 2147483649
63 1
64 4294967297
65 1
66 8589934593
67 1
68 17179869185
69 1
70 34359738369
71 1
72 68719476737
73 1
74 137438953473
75 1
76 274877906945
77 1
78 549755813889
79 1
80 1099511627777
81 1
82 2199023255553
83 1
84 4398046511105
85 1
86 8796093022209
87 1
88 17592186044417
89 1
90 35184372088833
91 1
92 70368744177665
93 1
94 140737488355329
95 1
96 281474976710657
97 1
98 562949953421313
99 1
100 1125899906842625
101 1
102 2251799813685249
103 1
104 4503599627370497
105 1
106 9007199254740993
107 1
108 18014398509481985
109 1
110 36028797018963969
111 1
112 72057594037927937
113 1
114 144115188075855873
115 1
116 288230376151711745
117 1
118 576460752303423489
119 1
120 1152921504606846977
121 1
122 2305843009213693953
123 1
124 4611686018427387905
125 1
126 9223372036854775809
127 1
128 18446744073709551617
129 1
130 36893488147419103233
131 1
132 73786976294838206465
133 1
134 147573952589676412929
135 1
136 295147905179352825857
137 1
138 590295810358705651713
139 1
140 1180591620717411303425
141 1
142 2361183241434822606849
143 1
144 4722366482869645213697
145 1
146 9444732965739290427393
147 1
148 18889465931478580854785
149 1
150 37778931862957161709569
151 1
152 75557863725914323419137
153 1
154 151115727451828646838273
155 1
156 302231454903657293676545
157 1
158 604462909807314587353089
159 1
160 1208925819614629174706177
161 1
162 2417851639229258349412353
163 1
164 4835703278458516698824705
165 1
166 9671406556917033397649409
167 1
168 19342813113834066795298817
169 1
170 38685626227668133590597633
171 1
172 77371252455336267181195265
173 1
174 154742504910672534362390529
175 1
176 309485009821345068724781057
177 1
178 618970019642690137449562113
179 1
180 1237940039285380274899124225
181 1
182 2475880078570760549798248449
183 1
184 4951760157141521099596496897
185 1
186 9903520314283042199192993793
187 1
188 19807040628566084398385987585
189 1
190 39614081257132168796771975169
191 1
192 79228162514264337593543950337
193 1
194 158456325028528675187087900673
195 1
196 316912650057057350374175801345
197 1
198 633825300114114700748351602689
199 1
200 1267650600228229401496703205377
201 1
202 2535301200456458802993406410753
203 1
204 5070602400912917605986812821505
205 1
206 10141204801825835211973625643009
207 1
208 20282409603651670423947251286017
209 1
210 40564819207303340847894502572033
211 1
212 81129638414606681695789005144065
213 1
214 162259276829213363391578010288129
215 1
216 324518553658426726783156020576257
217 1
218 649037107316853453566312041152513
219 1
220 1298074214633706907132624082305025
221 1
222 2596148429267413814265248164610049
223 1
224 5192296858534827628530496329220097
225 1
226 10384593717069655257060992658440193
227 1
228 20769187434139310514121985316880385
229 1
230 41538374868278621028243970633760769
231 1
232 83076749736557242056487941267521537
233 1
234 166153499473114484112975882535043073
235 1
236 332306998946228968225951765070086145
237 1
238 664613997892457936451903530140172289
239 1
240 1329227995784915872903807060280344577
241 1
242 2658455991569831745807614120560689153
243 1
244 5316911983139663491615228241121378305
245 1
246 10633823966279326983230456482242756609
247 1
248 21267647932558653966460912964485513217
249 1
250 42535295865117307932921825928971026433
251 1
252 85070591730234615865843651857942052865
253 1
254 170141183460469231731687303715884105729
255 1
256 340282366920938463463374607431768211457
257 1
258 680564733841876926926749214863536422913
259 1
260 1361129467683753853853498429727072845825
261 1
262 2722258935367507707706996859454145691649
263 1
264 5444517870735015415413993718908291383297
265 1
266 10889035741470030830827987437816582766593
267 1
268 21778071482940061661655974875633165533185
269 1
270 43556142965880123323311949751266331066369
271 1
272 87112285931760246646623899502532662132737
273 1
274 174224571863520493293247799005065324265473
275 1
276 348449143727040986586495598010130648530945
277 1
278 696898287454081973172991196020261297061889
279 1
280 1393796574908163946345982392040522594123777
281 1
282 2787593149816327892691964784081045188247553
283 1
284 5575186299632655785383929568162090376495105
285 1
286 11150372599265311570767859136324180752990209
287 1
288 22300745198530623141535718272648361505980417
289 1
290 44601490397061246283071436545296723011960833
291 1
292 89202980794122492566142873090593446023921665
293 1
294 178405961588244985132285746181186892047843329
295 1
296 356811923176489970264571492362373784095686657
297 1
298 713623846352979940529142984724747568191373313
299 1
300 1427247692705959881058285969449495136382746625
301 1
302 2854495385411919762116571938898990272765493249
303 1
304 5708990770823839524233143877797980545530986497
305 1
306 11417981541647679048466287755595961091061972993
307 1
308 22835963083295358096932575511191922182123945985
309 1
310 45671926166590716193865151022383844364247891969
311 1
312 91343852333181432387730302044767688728495783937
313 1
314 182687704666362864775460604089535377456991567873
315 1
316 365375409332725729550921208179070754913983135745
317 1
318 730750818665451459101842416358141509827966271489
319 1
320 1461501637330902918203684832716283019655932542977
321 1
322 2923003274661805836407369665432566039311865085953
323 1
324 5846006549323611672814739330865132078623730171905
325 1
326 11692013098647223345629478661730264157247460343809
327 1
328 23384026197294446691258957323460528314494920687617
329 1
330 46768052394588893382517914646921056628989841375233
331 1
332 93536104789177786765035829293842113257979682750465
333 1
334 187072209578355573530071658587684226515959365500929
335 1
336 374144419156711147060143317175368453031918731001857
337 1
338 748288838313422294120286634350736906063837462003713
339 1
340 1496577676626844588240573268701473812127674924007425
341 1
342 2993155353253689176481146537402947624255349848014849
343 1
344 5986310706507378352962293074805895248510699696029697
345 1
346 11972621413014756705924586149611790497021399392059393
347 1
348 23945242826029513411849172299223580994042798784118785
349 1
350 47890485652059026823698344598447161988085597568237569
351 1
352 95780971304118053647396689196894323976171195136475137
353 1
354 191561942608236107294793378393788647952342390272950273
355 1
356 383123885216472214589586756787577295904684780545900545
357 1
358 766247770432944429179173513575154591809369561091801089
359 1
360 1532495540865888858358347027150309183618739122183602177
361 1
362 3064991081731777716716694054300618367237478244367204353
363 1
364 6129982163463555433433388108601236734474956488734408705
365 1
366 12259964326927110866866776217202473468949912977468817409
367 1
368 24519928653854221733733552434404946937899825954937634817
369 1
370 49039857307708443467467104868809893875799651909875269633
371 1
372 98079714615416886934934209737619787751599303819750539265
373 1
374 196159429230833773869868419475239575503198607639501078529
375 1
376 392318858461667547739736838950479151006397215279002157057
377 1
378 784637716923335095479473677900958302012794430558004314113
379 1
380 1569275433846670190958947355801916604025588861116008628225
381 1
382 3138550867693340381917894711603833208051177722232017256449
383 1
384 6277101735386680763835789423207666416102355444464034512897
385 1
386 12554203470773361527671578846415332832204710888928069025793
387 1
388 25108406941546723055343157692830665664409421777856138051585
389 1
390 50216813883093446110686315385661331328818843555712276103169
391 1
392 100433627766186892221372630771322662657637687111424552206337
393 1
394 200867255532373784442745261542645325315275374222849104412673
395 1
396 401734511064747568885490523085290650630550748445698208825345
397 1
398 803469022129495137770981046170581301261101496891396417650689
399 1
400 1606938044258990275541962092341162602522202993782792835301377
401 1
402 3213876088517980551083924184682325205044405987565585670602753
403 1
404 6427752177035961102167848369364650410088811975131171341205505
405 1
406 12855504354071922204335696738729300820177623950262342682411009
407 1
408 25711008708143844408671393477458601640355247900524685364822017
409 1
410 51422017416287688817342786954917203280710495801049370729644033
411 1
412 102844034832575377634685573909834406561420991602098741459288065
413 1
414 205688069665150755269371147819668813122841983204197482918576129
415 1
416 411376139330301510538742295639337626245683966408394965837152257
417 1
418 822752278660603021077484591278675252491367932816789931674304513
419 1
420 1645504557321206042154969182557350504982735865633579863348609025
421 1
422 3291009114642412084309938365114701009965471731267159726697218049
423 1
424 6582018229284824168619876730229402019930943462534319453394436097
425 1
426 13164036458569648337239753460458804039861886925068638906788872193
427 1
428 26328072917139296674479506920917608079723773850137277813577744385
429 1
430 52656145834278593348959013841835216159447547700274555627155488769
431 1
432 105312291668557186697918027683670432318895095400549111254310977537
433 1
434 210624583337114373395836055367340864637790190801098222508621955073
435 1
436 421249166674228746791672110734681729275580381602196445017243910145
437 1
438 842498333348457493583344221469363458551160763204392890034487820289
439 1
440 1684996666696914987166688442938726917102321526408785780068975640577
441 1
442 3369993333393829974333376885877453834204643052817571560137951281153
443 1
444 6739986666787659948666753771754907668409286105635143120275902562305
445 1
446 13479973333575319897333507543509815336818572211270286240551805124609
447 1
448 26959946667150639794667015087019630673637144422540572481103610249217
449 1
450 53919893334301279589334030174039261347274288845081144962207220498433
451 1
452 107839786668602559178668060348078522694548577690162289924414440996865
453 1
454 215679573337205118357336120696157045389097155380324579848828881993729
455 1
456 431359146674410236714672241392314090778194310760649159697657763987457
457 1
458 862718293348820473429344482784628181556388621521298319395315527974913
459 1
460 1725436586697640946858688965569256363112777243042596638790631055949825
461 1
462 3450873173395281893717377931138512726225554486085193277581262111899649
463 1
464 6901746346790563787434755862277025452451108972170386555162524223799297
465 1
466 13803492693581127574869511724554050904902217944340773110325048447598593
467 1
468 27606985387162255149739023449108101809804435888681546220650096895197185
469 1
470 55213970774324510299478046898216203619608871777363092441300193790394369
471 1
472 110427941548649020598956093796432407239217743554726184882600387580788737
473 1
474 220855883097298041197912187592864814478435487109452369765200775161577473
475 1
476 441711766194596082395824375185729628956870974218904739530401550323154945
477 1
478 883423532389192164791648750371459257913741948437809479060803100646309889
479 1
480 1766847064778384329583297500742918515827483896875618958121606201292619777
481 1
482 3533694129556768659166595001485837031654967793751237916243212402585239553
483 1
484 7067388259113537318333190002971674063309935587502475832486424805170479105
485 1
486 14134776518227074636666380005943348126619871175004951664972849610340958209
487 1
488 28269553036454149273332760011886696253239742350009903329945699220681916417
489 1
490 56539106072908298546665520023773392506479484700019806659891398441363832833
491 1
492 113078212145816597093331040047546785012958969400039613319782796882727665665
493 1
494 226156424291633194186662080095093570025917938800079226639565593765455331329
495 1
496 452312848583266388373324160190187140051835877600158453279131187530910662657
497 1
498 904625697166532776746648320380374280103671755200316906558262375061821325313
499 1
500 1809251394333065553493296640760748560207343510400633813116524750123642650625
501 1
502 3618502788666131106986593281521497120414687020801267626233049500247285301249
503 1
504 7237005577332262213973186563042994240829374041602535252466099000494570602497
505 1
506 14474011154664524427946373126085988481658748083205070504932198000989141204993
507 1
508 28948022309329048855892746252171976963317496166410141009864396001978282409985
509 1
510 57896044618658097711785492504343953926634992332820282019728792003956564819969
511 1
512 115792089237316195423570985008687907853269984665640564039457584007913129639937
513 1
514 231584178474632390847141970017375815706539969331281128078915168015826259279873
515 1
516 463168356949264781694283940034751631413079938662562256157830336031652518559745
517 1
518 926336713898529563388567880069503262826159877325124512315660672063305037119489
519 1
520 1852673427797059126777135760139006525652319754650249024631321344126610074238977
521 1
522 3705346855594118253554271520278013051304639509300498049262642688253220148477953
523 1
524 7410693711188236507108543040556026102609279018600996098525285376506440296955905
525 1
526 14821387422376473014217086081112052205218558037201992197050570753012880593911809
527 1
528 29642774844752946028434172162224104410437116074403984394101141506025761187823617
529 1
530 59285549689505892056868344324448208820874232148807968788202283012051522375647233
531 1
532 118571099379011784113736688648896417641748464297615937576404566024103044751294465
533 1
534 237142198758023568227473377297792835283496928595231875152809132048206089502588929
535 1
536 474284397516047136454946754595585670566993857190463750305618264096412179005177857
537 1
538 948568795032094272909893509191171341133987714380927500611236528192824358010355713
539 1
540 1897137590064188545819787018382342682267975428761855001222473056385648716020711425
541 1
542 3794275180128377091639574036764685364535950857523710002444946112771297432041422849
543 1
544 7588550360256754183279148073529370729071901715047420004889892225542594864082845697
545 1
546 15177100720513508366558296147058741458143803430094840009779784451085189728165691393
547 1
548 30354201441027016733116592294117482916287606860189680019559568902170379456331382785
549 1
550 60708402882054033466233184588234965832575213720379360039119137804340758912662765569
551 1
552 121416805764108066932466369176469931665150427440758720078238275608681517825325531137
553 1
554 242833611528216133864932738352939863330300854881517440156476551217363035650651062273
555 1
556 485667223056432267729865476705879726660601709763034880312953102434726071301302124545
557 1
558 971334446112864535459730953411759453321203419526069760625906204869452142602604249089
559 1
560 1942668892225729070919461906823518906642406839052139521251812409738904285205208498177
561 1
562 3885337784451458141838923813647037813284813678104279042503624819477808570410416996353
563 1
564 7770675568902916283677847627294075626569627356208558085007249638955617140820833992705
565 1
566 15541351137805832567355695254588151253139254712417116170014499277911234281641667985409
567 1
568 31082702275611665134711390509176302506278509424834232340028998555822468563283335970817
569 1
570 62165404551223330269422781018352605012557018849668464680057997111644937126566671941633
571 1
572 124330809102446660538845562036705210025114037699336929360115994223289874253133343883265
573 1
574 248661618204893321077691124073410420050228075398673858720231988446579748506266687766529
575 1
576 497323236409786642155382248146820840100456150797347717440463976893159497012533375533057
577 1
578 994646472819573284310764496293641680200912301594695434880927953786318994025066751066113
579 1
580 1989292945639146568621528992587283360401824603189390869761855907572637988050133502132225
581 1
582 3978585891278293137243057985174566720803649206378781739523711815145275976100267004264449
583 1
584 7957171782556586274486115970349133441607298412757563479047423630290551952200534008528897
585 1
586 15914343565113172548972231940698266883214596825515126958094847260581103904401068017057793
587 1
588 31828687130226345097944463881396533766429193651030253916189694521162207808802136034115585
589 1
590 63657374260452690195888927762793067532858387302060507832379389042324415617604272068231169
591 1
592 127314748520905380391777855525586135065716774604121015664758778084648831235208544136462337
593 1
594 254629497041810760783555711051172270131433549208242031329517556169297662470417088272924673
595 1
596 509258994083621521567111422102344540262867098416484062659035112338595324940834176545849345
597 1
598 1018517988167243043134222844204689080525734196832968125318070224677190649881668353091698689
599 1
600 2037035976334486086268445688409378161051468393665936250636140449354381299763336706183397377
601 1
602 4074071952668972172536891376818756322102936787331872501272280898708762599526673412366794753
603 1
604 8148143905337944345073782753637512644205873574663745002544561797417525199053346824733589505
605 1
606 16296287810675888690147565507275025288411747149327490005089123594835050398106693649467179009
607 1
608 32592575621351777380295131014550050576823494298654980010178247189670100796213387298934358017
609 1
610 65185151242703554760590262029100101153646988597309960020356494379340201592426774597868716033
611 1
612 130370302485407109521180524058200202307293977194619920040712988758680403184853549195737432065
613 1
614 260740604970814219042361048116400404614587954389239840081425977517360806369707098391474864129
615 1
616 521481209941628438084722096232800809229175908778479680162851955034721612739414196782949728257
617 1
618 1042962419883256876169444192465601618458351817556959360325703910069443225478828393565899456513
619 1
620 2085924839766513752338888384931203236916703635113918720651407820138886450957656787131798913025
621 1
622 4171849679533027504677776769862406473833407270227837441302815640277772901915313574263597826049
623 1
624 8343699359066055009355553539724812947666814540455674882605631280555545803830627148527195652097
625 1
626 16687398718132110018711107079449625895333629080911349765211262561111091607661254297054391304193
627 1
628 33374797436264220037422214158899251790667258161822699530422525122222183215322508594108782608385
629 1
630 66749594872528440074844428317798503581334516323645399060845050244444366430645017188217565216769
631 1
632 133499189745056880149688856635597007162669032647290798121690100488888732861290034376435130433537
633 1
634 266998379490113760299377713271194014325338065294581596243380200977777465722580068752870260867073
635 1
636 533996758980227520598755426542388028650676130589163192486760401955554931445160137505740521734145
637 1
638 1067993517960455041197510853084776057301352261178326384973520803911109862890320275011481043468289
639 1
640 2135987035920910082395021706169552114602704522356652769947041607822219725780640550022962086936577
641 1
642 4271974071841820164790043412339104229205409044713305539894083215644439451561281100045924173873153
643 1
644 8543948143683640329580086824678208458410818089426611079788166431288878903122562200091848347746305
645 1
646 17087896287367280659160173649356416916821636178853222159576332862577757806245124400183696695492609
647 1
648 34175792574734561318320347298712833833643272357706444319152665725155515612490248800367393390985217
649 1
650 68351585149469122636640694597425667667286544715412888638305331450311031224980497600734786781970433
651 1
652 136703170298938245273281389194851335334573089430825777276610662900622062449960995201469573563940865
653 1
654 273406340597876490546562778389702670669146178861651554553221325801244124899921990402939147127881729
655 1
656 546812681195752981093125556779405341338292357723303109106442651602488249799843980805878294255763457
657 1
658 1093625362391505962186251113558810682676584715446606218212885303204976499599687961611756588511526913
659 1
660 2187250724783011924372502227117621365353169430893212436425770606409952999199375923223513177023053825
661 1
662 4374501449566023848745004454235242730706338861786424872851541212819905998398751846447026354046107649
663 1
664 8749002899132047697490008908470485461412677723572849745703082425639811996797503692894052708092215297
665 1
666 17498005798264095394980017816940970922825355447145699491406164851279623993595007385788105416184430593
667 1
668 34996011596528190789960035633881941845650710894291398982812329702559247987190014771576210832368861185
669 1
670 69992023193056381579920071267763883691301421788582797965624659405118495974380029543152421664737722369
671 1
672 139984046386112763159840142535527767382602843577165595931249318810236991948760059086304843329475444737
673 1
674 279968092772225526319680285071055534765205687154331191862498637620473983897520118172609686658950889473
675 1
676 559936185544451052639360570142111069530411374308662383724997275240947967795040236345219373317901778945
677 1
678 1119872371088902105278721140284222139060822748617324767449994550481895935590080472690438746635803557889
679 1
680 2239744742177804210557442280568444278121645497234649534899989100963791871180160945380877493271607115777
681 1
682 4479489484355608421114884561136888556243290994469299069799978201927583742360321890761754986543214231553
683 1
684 8958978968711216842229769122273777112486581988938598139599956403855167484720643781523509973086428463105
685 1
686 17917957937422433684459538244547554224973163977877196279199912807710334969441287563047019946172856926209
687 1
688 35835915874844867368919076489095108449946327955754392558399825615420669938882575126094039892345713852417
689 1
690 71671831749689734737838152978190216899892655911508785116799651230841339877765150252188079784691427704833
691 1
692 143343663499379469475676305956380433799785311823017570233599302461682679755530300504376159569382855409665
693 1
694 286687326998758938951352611912760867599570623646035140467198604923365359511060601008752319138765710819329
695 1
696 573374653997517877902705223825521735199141247292070280934397209846730719022121202017504638277531421638657
697 1
698 1146749307995035755805410447651043470398282494584140561868794419693461438044242404035009276555062843277313
699 1
700 2293498615990071511610820895302086940796564989168281123737588839386922876088484808070018553110125686554625
701 1
702 4586997231980143023221641790604173881593129978336562247475177678773845752176969616140037106220251373109249
703 1
704 9173994463960286046443283581208347763186259956673124494950355357547691504353939232280074212440502746218497
705 1
706 18347988927920572092886567162416695526372519913346248989900710715095383008707878464560148424881005492436993
707 1
708 36695977855841144185773134324833391052745039826692497979801421430190766017415756929120296849762010984873985
709 1
710 73391955711682288371546268649666782105490079653384995959602842860381532034831513858240593699524021969747969
711 1
712 146783911423364576743092537299333564210980159306769991919205685720763064069663027716481187399048043939495937
713 1
714 293567822846729153486185074598667128421960318613539983838411371441526128139326055432962374798096087878991873
715 1
716 587135645693458306972370149197334256843920637227079967676822742883052256278652110865924749596192175757983745
717 1
718 1174271291386916613944740298394668513687841274454159935353645485766104512557304221731849499192384351515967489
719 1
720 2348542582773833227889480596789337027375682548908319870707290971532209025114608443463698998384768703031934977
721 1
722 4697085165547666455778961193578674054751365097816639741414581943064418050229216886927397996769537406063869953
723 1
724 9394170331095332911557922387157348109502730195633279482829163886128836100458433773854795993539074812127739905
725 1
726 18788340662190665823115844774314696219005460391266558965658327772257672200916867547709591987078149624255479809
727 1
728 37576681324381331646231689548629392438010920782533117931316655544515344401833735095419183974156299248510959617
729 1
730 75153362648762663292463379097258784876021841565066235862633311089030688803667470190838367948312598497021919233
731 1
732 150306725297525326584926758194517569752043683130132471725266622178061377607334940381676735896625196994043838465
733 1
734 300613450595050653169853516389035139504087366260264943450533244356122755214669880763353471793250393988087676929
735 1
736 601226901190101306339707032778070279008174732520529886901066488712245510429339761526706943586500787976175353857
737 1
738 1202453802380202612679414065556140558016349465041059773802132977424491020858679523053413887173001575952350707713
739 1
740 2404907604760405225358828131112281116032698930082119547604265954848982041717359046106827774346003151904701415425
741 1
742 4809815209520810450717656262224562232065397860164239095208531909697964083434718092213655548692006303809402830849
743 1
744 9619630419041620901435312524449124464130795720328478190417063819395928166869436184427311097384012607618805661697
745 1
746 19239260838083241802870625048898248928261591440656956380834127638791856333738872368854622194768025215237611323393
747 1
748 38478521676166483605741250097796497856523182881313912761668255277583712667477744737709244389536050430475222646785
749 1
750 76957043352332967211482500195592995713046365762627825523336510555167425334955489475418488779072100860950445293569
751 1
752 153914086704665934422965000391185991426092731525255651046673021110334850669910978950836977558144201721900890587137
753 1
754 307828173409331868845930000782371982852185463050511302093346042220669701339821957901673955116288403443801781174273
755 1
756 615656346818663737691860001564743965704370926101022604186692084441339402679643915803347910232576806887603562348545
757 1
758 1231312693637327475383720003129487931408741852202045208373384168882678805359287831606695820465153613775207124697089
759 1
760 2462625387274654950767440006258975862817483704404090416746768337765357610718575663213391640930307227550414249394177
761 1
762 4925250774549309901534880012517951725634967408808180833493536675530715221437151326426783281860614455100828498788353
763 1
764 9850501549098619803069760025035903451269934817616361666987073351061430442874302652853566563721228910201656997576705
765 1
766 19701003098197239606139520050071806902539869635232723333974146702122860885748605305707133127442457820403313995153409
767 1
768 39402006196394479212279040100143613805079739270465446667948293404245721771497210611414266254884915640806627990306817
769 1
770 78804012392788958424558080200287227610159478540930893335896586808491443542994421222828532509769831281613255980613633
771 1
772 157608024785577916849116160400574455220318957081861786671793173616982887085988842445657065019539662563226511961227265
773 1
774 315216049571155833698232320801148910440637914163723573343586347233965774171977684891314130039079325126453023922454529
775 1
776 630432099142311667396464641602297820881275828327447146687172694467931548343955369782628260078158650252906047844909057
777 1
778 1260864198284623334792929283204595641762551656654894293374345388935863096687910739565256520156317300505812095689818113
779 1
780 2521728396569246669585858566409191283525103313309788586748690777871726193375821479130513040312634601011624191379636225
781 1
782 5043456793138493339171717132818382567050206626619577173497381555743452386751642958261026080625269202023248382759272449
783 1
784 10086913586276986678343434265636765134100413253239154346994763111486904773503285916522052161250538404046496765518544897
785 1
786 20173827172553973356686868531273530268200826506478308693989526222973809547006571833044104322501076808092993531037089793
787 1
788 40347654345107946713373737062547060536401653012956617387979052445947619094013143666088208645002153616185987062074179585
789 1
790 80695308690215893426747474125094121072803306025913234775958104891895238188026287332176417290004307232371974124148359169
791 1
792 161390617380431786853494948250188242145606612051826469551916209783790476376052574664352834580008614464743948248296718337
793 1
794 322781234760863573706989896500376484291213224103652939103832419567580952752105149328705669160017228929487896496593436673
795 1
796 645562469521727147413979793000752968582426448207305878207664839135161905504210298657411338320034457858975792993186873345
797 1
798 1291124939043454294827959586001505937164852896414611756415329678270323811008420597314822676640068915717951585986373746689
799 1
800 2582249878086908589655919172003011874329705792829223512830659356540647622016841194629645353280137831435903171972747493377
801 1
802 5164499756173817179311838344006023748659411585658447025661318713081295244033682389259290706560275662871806343945494986753
803 1
804 10328999512347634358623676688012047497318823171316894051322637426162590488067364778518581413120551325743612687890989973505
805 1
806 20657999024695268717247353376024094994637646342633788102645274852325180976134729557037162826241102651487225375781979947009
807 1
808 41315998049390537434494706752048189989275292685267576205290549704650361952269459114074325652482205302974450751563959894017
809 1
810 82631996098781074868989413504096379978550585370535152410581099409300723904538918228148651304964410605948901503127919788033
811 1
812 165263992197562149737978827008192759957101170741070304821162198818601447809077836456297302609928821211897803006255839576065
813 1
814 330527984395124299475957654016385519914202341482140609642324397637202895618155672912594605219857642423795606012511679152129
815 1
816 661055968790248598951915308032771039828404682964281219284648795274405791236311345825189210439715284847591212025023358304257
817 1
818 1322111937580497197903830616065542079656809365928562438569297590548811582472622691650378420879430569695182424050046716608513
819 1
820 2644223875160994395807661232131084159313618731857124877138595181097623164945245383300756841758861139390364848100093433217025
821 1
822 5288447750321988791615322464262168318627237463714249754277190362195246329890490766601513683517722278780729696200186866434049
823 1
824 10576895500643977583230644928524336637254474927428499508554380724390492659780981533203027367035444557561459392400373732868097
825 1
826 21153791001287955166461289857048673274508949854856999017108761448780985319561963066406054734070889115122918784800747465736193
827 1
828 42307582002575910332922579714097346549017899709713998034217522897561970639123926132812109468141778230245837569601494931472385
829 1
830 84615164005151820665845159428194693098035799419427996068435045795123941278247852265624218936283556460491675139202989862944769
831 1
832 169230328010303641331690318856389386196071598838855992136870091590247882556495704531248437872567112920983350278405979725889537
833 1
834 338460656020607282663380637712778772392143197677711984273740183180495765112991409062496875745134225841966700556811959451779073
835 1
836 676921312041214565326761275425557544784286395355423968547480366360991530225982818124993751490268451683933401113623918903558145
837 1
838 1353842624082429130653522550851115089568572790710847937094960732721983060451965636249987502980536903367866802227247837807116289
839 1
840 2707685248164858261307045101702230179137145581421695874189921465443966120903931272499975005961073806735733604454495675614232577
841 1
842 5415370496329716522614090203404460358274291162843391748379842930887932241807862544999950011922147613471467208908991351228465153
843 1
844 10830740992659433045228180406808920716548582325686783496759685861775864483615725089999900023844295226942934417817982702456930305
845 1
846 21661481985318866090456360813617841433097164651373566993519371723551728967231450179999800047688590453885868835635965404913860609
847 1
848 43322963970637732180912721627235682866194329302747133987038743447103457934462900359999600095377180907771737671271930809827721217
849 1
850 86645927941275464361825443254471365732388658605494267974077486894206915868925800719999200190754361815543475342543861619655442433
851 1
852 173291855882550928723650886508942731464777317210988535948154973788413831737851601439998400381508723631086950685087723239310884865
853 1
854 346583711765101857447301773017885462929554634421977071896309947576827663475703202879996800763017447262173901370175446478621769729
855 1
856 693167423530203714894603546035770925859109268843954143792619895153655326951406405759993601526034894524347802740350892957243539457
857 1
858 1386334847060407429789207092071541851718218537687908287585239790307310653902812811519987203052069789048695605480701785914487078913
859 1
860 2772669694120814859578414184143083703436437075375816575170479580614621307805625623039974406104139578097391210961403571828974157825
861 1
862 5545339388241629719156828368286167406872874150751633150340959161229242615611251246079948812208279156194782421922807143657948315649
863 1
864 11090678776483259438313656736572334813745748301503266300681918322458485231222502492159897624416558312389564843845614287315896631297
865 1
866 22181357552966518876627313473144669627491496603006532601363836644916970462445004984319795248833116624779129687691228574631793262593
867 1
868 44362715105933037753254626946289339254982993206013065202727673289833940924890009968639590497666233249558259375382457149263586525185
869 1
870 88725430211866075506509253892578678509965986412026130405455346579667881849780019937279180995332466499116518750764914298527173050369
871 1
872 177450860423732151013018507785157357019931972824052260810910693159335763699560039874558361990664932998233037501529828597054346100737
873 1
874 354901720847464302026037015570314714039863945648104521621821386318671527399120079749116723981329865996466075003059657194108692201473
875 1
876 709803441694928604052074031140629428079727891296209043243642772637343054798240159498233447962659731992932150006119314388217384402945
877 1
878 1419606883389857208104148062281258856159455782592418086487285545274686109596480318996466895925319463985864300012238628776434768805889
879 1
880 2839213766779714416208296124562517712318911565184836172974571090549372219192960637992933791850638927971728600024477257552869537611777
881 1
882 5678427533559428832416592249125035424637823130369672345949142181098744438385921275985867583701277855943457200048954515105739075223553
883 1
884 11356855067118857664833184498250070849275646260739344691898284362197488876771842551971735167402555711886914400097909030211478150447105
885 1
886 22713710134237715329666368996500141698551292521478689383796568724394977753543685103943470334805111423773828800195818060422956300894209
887 1
888 45427420268475430659332737993000283397102585042957378767593137448789955507087370207886940669610222847547657600391636120845912601788417
889 1
890 90854840536950861318665475986000566794205170085914757535186274897579911014174740415773881339220445695095315200783272241691825203576833
891 1
892 181709681073901722637330951972001133588410340171829515070372549795159822028349480831547762678440891390190630401566544483383650407153665
893 1
894 363419362147803445274661903944002267176820680343659030140745099590319644056698961663095525356881782780381260803133088966767300814307329
895 1
896 726838724295606890549323807888004534353641360687318060281490199180639288113397923326191050713763565560762521606266177933534601628614657
897 1
898 1453677448591213781098647615776009068707282721374636120562980398361278576226795846652382101427527131121525043212532355867069203257229313
899 1
900 2907354897182427562197295231552018137414565442749272241125960796722557152453591693304764202855054262243050086425064711734138406514458625
901 1
902 5814709794364855124394590463104036274829130885498544482251921593445114304907183386609528405710108524486100172850129423468276813028917249
903 1
904 11629419588729710248789180926208072549658261770997088964503843186890228609814366773219056811420217048972200345700258846936553626057834497
905 1
906 23258839177459420497578361852416145099316523541994177929007686373780457219628733546438113622840434097944400691400517693873107252115668993
907 1
908 46517678354918840995156723704832290198633047083988355858015372747560914439257467092876227245680868195888801382801035387746214504231337985
909 1
910 93035356709837681990313447409664580397266094167976711716030745495121828878514934185752454491361736391777602765602070775492429008462675969
911 1
912 186070713419675363980626894819329160794532188335953423432061490990243657757029868371504908982723472783555205531204141550984858016925351937
913 1
914 372141426839350727961253789638658321589064376671906846864122981980487315514059736743009817965446945567110411062408283101969716033850703873
915 1
916 744282853678701455922507579277316643178128753343813693728245963960974631028119473486019635930893891134220822124816566203939432067701407745
917 1
918 1488565707357402911845015158554633286356257506687627387456491927921949262056238946972039271861787782268441644249633132407878864135402815489
919 1
920 2977131414714805823690030317109266572712515013375254774912983855843898524112477893944078543723575564536883288499266264815757728270805630977
921 1
922 5954262829429611647380060634218533145425030026750509549825967711687797048224955787888157087447151129073766576998532529631515456541611261953
923 1
924 11908525658859223294760121268437066290850060053501019099651935423375594096449911575776314174894302258147533153997065059263030913083222523905
925 1
926 23817051317718446589520242536874132581700120107002038199303870846751188192899823151552628349788604516295066307994130118526061826166445047809
927 1
928 47634102635436893179040485073748265163400240214004076398607741693502376385799646303105256699577209032590132615988260237052123652332890095617
929 1
930 95268205270873786358080970147496530326800480428008152797215483387004752771599292606210513399154418065180265231976520474104247304665780191233
931 1
932 190536410541747572716161940294993060653600960856016305594430966774009505543198585212421026798308836130360530463953040948208494609331560382465
933 1
934 381072821083495145432323880589986121307201921712032611188861933548019011086397170424842053596617672260721060927906081896416989218663120764929
935 1
936 762145642166990290864647761179972242614403843424065222377723867096038022172794340849684107193235344521442121855812163792833978437326241529857
937 1
938 1524291284333980581729295522359944485228807686848130444755447734192076044345588681699368214386470689042884243711624327585667956874652483059713
939 1
940 3048582568667961163458591044719888970457615373696260889510895468384152088691177363398736428772941378085768487423248655171335913749304966119425
941 1
942 6097165137335922326917182089439777940915230747392521779021790936768304177382354726797472857545882756171536974846497310342671827498609932238849
943 1
944 12194330274671844653834364178879555881830461494785043558043581873536608354764709453594945715091765512343073949692994620685343654997219864477697
945 1
946 24388660549343689307668728357759111763660922989570087116087163747073216709529418907189891430183531024686147899385989241370687309994439728955393
947 1
948 48777321098687378615337456715518223527321845979140174232174327494146433419058837814379782860367062049372295798771978482741374619988879457910785
949 1
950 97554642197374757230674913431036447054643691958280348464348654988292866838117675628759565720734124098744591597543956965482749239977758915821569
951 1
952 195109284394749514461349826862072894109287383916560696928697309976585733676235351257519131441468248197489183195087913930965498479955517831643137
953 1
954 390218568789499028922699653724145788218574767833121393857394619953171467352470702515038262882936496394978366390175827861930996959911035663286273
955 1
956 780437137578998057845399307448291576437149535666242787714789239906342934704941405030076525765872992789956732780351655723861993919822071326572545
957 1
958 1560874275157996115690798614896583152874299071332485575429578479812685869409882810060153051531745985579913465560703311447723987839644142653145089
959 1
960 3121748550315992231381597229793166305748598142664971150859156959625371738819765620120306103063491971159826931121406622895447975679288285306290177
961 1
962 6243497100631984462763194459586332611497196285329942301718313919250743477639531240240612206126983942319653862242813245790895951358576570612580353
963 1
964 12486994201263968925526388919172665222994392570659884603436627838501486955279062480481224412253967884639307724485626491581791902717153141225160705
965 1
966 24973988402527937851052777838345330445988785141319769206873255677002973910558124960962448824507935769278615448971252983163583805434306282450321409
967 1
968 49947976805055875702105555676690660891977570282639538413746511354005947821116249921924897649015871538557230897942505966327167610868612564900642817
969 1
970 99895953610111751404211111353381321783955140565279076827493022708011895642232499843849795298031743077114461795885011932654335221737225129801285633
971 1
972 199791907220223502808422222706762643567910281130558153654986045416023791284464999687699590596063486154228923591770023865308670443474450259602571265
973 1
974 399583814440447005616844445413525287135820562261116307309972090832047582568929999375399181192126972308457847183540047730617340886948900519205142529
975 1
976 799167628880894011233688890827050574271641124522232614619944181664095165137859998750798362384253944616915694367080095461234681773897801038410285057
977 1
978 1598335257761788022467377781654101148543282249044465229239888363328190330275719997501596724768507889233831388734160190922469363547795602076820570113
979 1
980 3196670515523576044934755563308202297086564498088930458479776726656380660551439995003193449537015778467662777468320381844938727095591204153641140225
981 1
982 6393341031047152089869511126616404594173128996177860916959553453312761321102879990006386899074031556935325554936640763689877454191182408307282280449
983 1
984 12786682062094304179739022253232809188346257992355721833919106906625522642205759980012773798148063113870651109873281527379754908382364816614564560897
985 1
986 25573364124188608359478044506465618376692515984711443667838213813251045284411519960025547596296126227741302219746563054759509816764729633229129121793
987 1
988 51146728248377216718956089012931236753385031969422887335676427626502090568823039920051095192592252455482604439493126109519019633529459266458258243585
989 1
990 102293456496754433437912178025862473506770063938845774671352855253004181137646079840102190385184504910965208878986252219038039267058918532916516487169
991 1
992 204586912993508866875824356051724947013540127877691549342705710506008362275292159680204380770369009821930417757972504438076078534117837065833032974337
993 1
994 409173825987017733751648712103449894027080255755383098685411421012016724550584319360408761540738019643860835515945008876152157068235674131666065948673
995 1
996 818347651974035467503297424206899788054160511510766197370822842024033449101168638720817523081476039287721671031890017752304314136471348263332131897345
997 1
998 1636695303948070935006594848413799576108321023021532394741645684048066898202337277441635046162952078575443342063780035504608628272942696526664263794689
999 1
1000 3273390607896141870013189696827599152216642046043064789483291368096133796404674554883270092325904157150886684127560071009217256545885393053328527589377
