0 0
1 13
2 26
3 39
4 52
5 65
6 78
7 91
8 104
9 117
10 130
11 143
12 156
13 169
14 182
15 195
16 208
17 221
18 234
19 247
20 260
21 273
22 286
23 299
24 312
25 325
26 338
27 351
28 364
29 377
30 390
31 403
32 416
33 429
34 442
35 455
36 468
37 481
38 494
39 507
40 520
41 533
42 546
43 559
44 572
45 585
46 598
47 611
48 624
49 637
50 650
51 663
52 676
53 689
54 702
55 715
56 728
57 741
58 754
59 767
60 780
61 793
62 806
63 819
64 832
65 845
66 858
67 871
68 884
69 897
70 910
71 923
72 936
73 949
74 962
75 975
76 988
77 1001
78 1014
79 1027
80 1040
81 1053
82 1066
83 1079
84 1092
85 1105
86 1118
87 1131
88 1144
89 1157
90 1170
91 1183
92 1196
93 1209
94 1222
95 1235
96 1248
97 1261
98 1274
99 1287
100 1300
101 1313
102 1326
103 1339
104 1352
105 1365
106 1378
107 1391
108 1404
109 1417
110 1430
111 1443
112 1456
113 1469
114 1482
115 1495
116 1508
117 1521
118 1534
119 1547
120 1560
121 1573
122 1586
123 1599
124 1612
125 1625
126 1638
127 1651
128 1664
129 1677
130 1690
131 1703
132 1716
133 1729
134 1742
135 1755
136 1768
137 1781
138 1794
139 1807
140 1820
141 1833
142 1846
143 1859
144 1872
145 1885
146 1898
147 1911
148 1924
149 1937
150 1950
151 1963
152 1976
153 1989
154 2002
155 2015
156 2028
157 2041
158 2054
159 2067
160 2080
161 2093
162 2106
163 2119
164 2132
165 2145
166 2158
167 2171
168 2184
169 2197
170 2210
171 2223
172 2236
173 2249
174 2262
175 2275
176 2288
177 2301
178 2314
179 2327
180 2340
181 2353
182 2366
183 2379
184 2392
185 2405
186 2418
187 2431
188 2444
189 2457
190 2470
191 2483
192 2496
193 2509
194 2522
195 2535
196 2548
197 2561
198 2574
199 2587
200 2600
201 2613
202 2626
203 2639
204 2652
205 2665
206 2678
207 2691
208 2704
209 2717
210 2730
211 2743
212 2756
213 2769
214 2782
215 2795
216 2808
217 2821
218 2834
219 2847
220 2860
221 2873
222 2886
223 2899
224 2912
225 2925
226 2938
227 2951
228 2964
229 2977
230 2990
231 3003
232 3016
233 3029
234 3042
235 3055
236 3068
237 3081
238 3094
239 3107
240 3120
241 3133
242 3146
243 3159
244 3172
245 3185
246 3198
247 3211
248 3224
249 3237
250 3250
251 3263
252 3276
253 3289
254 3302
255 3315
256 3328
257 3341
258 3354
259 3367
260 3380
261 3393
262 3406
263 3419
264 3432
265 3445
266 3458
267 3471
268 3484
269 3497
270 3510
271 3523
272 3536
273 3549
274 3562
275 3575
276 3588
277 3601
278 3614
279 3627
280 3640
281 3653
282 3666
283 3679
284 3692
285 3705
286 3718
287 3731
288 3744
289 3757
290 3770
291 3783
292 3796
293 3809
294 3822
295 3835
296 3848
297 3861
298 3874
299 3887
300 3900
301 3913
302 3926
303 3939
304 3952
305 3965
306 3978
307 3991
308 4004
309 4017
310 4030
311 4043
312 4056
313 4069
314 4082
315 4095
316 4108
317 4121
318 4134
319 4147
320 4160
321 4173
322 4186
323 4199
324 4212
325 4225
326 4238
327 4251
328 4264
329 4277
330 4290
331 4303
332 4316
333 4329
334 4342
335 4355
336 4368
337 4381
338 4394
339 4407
340 4420
341 4433
342 4446
343 4459
344 4472
345 4485
346 4498
347 4511
348 4524
349 4537
350 4550
351 4563
352 4576
353 4589
354 4602
355 4615
356 4628
357 4641
358 4654
359 4667
360 4680
361 4693
362 4706
363 4719
364 4732
365 4745
366 4758
367 4771
368 4784
369 4797
370 4810
371 4823
372 4836
373 4849
374 4862
375 4875
376 4888
377 4901
378 4914
379 4927
380 4940
381 4953
382 4966
383 4979
384 4992
385 5005
386 5018
387 5031
388 5044
389 5057
390 5070
391 5083
392 5096
393 5109
394 5122
395 5135
396 5148
397 5161
398 5174
399 5187
400 5200
401 5213
402 5226
403 5239
404 5252
405 5265
406 5278
407 5291
408 5304
409 5317
410 5330
411 5343
412 5356
413 5369
414 5382
415 5395
416 5408
417 5421
418 5434
419 5447
420 5460
421 5473
422 5486
423 5499
424 5512
425 5525
426 5538
427 5551
428 5564
429 5577
430 5590
431 5603
432 5616
433 5629
434 5642
435 5655
436 5668
437 5681
438 5694
439 5707
440 5720
441 5733
442 5746
443 5759
444 5772
445 5785
446 5798
447 5811
448 5824
449 5837
450 5850
451 5863
452 5876
453 5889
454 5902
455 5915
456 5928
457 5941
458 5954
459 5967
460 5980
461 5993
462 6006
463 6019
464 6032
465 6045
466 6058
467 6071
468 6084
469 6097
470 6110
471 6123
472 6136
473 6149
474 6162
475 6175
476 6188
477 6201
478 6214
479 6227
480 6240
481 6253
482 6266
483 6279
484 6292
485 6305
486 6318
487 6331
488 6344
489 6357
490 6370
491 6383
492 6396
493 6409
494 6422
495 6435
496 6448
497 6461
498 6474
499 6487
500 6500
501 6513
502 6526
503 6539
504 6552
505 6565
506 6578
507 6591
508 6604
509 6617
510 6630
511 6643
512 6656
513 6669
514 6682
515 6695
516 6708
517 6721
518 6734
519 6747
520 6760
521 6773
522 6786
523 6799
524 6812
525 6825
526 6838
527 6851
528 6864
529 6877
530 6890
531 6903
532 6916
533 6929
534 6942
535 6955
536 6968
537 6981
538 6994
539 7007
540 7020
541 7033
542 7046
543 7059
544 7072
545 7085
546 7098
547 7111
548 7124
549 7137
550 7150
551 7163
552 7176
553 7189
554 7202
555 7215
556 7228
557 7241
558 7254
559 7267
560 7280
561 7293
562 7306
563 7319
564 7332
565 7345
566 7358
567 7371
568 7384
569 7397
570 7410
571 7423
572 7436
573 7449
574 7462
575 7475
576 7488
577 7501
578 7514
579 7527
580 7540
581 7553
582 7566
583 7579
584 7592
585 7605
586 7618
587 7631
588 7644
589 7657
590 7670
591 7683
592 7696
593 7709
594 7722
595 7735
596 7748
597 7761
598 7774
599 7787
600 7800
601 7813
602 7826
603 7839
604 7852
605 7865
606 7878
607 7891
608 7904
609 7917
610 7930
611 7943
612 7956
613 7969
614 7982
615 7995
616 8008
617 8021
618 8034
619 8047
620 8060
621 8073
622 8086
623 8099
624 8112
625 8125
626 8138
627 8151
628 8164
629 8177
630 8190
631 8203
632 8216
633 8229
634 8242
635 8255
636 8268
637 8281
638 8294
639 8307
640 8320
641 8333
642 8346
643 8359
644 8372
645 8385
646 8398
647 8411
648 8424
649 8437
650 8450
651 8463
652 8476
653 8489
654 8502
655 8515
656 8528
657 8541
658 8554
659 8567
660 8580
661 8593
662 8606
663 8619
664 8632
665 8645
666 8658
667 8671
668 8684
669 8697
670 8710
671 8723
672 8736
673 8749
674 8762
675 8775
676 8788
677 8801
678 8814
679 8827
680 8840
681 8853
682 8866
683 8879
684 8892
685 8905
686 8918
687 8931
688 8944
689 8957
690 8970
691 8983
692 8996
693 9009
694 9022
695 9035
696 9048
697 9061
698 9074
699 9087
700 9100
701 9113
702 9126
703 9139
704 9152
705 9165
706 9178
707 9191
708 9204
709 9217
710 9230
711 9243
712 9256
713 9269
714 9282
715 9295
716 9308
717 9321
718 9334
719 9347
720 9360
721 9373
722 9386
723 9399
724 9412
725 9425
726 9438
727 9451
728 9464
729 9477
730 9490
731 9503
732 9516
733 9529
734 9542
735 9555
736 9568
737 9581
738 9594
739 9607
740 9620
741 9633
742 9646
743 9659
744 9672
745 9685
746 9698
747 9711
748 9724
749 9737
750 9750
751 9763
752 9776
753 9789
754 9802
755 9815
756 9828
757 9841
758 9854
759 9867
760 9880
761 9893
762 9906
763 9919
764 9932
765 9945
766 9958
767 9971
768 9984
769 9997
770 10010
771 10023
772 10036
773 10049
774 10062
775 10075
776 10088
777 10101
778 10114
779 10127
780 10140
781 10153
782 10166
783 10179
784 10192
785 10205
786 10218
787 10231
788 10244
789 10257
790 10270
791 10283
792 10296
793 10309
794 10322
795 10335
796 10348
797 10361
798 10374
799 10387
800 10400
801 10413
802 10426
803 10439
804 10452
805 10465
806 10478
807 10491
808 10504
809 10517
810 10530
811 10543
812 10556
813 10569
814 10582
815 10595
816 10608
817 10621
818 10634
819 10647
820 10660
821 10673
822 10686
823 10699
824 10712
825 10725
826 10738
827 10751
828 10764
829 10777
830 10790
831 10803
832 10816
833 10829
834 10842
835 10855
836 10868
837 10881
838 10894
839 10907
840 10920
841 10933
842 10946
843 10959
844 10972
845 10985
846 10998
847 11011
848 11024
849 11037
850 11050
851 11063
852 11076
853 11089
854 11102
855 11115
856 11128
857 11141
858 11154
859 11167
860 11180
861 11193
862 11206
863 11219
864 11232
865 11245
866 11258
867 11271
868 11284
869 11297
870 11310
871 11323
872 11336
873 11349
874 11362
875 11375
876 11388
877 11401
878 11414
879 11427
880 11440
881 11453
882 11466
883 11479
884 11492
885 11505
886 11518
887 11531
888 11544
889 11557
890 11570
891 11583
892 11596
893 11609
894 11622
895 11635
896 11648
897 11661
898 11674
899 11687
900 11700
901 11713
902 11726
903 11739
904 11752
905 11765
906 11778
907 11791
908 11804
909 11817
910 11830
911 11843
912 11856
913 11869
914 11882
915 11895
916 11908
917 11921
918 11934
919 11947
920 11960
921 11973
922 11986
923 11999
924 12012
925 12025
926 12038
927 12051
928 12064
929 12077
930 12090
931 12103
932 12116
933 12129
934 12142
935 12155
936 12168
937 12181
938 12194
939 12207
940 12220
941 12233
942 12246
943 12259
944 12272
945 12285
946 12298
947 12311
948 12324
949 12337
950 12350
951 12363
952 12376
953 12389
954 12402
955 12415
956 12428
957 12441
958 12454
959 12467
960 12480
961 12493
962 12506
963 12519
964 12532
965 12545
966 12558
967 12571
968 12584
969 12597
970 12610
971 12623
972 12636
973 12649
974 12662
975 12675
976 12688
977 12701
978 12714
979 12727
980 12740
981 12753
982 12766
983 12779
984 12792
985 12805
986 12818
987 12831
988 12844
989 12857
990 12870
991 12883
992 12896
993 12909
994 12922
995 12935
996 12948
997 12961
998 12974
999 12987
1000 13000
