0 1
1 5
2 12
3 22
4 35
5 51
6 70
7 92
8 117
9 145
10 176
11 210
12 247
13 287
14 330
15 376
16 425
17 477
18 532
19 590
20 651
21 715
22 782
23 852
24 925
25 1001
26 1080
27 1162
28 1247
29 1335
30 1426
31 1520
32 1617
33 1717
34 1820
35 1926
36 2035
37 2147
38 2262
39 2380
40 2501
41 2625
42 2752
43 2882
44 3015
45 3151
46 3290
47 3432
48 3577
49 3725
50 3876
51 4030
52 4187
53 4347
54 4510
55 4676
56 4845
57 5017
58 5192
59 5370
60 5551
61 5735
62 5922
63 6112
64 6305
65 6501
66 6700
67 6902
68 7107
69 7315
70 7526
71 7740
72 7957
73 8177
74 8400
75 8626
76 8855
77 9087
78 9322
79 9560
80 9801
81 10045
82 10292
83 10542
84 10795
85 11051
86 11310
87 11572
88 11837
89 12105
90 12376
91 12650
92 12927
93 13207
94 13490
95 13776
96 14065
97 14357
98 14652
99 14950
100 15251
101 15555
102 15862
103 16172
104 16485
105 16801
106 17120
107 17442
108 17767
109 18095
110 18426
111 18760
112 19097
113 19437
114 19780
115 20126
116 20475
117 20827
118 21182
119 21540
120 21901
121 22265
122 22632
123 23002
124 23375
125 23751
126 24130
127 24512
128 24897
129 25285
130 25676
131 26070
132 26467
133 26867
134 27270
135 27676
136 28085
137 28497
138 28912
139 29330
140 29751
141 30175
142 30602
143 31032
144 31465
145 31901
146 32340
147 32782
148 33227
149 33675
150 34126
151 34580
152 35037
153 35497
154 35960
155 36426
156 36895
157 37367
158 37842
159 38320
160 38801
161 39285
162 39772
163 40262
164 40755
165 41251
166 41750
167 42252
168 42757
169 43265
170 43776
171 44290
172 44807
173 45327
174 45850
175 46376
176 46905
177 47437
178 47972
179 48510
180 49051
181 49595
182 50142
183 50692
184 51245
185 51801
186 52360
187 52922
188 53487
189 54055
190 54626
191 55200
192 55777
193 56357
194 56940
195 57526
196 58115
197 58707
198 59302
199 59900
200 60501
201 61105
202 61712
203 62322
204 62935
205 63551
206 64170
207 64792
208 65417
209 66045
210 66676
211 67310
212 67947
213 68587
214 69230
215 69876
216 70525
217 71177
218 71832
219 72490
220 73151
221 73815
222 74482
223 75152
224 75825
225 76501
226 77180
227 77862
228 78547
229 79235
230 79926
231 80620
232 81317
233 82017
234 82720
235 83426
236 84135
237 84847
238 85562
239 86280
240 87001
241 87725
242 88452
243 89182
244 89915
245 90651
246 91390
247 92132
248 92877
249 93625
250 94376
251 95130
252 95887
253 96647
254 97410
255 98176
256 98945
257 99717
258 100492
259 101270
260 102051
261 102835
262 103622
263 104412
264 105205
265 106001
266 106800
267 107602
268 108407
269 109215
270 110026
271 110840
272 111657
273 112477
274 113300
275 114126
276 114955
277 115787
278 116622
279 117460
280 118301
281 119145
282 119992
283 120842
284 121695
285 122551
286 123410
287 124272
288 125137
289 126005
290 126876
291 127750
292 128627
293 129507
294 130390
295 131276
296 132165
297 133057
298 133952
299 134850
300 135751
301 136655
302 137562
303 138472
304 139385
305 140301
306 141220
307 142142
308 143067
309 143995
310 144926
311 145860
312 146797
313 147737
314 148680
315 149626
316 150575
317 151527
318 152482
319 153440
320 154401
321 155365
322 156332
323 157302
324 158275
325 159251
326 160230
327 161212
328 162197
329 163185
330 164176
331 165170
332 166167
333 167167
334 168170
335 169176
336 170185
337 171197
338 172212
339 173230
340 174251
341 175275
342 176302
343 177332
344 178365
345 179401
346 180440
347 181482
348 182527
349 183575
350 184626
351 185680
352 186737
353 187797
354 188860
355 189926
356 190995
357 192067
358 193142
359 194220
360 195301
361 196385
362 197472
363 198562
364 199655
365 200751
366 201850
367 202952
368 204057
369 205165
370 206276
371 207390
372 208507
373 209627
374 210750
375 211876
376 213005
377 214137
378 215272
379 216410
380 217551
381 218695
382 219842
383 220992
384 222145
385 223301
386 224460
387 225622
388 226787
389 227955
390 229126
391 230300
392 231477
393 232657
394 233840
395 235026
396 236215
397 237407
398 238602
399 239800
400 241001
401 242205
402 243412
403 244622
404 245835
405 247051
406 248270
407 249492
408 250717
409 251945
410 253176
411 254410
412 255647
413 256887
414 258130
415 259376
416 260625
417 261877
418 263132
419 264390
420 265651
421 266915
422 268182
423 269452
424 270725
425 272001
426 273280
427 274562
428 275847
429 277135
430 278426
431 279720
432 281017
433 282317
434 283620
435 284926
436 286235
437 287547
438 288862
439 290180
440 291501
441 292825
442 294152
443 295482
444 296815
445 298151
446 299490
447 300832
448 302177
449 303525
450 304876
451 306230
452 307587
453 308947
454 310310
455 311676
456 313045
457 314417
458 315792
459 317170
460 318551
461 319935
462 321322
463 322712
464 324105
465 325501
466 326900
467 328302
468 329707
469 331115
470 332526
471 333940
472 335357
473 336777
474 338200
475 339626
476 341055
477 342487
478 343922
479 345360
480 346801
481 348245
482 349692
483 351142
484 352595
485 354051
486 355510
487 356972
488 358437
489 359905
490 361376
491 362850
492 364327
493 365807
494 367290
495 368776
496 370265
497 371757
498 373252
499 374750
500 376251
501 377755
502 379262
503 380772
504 382285
505 383801
506 385320
507 386842
508 388367
509 389895
510 391426
511 392960
512 394497
513 396037
514 397580
515 399126
516 400675
517 402227
518 403782
519 405340
520 406901
521 408465
522 410032
523 411602
524 413175
525 414751
526 416330
527 417912
528 419497
529 421085
530 422676
531 424270
532 425867
533 427467
534 429070
535 430676
536 432285
537 433897
538 435512
539 437130
540 438751
541 440375
542 442002
543 443632
544 445265
545 446901
546 448540
547 450182
548 451827
549 453475
550 455126
551 456780
552 458437
553 460097
554 461760
555 463426
556 465095
557 466767
558 468442
559 470120
560 471801
561 473485
562 475172
563 476862
564 478555
565 480251
566 481950
567 483652
568 485357
569 487065
570 488776
571 490490
572 492207
573 493927
574 495650
575 497376
576 499105
577 500837
578 502572
579 504310
580 506051
581 507795
582 509542
583 511292
584 513045
585 514801
586 516560
587 518322
588 520087
589 521855
590 523626
591 525400
592 527177
593 528957
594 530740
595 532526
596 534315
597 536107
598 537902
599 539700
600 541501
601 543305
602 545112
603 546922
604 548735
605 550551
606 552370
607 554192
608 556017
609 557845
610 559676
611 561510
612 563347
613 565187
614 567030
615 568876
616 570725
617 572577
618 574432
619 576290
620 578151
621 580015
622 581882
623 583752
624 585625
625 587501
626 589380
627 591262
628 593147
629 595035
630 596926
631 598820
632 600717
633 602617
634 604520
635 606426
636 608335
637 610247
638 612162
639 614080
640 616001
641 617925
642 619852
643 621782
644 623715
645 625651
646 627590
647 629532
648 631477
649 633425
650 635376
651 637330
652 639287
653 641247
654 643210
655 645176
656 647145
657 649117
658 651092
659 653070
660 655051
661 657035
662 659022
663 661012
664 663005
665 665001
666 667000
667 669002
668 671007
669 673015
670 675026
671 677040
672 679057
673 681077
674 683100
675 685126
676 687155
677 689187
678 691222
679 693260
680 695301
681 697345
682 699392
683 701442
684 703495
685 705551
686 707610
687 709672
688 711737
689 713805
690 715876
691 717950
692 720027
693 722107
694 724190
695 726276
696 728365
697 730457
698 732552
699 734650
700 736751
701 738855
702 740962
703 743072
704 745185
705 747301
706 749420
707 751542
708 753667
709 755795
710 757926
711 760060
712 762197
713 764337
714 766480
715 768626
716 770775
717 772927
718 775082
719 777240
720 779401
721 781565
722 783732
723 785902
724 788075
725 790251
726 792430
727 794612
728 796797
729 798985
730 801176
731 803370
732 805567
733 807767
734 809970
735 812176
736 814385
737 816597
738 818812
739 821030
740 823251
741 825475
742 827702
743 829932
744 832165
745 834401
746 836640
747 838882
748 841127
749 843375
750 845626
751 847880
752 850137
753 852397
754 854660
755 856926
756 859195
757 861467
758 863742
759 866020
760 868301
761 870585
762 872872
763 875162
764 877455
765 879751
766 882050
767 884352
768 886657
769 888965
770 891276
771 893590
772 895907
773 898227
774 900550
775 902876
776 905205
777 907537
778 909872
779 912210
780 914551
781 916895
782 919242
783 921592
784 923945
785 926301
786 928660
787 931022
788 933387
789 935755
790 938126
791 940500
792 942877
793 945257
794 947640
795 950026
796 952415
797 954807
798 957202
799 959600
800 962001
801 964405
802 966812
803 969222
804 971635
805 974051
806 976470
807 978892
808 981317
809 983745
810 986176
811 988610
812 991047
813 993487
814 995930
815 998376
816 1000825
817 1003277
818 1005732
819 1008190
820 1010651
821 1013115
822 1015582
823 1018052
824 1020525
825 1023001
826 1025480
827 1027962
828 1030447
829 1032935
830 1035426
831 1037920
832 1040417
833 1042917
834 1045420
835 1047926
836 1050435
837 1052947
838 1055462
839 1057980
840 1060501
841 1063025
842 1065552
843 1068082
844 1070615
845 1073151
846 1075690
847 1078232
848 1080777
849 1083325
850 1085876
851 1088430
852 1090987
853 1093547
854 1096110
855 1098676
856 1101245
857 1103817
858 1106392
859 1108970
860 1111551
861 1114135
862 1116722
863 1119312
864 1121905
865 1124501
866 1127100
867 1129702
868 1132307
869 1134915
870 1137526
871 1140140
872 1142757
873 1145377
874 1148000
875 1150626
876 1153255
877 1155887
878 1158522
879 1161160
880 1163801
881 1166445
882 1169092
883 1171742
884 1174395
885 1177051
886 1179710
887 1182372
888 1185037
889 1187705
890 1190376
891 1193050
892 1195727
893 1198407
894 1201090
895 1203776
896 1206465
897 1209157
898 1211852
899 1214550
900 1217251
901 1219955
902 1222662
903 1225372
904 1228085
905 1230801
906 1233520
907 1236242
908 1238967
909 1241695
910 1244426
911 1247160
912 1249897
913 1252637
914 1255380
915 1258126
916 1260875
917 1263627
918 1266382
919 1269140
920 1271901
921 1274665
922 1277432
923 1280202
924 1282975
925 1285751
926 1288530
927 1291312
928 1294097
929 1296885
930 1299676
931 1302470
932 1305267
933 1308067
934 1310870
935 1313676
936 1316485
937 1319297
938 1322112
939 1324930
940 1327751
941 1330575
942 1333402
943 1336232
944 1339065
945 1341901
946 1344740
947 1347582
948 1350427
949 1353275
950 1356126
951 1358980
952 1361837
953 1364697
954 1367560
955 1370426
956 1373295
957 1376167
958 1379042
959 1381920
960 1384801
961 1387685
962 1390572
963 1393462
964 1396355
965 1399251
966 1402150
967 1405052
968 1407957
969 1410865
970 1413776
971 1416690
972 1419607
973 1422527
974 1425450
975 1428376
976 1431305
977 1434237
978 1437172
979 1440110
980 1443051
981 1445995
982 1448942
983 1451892
984 1454845
985 1457801
986 1460760
987 1463722
988 1466687
989 1469655
990 1472626
991 1475600
992 1478577
993 1481557
994 1484540
995 1487526
996 1490515
997 1493507
998 1496502
999 1499500
1000 1502501
