0 1
1 1
2 1
3 2
4 2
5 2
6 3
7 3
8 3
9 5
10 5
11 5
12 7
13 7
14 7
15 9
16 9
17 9
18 12
19 12
20 12
21 15
22 15
23 15
24 18
25 18
26 18
27 23
28 23
29 23
30 28
31 28
32 28
33 33
34 33
35 33
36 40
37 40
38 40
39 47
40 47
41 47
42 54
43 54
44 54
45 63
46 63
47 63
48 72
49 72
50 72
51 81
52 81
53 81
54 93
55 93
56 93
57 105
58 105
59 105
60 117
61 117
62 117
63 132
64 132
65 132
66 147
67 147
68 147
69 162
70 162
71 162
72 180
73 180
74 180
75 198
76 198
77 198
78 216
79 216
80 216
81 238
82 238
83 238
84 260
85 260
86 260
87 282
88 282
89 282
90 308
91 308
92 308
93 334
94 334
95 334
96 360
97 360
98 360
99 390
100 390
101 390
102 420
103 420
104 420
105 450
106 450
107 450
108 485
109 485
110 485
111 520
112 520
113 520
114 555
115 555
116 555
117 595
118 595
119 595
120 635
121 635
122 635
123 675
124 675
125 675
126 720
127 720
128 720
129 765
130 765
131 765
132 810
133 810
134 810
135 861
136 861
137 861
138 912
139 912
140 912
141 963
142 963
143 963
144 1020
145 1020
146 1020
147 1077
148 1077
149 1077
150 1134
151 1134
152 1134
153 1197
154 1197
155 1197
156 1260
157 1260
158 1260
159 1323
160 1323
161 1323
162 1393
163 1393
164 1393
165 1463
166 1463
167 1463
168 1533
169 1533
170 1533
171 1610
172 1610
173 1610
174 1687
175 1687
176 1687
177 1764
178 1764
179 1764
180 1848
181 1848
182 1848
183 1932
184 1932
185 1932
186 2016
187 2016
188 2016
189 2108
190 2108
191 2108
192 2200
193 2200
194 2200
195 2292
196 2292
197 2292
198 2392
199 2392
200 2392
201 2492
202 2492
203 2492
204 2592
205 2592
206 2592
207 2700
208 2700
209 2700
210 2808
211 2808
212 2808
213 2916
214 2916
215 2916
216 3033
217 3033
218 3033
219 3150
220 3150
221 3150
222 3267
223 3267
224 3267
225 3393
226 3393
227 3393
228 3519
229 3519
230 3519
231 3645
232 3645
233 3645
234 3780
235 3780
236 3780
237 3915
238 3915
239 3915
240 4050
241 4050
242 4050
243 4195
244 4195
245 4195
246 4340
247 4340
248 4340
249 4485
250 4485
251 4485
252 4640
253 4640
254 4640
255 4795
256 4795
257 4795
258 4950
259 4950
260 4950
261 5115
262 5115
263 5115
264 5280
265 5280
266 5280
267 5445
268 5445
269 5445
270 5621
271 5621
272 5621
273 5797
274 5797
275 5797
276 5973
277 5973
278 5973
279 6160
280 6160
281 6160
282 6347
283 6347
284 6347
285 6534
286 6534
287 6534
288 6732
289 6732
290 6732
291 6930
292 6930
293 6930
294 7128
295 7128
296 7128
297 7338
298 7338
299 7338
300 7548
301 7548
302 7548
303 7758
304 7758
305 7758
306 7980
307 7980
308 7980
309 8202
310 8202
311 8202
312 8424
313 8424
314 8424
315 8658
316 8658
317 8658
318 8892
319 8892
320 8892
321 9126
322 9126
323 9126
324 9373
325 9373
326 9373
327 9620
328 9620
329 9620
330 9867
331 9867
332 9867
333 10127
334 10127
335 10127
336 10387
337 10387
338 10387
339 10647
340 10647
341 10647
342 10920
343 10920
344 10920
345 11193
346 11193
347 11193
348 11466
349 11466
350 11466
351 11753
352 11753
353 11753
354 12040
355 12040
356 12040
357 12327
358 12327
359 12327
360 12628
361 12628
362 12628
363 12929
364 12929
365 12929
366 13230
367 13230
368 13230
369 13545
370 13545
371 13545
372 13860
373 13860
374 13860
375 14175
376 14175
377 14175
378 14505
379 14505
380 14505
381 14835
382 14835
383 14835
384 15165
385 15165
386 15165
387 15510
388 15510
389 15510
390 15855
391 15855
392 15855
393 16200
394 16200
395 16200
396 16560
397 16560
398 16560
399 16920
400 16920
401 16920
402 17280
403 17280
404 17280
405 17656
406 17656
407 17656
408 18032
409 18032
410 18032
411 18408
412 18408
413 18408
414 18800
415 18800
416 18800
417 19192
418 19192
419 19192
420 19584
421 19584
422 19584
423 19992
424 19992
425 19992
426 20400
427 20400
428 20400
429 20808
430 20808
431 20808
432 21233
433 21233
434 21233
435 21658
436 21658
437 21658
438 22083
439 22083
440 22083
441 22525
442 22525
443 22525
444 22967
445 22967
446 22967
447 23409
448 23409
449 23409
450 23868
451 23868
452 23868
453 24327
454 24327
455 24327
456 24786
457 24786
458 24786
459 25263
460 25263
461 25263
462 25740
463 25740
464 25740
465 26217
466 26217
467 26217
468 26712
469 26712
470 26712
471 27207
472 27207
473 27207
474 27702
475 27702
476 27702
477 28215
478 28215
479 28215
480 28728
481 28728
482 28728
483 29241
484 29241
485 29241
486 29773
487 29773
488 29773
489 30305
490 30305
491 30305
492 30837
493 30837
494 30837
495 31388
496 31388
497 31388
498 31939
499 31939
500 31939
501 32490
502 32490
503 32490
504 33060
505 33060
506 33060
507 33630
508 33630
509 33630
510 34200
511 34200
512 34200
513 34790
514 34790
515 34790
516 35380
517 35380
518 35380
519 35970
520 35970
521 35970
522 36580
523 36580
524 36580
525 37190
526 37190
527 37190
528 37800
529 37800
530 37800
531 38430
532 38430
533 38430
534 39060
535 39060
536 39060
537 39690
538 39690
539 39690
540 40341
541 40341
542 40341
543 40992
544 40992
545 40992
546 41643
547 41643
548 41643
549 42315
550 42315
551 42315
552 42987
553 42987
554 42987
555 43659
556 43659
557 43659
558 44352
559 44352
560 44352
561 45045
562 45045
563 45045
564 45738
565 45738
566 45738
567 46453
568 46453
569 46453
570 47168
571 47168
572 47168
573 47883
574 47883
575 47883
576 48620
577 48620
578 48620
579 49357
580 49357
581 49357
582 50094
583 50094
584 50094
585 50853
586 50853
587 50853
588 51612
589 51612
590 51612
591 52371
592 52371
593 52371
594 53153
595 53153
596 53153
597 53935
598 53935
599 53935
600 54717
601 54717
602 54717
603 55522
604 55522
605 55522
606 56327
607 56327
608 56327
609 57132
610 57132
611 57132
612 57960
613 57960
614 57960
615 58788
616 58788
617 58788
618 59616
619 59616
620 59616
621 60468
622 60468
623 60468
624 61320
625 61320
626 61320
627 62172
628 62172
629 62172
630 63048
631 63048
632 63048
633 63924
634 63924
635 63924
636 64800
637 64800
638 64800
639 65700
640 65700
641 65700
642 66600
643 66600
644 66600
645 67500
646 67500
647 67500
648 68425
649 68425
650 68425
651 69350
652 69350
653 69350
654 70275
655 70275
656 70275
657 71225
658 71225
659 71225
660 72175
661 72175
662 72175
663 73125
664 73125
665 73125
666 74100
667 74100
668 74100
669 75075
670 75075
671 75075
672 76050
673 76050
674 76050
675 77051
676 77051
677 77051
678 78052
679 78052
680 78052
681 79053
682 79053
683 79053
684 80080
685 80080
686 80080
687 81107
688 81107
689 81107
690 82134
691 82134
692 82134
693 83187
694 83187
695 83187
696 84240
697 84240
698 84240
699 85293
700 85293
701 85293
702 86373
703 86373
704 86373
705 87453
706 87453
707 87453
708 88533
709 88533
710 88533
711 89640
712 89640
713 89640
714 90747
715 90747
716 90747
717 91854
718 91854
719 91854
720 92988
721 92988
722 92988
723 94122
724 94122
725 94122
726 95256
727 95256
728 95256
729 96418
730 96418
731 96418
732 97580
733 97580
734 97580
735 98742
736 98742
737 98742
738 99932
739 99932
740 99932
741 101122
742 101122
743 101122
744 102312
745 102312
746 102312
747 103530
748 103530
749 103530
750 104748
751 104748
752 104748
753 105966
754 105966
755 105966
756 107213
757 107213
758 107213
759 108460
760 108460
761 108460
762 109707
763 109707
764 109707
765 110983
766 110983
767 110983
768 112259
769 112259
770 112259
771 113535
772 113535
773 113535
774 114840
775 114840
776 114840
777 116145
778 116145
779 116145
780 117450
781 117450
782 117450
783 118785
784 118785
785 118785
786 120120
787 120120
788 120120
789 121455
790 121455
791 121455
792 122820
793 122820
794 122820
795 124185
796 124185
797 124185
798 125550
799 125550
800 125550
801 126945
802 126945
803 126945
804 128340
805 128340
806 128340
807 129735
808 129735
809 129735
810 131161
811 131161
812 131161
813 132587
814 132587
815 132587
816 134013
817 134013
818 134013
819 135470
820 135470
821 135470
822 136927
823 136927
824 136927
825 138384
826 138384
827 138384
828 139872
829 139872
830 139872
831 141360
832 141360
833 141360
834 142848
835 142848
836 142848
837 144368
838 144368
839 144368
840 145888
841 145888
842 145888
843 147408
844 147408
845 147408
846 148960
847 148960
848 148960
849 150512
850 150512
851 150512
852 152064
853 152064
854 152064
855 153648
856 153648
857 153648
858 155232
859 155232
860 155232
861 156816
862 156816
863 156816
864 158433
865 158433
866 158433
867 160050
868 160050
869 160050
870 161667
871 161667
872 161667
873 163317
874 163317
875 163317
876 164967
877 164967
878 164967
879 166617
880 166617
881 166617
882 168300
883 168300
884 168300
885 169983
886 169983
887 169983
888 171666
889 171666
890 171666
891 173383
892 173383
893 173383
894 175100
895 175100
896 175100
897 176817
898 176817
899 176817
900 178568
901 178568
902 178568
903 180319
904 180319
905 180319
906 182070
907 182070
908 182070
909 183855
910 183855
911 183855
912 185640
913 185640
914 185640
915 187425
916 187425
917 187425
918 189245
919 189245
920 189245
921 191065
922 191065
923 191065
924 192885
925 192885
926 192885
927 194740
928 194740
929 194740
930 196595
931 196595
932 196595
933 198450
934 198450
935 198450
936 200340
937 200340
938 200340
939 202230
940 202230
941 202230
942 204120
943 204120
944 204120
945 206046
946 206046
947 206046
948 207972
949 207972
950 207972
951 209898
952 209898
953 209898
954 211860
955 211860
956 211860
957 213822
958 213822
959 213822
960 215784
961 215784
962 215784
963 217782
964 217782
965 217782
966 219780
967 219780
968 219780
969 221778
970 221778
971 221778
972 223813
973 223813
974 223813
975 225848
976 225848
977 225848
978 227883
979 227883
980 227883
981 229955
982 229955
983 229955
984 232027
985 232027
986 232027
987 234099
988 234099
989 234099
990 236208
991 236208
992 236208
993 238317
994 238317
995 238317
996 240426
997 240426
998 240426
999 242573
1000 242573
