0 1
1 0
2 0
3 3
4 0
5 0
6 300
7 0
8 0
9 141120
10 0
11 0
12 182952000
13 0
14 0
15 505008504000
16 0
17 0
18 2547446533632000
19 0
20 0
21 21222189199411200000
22 0
23 0
24 271682221693022300160000
25 0
26 0
27 5064076705822143609600000000
28 0
29 0
30 131801391770668241689267200000000
31 0
32 0
33 4632178742550388306775251353600000000
34 0
35 0
36 213900923391052333083405438320640000000000
37 0
38 0
39 12685411373780229897698006192040620851200000000
40 0
41 0
42 947741178636647398134682151503123717816320000000000
43 0
44 0
45 87739525305599373408527297823576151557238947840000000000
46 0
47 0
48 9922160073932565424804071065033803668375358270341120000000000
49 0
50 0
51 1353585587358641453690600831087850148168706545857331200000000000000
52 0
53 0
54 220311601239936558698556245874807534921873099482035928432640000000000000
55 0
56 0
57 42364134608159476427796972382434612147625479140399708746285056000000000000000
58 0
59 0
60 9540145670170279891644663106615181399156053101429391980664090263552000000000000000
61 0
62 0
63 2496177485794695411893722650318014742204552169784812362820177152857604096000000000000000
64 0
65 0
66 753450856363407225350023372628083184698170314466768293477107983776032908902400000000000000000
67 0
68 0
69 260658031580861819999551379146996668068217336142491282469870721765415143842712125440000000000000000
70 0
71 0
72 102741829344825155260004021188915691462014302100883982752553665605138450955496509669376000000000000000000
73 0
74 0
75 45890378237391843827080934460345105575979832748638231142263026404656693484031440335008694272000000000000000000
76 0
77 0
78 23111139524138386677723621790577504300365736150675308741584558014754974676640679980800523282415616000000000000000000
79 0
80 0
81 13062939330126581547683603646339097751418797824878303564337741274271921233833764566959341808805058969600000000000000000000
82 0
83 0
84 8251318919184645605128861790099896617404182314567334390973937714122728642013434456096203519096130043841085440000000000000000000
85 0
86 0
87 5801556617071613697634557519762593232069363507624362332230558330074125526151237959728978169299640982048639811584000000000000000000000
88 0
89 0
90 4523755708981207732047102055971888504356170437649628304866756791675586394638577893988286019440041113878519639040851968000000000000000000000
91 0
92 0
93 3898423460221538099052669949060563423879217115708735721459590807743645743754837694305945802512917376813932428507148026118144000000000000000000000
94 0
95 0
96 3700945107059768256608872140724282430725068821077161419455034797671860184180418529150693064604908868122492382357853197952247398400000000000000000000000
97 0
98 0
99 3858834656404300994906092615890070657433164904426471230216683055823915652348991966883541663633557431566232546720509360720830886806814720000000000000000000000
100 0
101 0
102 4406414813057493408474296728510590758560714386946391755907505655126092936896873177706605430305140226799306515943572685303715956304065331200000000000000000000000000
103 0
104 0
105 5495898193420420270897491871149869143255258851727521150186741528135185860531533046710890236318693788224862217650133066092120845977489473168998400000000000000000000000000
106 0
107 0
108 7468284946980225221127406684720594595727576726293254078419836727445177092443091164014921999629132888782304131468566186799642307370138395721606574899200000000000000000000000000
109 0
110 0
111 11030562234312039819984227031535285799396465783523193516839488732067034965691726336108577960536480551417461508599324197304129363750977734069634246933217280000000000000000000000000000
112 0
113 0
114 17668129815876073949715330952494154634885581076225472621592699262383192331184550465799042987331649761002057559454550433519219108969153279053882432653881141677260800000000000000000000000000
115 0
116 0
117 30624765996059574013304820281003267381920563426315094633043198891463880726084533008489105593211650638399133969746138264225708585078614155188322213951763093141512519680000000000000000000000000000
118 0
119 0
120 57327748880945502671543835886994391826530671411591668853087263982526519193025740762007039802810444793943485212256207505457592501152578196254263035365869467373738995650396160000000000000000000000000000
121 0
122 0
123 115672876335281476750702472364635010311653648861859251618741718576057904662460718819172007575952536089291072436282411182934539279358666411808355290372070245112524959852453041274880000000000000000000000000000
124 0
125 0
126 251118149453777483036351828183164709885916769328870649410265342360523297546592057496741639940866838513122109814610083915964063812041442217803831552818282015556784231366432317767680000000000000000000000000000000000
127 0
128 0
129 585528206642955737289424698924515849264181234387597630669499168926955678943446432158170062935641086319890168294678919791640246183972105738498963448589527010448377668216593977094612975616000000000000000000000000000000000
130 0
131 0
132 1463926012637724151627952686761354471274673960001741497281342685529721726442149856519839862117683361478208918189433151112063074780147893803229603693336537535728861162724810173892750347757158400000000000000000000000000000000000
133 0
134 0
135 3918350336270431200133524688877860415697759430404116130186876811048345839163448176751991203055089585546733727390300848269175595382343236752437285024754696381200695289009924317127775165844745407692800000000000000000000000000000000000
136 0
137 0
138 11210941475004058023794357850684941253154196207754542390569315970340759815192851675629044843209182692885591472629429202733947059695288014522344002475583528291935177467334231677113747847045380751632000614400000000000000000000000000000000000
139 0
140 0
141 34237817457061667254221963269745495960185222650229839235100961094466894190573268625860032243118020392428655255777377031210022470575033311937820048773247477923533866543457644585297488340275568624554233257000960000000000000000000000000000000000000
142 0
143 0
144 111453187585061930014385356311099545872788032280306519848720827225074268130734364028202032014858599938412533885830493772276689828425577602624554315455556358684529861797389283714616517176421819365236572721457854939136000000000000000000000000000000000000
145 0
146 0
147 386210199599156146441423216345774803590002208970846376263629223282615364689094918443702631437092492705709379313082819435913102392113503964171780571247188341440602024579030758923976276480320149903995667806797215807465062400000000000000000000000000000000000000
148 0
149 0
150 1422806286780713335294899929081296489873059860318090907493099580189971338302096280400081340971183636295259688526985459649962617008219393110938529931252404368028354035730016449960565954309950968501512012959981470153425103408332800000000000000000000000000000000000000
151 0
152 0
153 5565788967114878332352936457104190176735061515841133056100661718927238655501000136938240283863624017859038114728936315107095102372748743612717259865722362926104380815727612482664805712971334807370395622387814988284928345788025038438400000000000000000000000000000000000000
154 0
155 0
156 23091684347598912524892421168149090698377831105378119066936124675915291505035396637797908061128172686853888645573526751838425840547044346707879909486303671422650605662170511782335364598828375743244668709934707440280505749407007015950090240000000000000000000000000000000000000000
157 0
158 0
159 101494160412212265065986382828037285470638597337075990519821433721992725792566879024463664229142523386631715118388970111850111504882365822074222900537114825366675575300915838207517070081722436425485124382674232790384411319460829278786734444773376000000000000000000000000000000000000000
160 0
161 0
162 472074191918346908012040319273669588339634795946051005654900883769619160272590846419700511189581161636763637398207490560466555272024966784117101781799934813606806296052343526072891210213980221233943908926797539557602271547527923272152094542290065817600000000000000000000000000000000000000000
163 0
164 0
165 2321175237108666900250102307572486896754510165646724510110196167058814049159320258317860197904482078481744361566689614701773360701435642574788488041268255649185068241016719576967161490757274782797642523933221678794694640664199506458936175650127350391321395200000000000000000000000000000000000000000
166 0
167 0
168 12053004861546701552065578008914051913001287372783011150067821739499416018976824416530768818268052854897548421477390230031727830830635428697504171594848848654622783631046612122458217356582742304858593060512655785025599738482981399607502809125524355121969765128601600000000000000000000000000000000000000000
169 0
170 0
171 66031232498783372213661170804296283895537214474129687859135946495685337552191033237430109487939423568457508708819081554439085580906797774627987661757976636480132457364876421330796851662349305857119571159276283395263872927304066002407662093618001252091957417348127784960000000000000000000000000000000000000000000
172 0
173 0
174 381295716786397134716968478574500624956374997241846036269962933307373071157376263689864861142872969644072466934860110638332264534635569640371383096222647507202692740990534763078617288537857506925649302124122101780254628031673007722381524263756777586139217168261767307573854208000000000000000000000000000000000000000000
175 0
176 0
177 2318669030591331909473749855864835082427022931945543742609856647773758911684188581966367960734455217456108365596703175358637945052158248613089159361542643148927964370597826266967304516657391957499666371583507632261671476512604372088205187035706599290481454964742582940108083691520000000000000000000000000000000000000000000000
178 0
179 0
180 14835395541052687898328981376707025152583523672281573872055444635612551409588204630661694101728905427476746962691943651708503961998329568674826155886697919191010705367591561517572012921722267870273907151811344825717428366008064671691393683354492258308800623545017733167393831029194096640000000000000000000000000000000000000000000000
181 0
182 0
183 99787225762474137602774053867049176495735418438868431634921424962599366769846651137509025564258169276344965827118539496551229393741608205033062838952901800926534882594047065536113232552950406258450363470056277152339422860909463679989144438025900066810545915654286708531290125114422717652664320000000000000000000000000000000000000000000000
184 0
185 0
186 705034231067410077327478756922642738218420348964360556667724203700872429405753313174977305586939809249739518019171448018945335396849428328713650156414931093978512083019429062520182820761748655246595235857348546048793779271156043965968959913783364432041601586953659401025061852663317527285630763008000000000000000000000000000000000000000000000000
187 0
188 0
189 5228298387443284315573316320673166494715524167017869375251684581445221104295603919391084266612316476890815800626989343551603447864138179126269492460239288908598154288292550766653659058029918735445876390254844236801051106733317124271437876543509585604834046386583920987020466745093362876909204774362575536128000000000000000000000000000000000000000000000
190 0
191 0
192 40662291025693087970687766804747921890924321106170893852534825147363478214092516631834754955924701286832779699636825530748198257519438933161415089539502879343417030653202793250651650274007202955706397828759171521410727262793584212090879953472642985713247394973616607739030633869282342857256742012110899791056076800000000000000000000000000000000000000000000000
193 0
194 0
195 331422108005035758474739033007114202737767714117192890992764484309538696738819832984855188748991339911081411432510321452540607989275812417392784703638315682786177014695442518792354905298152439440904314607324293614643584740679289212485430700543381881641892223126452404858229533258135190217381386270106971849700064991641600000000000000000000000000000000000000000000000
196 0
197 0
198 2828889854248983758867303749361899357631827360161994581489912429493456338636659378458671507792660585377641790801091998442980880141928654796330234412271332219218036681745375053776654914397384236774155300608410877067045277743143979234993618859644779783931093943649657447669320451133325765045654639539134544492202007625747713228800000000000000000000000000000000000000000000000
199 0
200 0
201 25269218146943008834940773483867799201859698185663567087574892207602337849552710085641018882728680866512780276130987420377553195751996238779580514201584291852613564804616225001039694270312213494848118208885792287834299258023964974816161421156569832531606447653188740883869043425262594049978865273772015134534366549771556810129408000000000000000000000000000000000000000000000000000
202 0
203 0
204 236055494833507483899058606360020437970967993825316319072827198892454387494468045395679173367966082365704550702956312445450221176796281703387883300281938251849274416691844879864624097974471212361771321099044689808575521611155590012757311076473411569331944222306043098894963318813984517243002488478692239602172255120809279975300909341081600000000000000000000000000000000000000000000000000
205 0
206 0
207 2304607513041061635398361974968401966369828322748739730085217990261203480713867949313635117949812624508204663122234876820156858096922979620006145617255680863985607003968305527852151195335493715088291806816977275694451311193608851709463738233499141039925513304957150194167687204015986108051569448460558216497194056100387751695972505826141143040000000000000000000000000000000000000000000000000000
208 0
209 0
210 23499719511488153296570371527043474652340138718736466866636049664703545105136653908830954849009746409130103785968376273391104350524578157168444151933524772687477841435143437701244167779577092784422325837205731858629952992779856264067310675677550651736793359545845627284783628704516374384898259234371343300876277095694810222774657813495149275832647680000000000000000000000000000000000000000000000000000
211 0
212 0
213 250115992659577709006192009847847371983498757647174235915483874046506101049943933021978876663764343995352826722567702715746026146577074576684877665178295322649968982868260847712419598871844754019186657820633703328619758414559107564060164655700358576835773620714614997542084943093834023209197073773617993995843443898723154588270201557920057226753273904496640000000000000000000000000000000000000000000000000000
214 0
215 0
216 2776969784226464211750833339718388339951287002036705497613442556966348427020580851506717617753201126575577126647660979841542041493782633062499347353795472651680268903201278184783881478072091698580972141218470356540867509676176437624585665221826933471211767010876983489816207405293846659766166732513399202158113476446308095891519653368945541974462919244236455936000000000000000000000000000000000000000000000000000000
217 0
218 0
219 32143774327098958394210293027511262600896645614838218707503907943212971495403080626032879963024467092504954158493485544539501349509777475464311533038142717529957886183943061538511180217703087756008476916529435680817015013412768939076500339238646742788009856784537685651712730923258180541573156190366964880340561668723500257238573192771213308839881176704651216754940313600000000000000000000000000000000000000000000000000000
220 0
221 0
222 387677599818552382568829827617465279141913390378350869851177556143653538036009806456295303516660076875651368148270652296292465377102555190158051407753117029576656015127154145512027287580720852244972270511644723139797639719757670975848321880243518802664514120899686158560717306966867731215403912450488295384094526669218493068813239898540404765842622495353584243634475148247040000000000000000000000000000000000000000000000000000000
223 0
224 0
225 4869131075216989363743793411686353331316638093828083165300649539611075485328204550518500587109813051367159808578777576637375085235502640376356684547530307426415981041413089984117928260145731156891770378171646838965764352630039873862134200218710940591321226376725326119383948732733575241234539744817479935742073294792735384822369933257765490984008853113129996808933756998674945146880000000000000000000000000000000000000000000000000000000
226 0
227 0
228 63650874459491511088193549826080020951697100022598513658615490437353630439324208224042801697775668168360100380629351457622433446922569253654983011857545990862068559992632633668975554097484838607103420556519322537694149933184602965297264695827819911943512879425339485292760990584089608380024808908274052805856577246265621357723956055901886215947937787427089278294543341383347793809784176640000000000000000000000000000000000000000000000000000000
229 0
230 0
231 865567305629153334384451840029992940366217790288633283516715519656550714321808737764386328562590915601263823886298451308076068203110369749096661775505201060439217186553656745804990774585029941626477177719089882648228826914610177064004113155125807067244873756549263031675358944960543445081906887791276955925749118597783712180976787828467833902807917213252671616652134292324073988034134250881024000000000000000000000000000000000000000000000000000000000
232 0
233 0
234 12238219009829645300594880773694828123237517500659567680584332221941553280446706573028150830899296929206224578819333828128085618067639361251909365394787498705958802768966951382420338035543741949308038668542615228121114832615084078485650146227135042405288927825006587814531225427401858623607772425080929161065115211207996564164775453857122938041092845561833500092612865446984434565563834167242283129241600000000000000000000000000000000000000000000000000000000
235 0
236 0
237 179820649651789189678926215848793919752198340208909423198692916368638236156127547416160350886447592006513778750338955220519611607542745534817898160334041248669298127446977718528747667861369365263160560397859543055692219142147455144497483216435278016863119039278907800364747412731612713134010287938968405345775555996672002443398856619597150360443668715236127373503788499288569628293959562127771438500345282560000000000000000000000000000000000000000000000000000000000
238 0
239 0
240 2744437958312608304716733250970579943740209739980875166351382484768312380364558545788834969842780548668692181631872762289878673644498767239989658307955051817168852306471417145981156856302100135592125231706682210429416772261303063486009315136448285668474235298916483467767783209961881725144992439054729283848063411475291518031586347280678735496011369065509492447749927066260363102503625652907215515973702156151685120000000000000000000000000000000000000000000000000000000000
241 0
242 0
243 43486416580843679659678585371548187887010263848183741704411593916490153273036945610516492105169384240529945593438326100259419270831341586146533301332972981770295907448464496124531042293933306183293501902306729311087688326769298937303257326620276041269040810240929713040671228221760596354022485664408691815029090139852769376858049095472030876851741136505430270694195942997438307603640522240789406869977058976235426634792960000000000000000000000000000000000000000000000000000000000
244 0
245 0
246 715054431146620336499645342610260370392547286125642660036735117520466732484401428628416956373855222638750254089315603835292852433139220226316047076021304126748376398066349213338511779343774950990660719955101531496019722309775072008046714080052884428402338931221788727853928848132191412623918509779004870172723024225800424167995847440897563134103474308374904040695767887941502816256707606507491465940993212486791581672140701696000000000000000000000000000000000000000000000000000000000000
247 0
248 0
249 12195895364078841560795954927047071800647284247694254271237849322530535226687230177624040022646529303309609075175967564534188727378545003637123026366430655265020747502113260535116527652448283843367168084088697760283369081047151051863710260979449749956303930855729051422903962658026091090314039631402508540368674991876996541969662129139599235347731382801611166346087152597958296043532294069865989969051894330031420383881437794632781004800000000000000000000000000000000000000000000000000000000000
250 0
251 0
252 215668114848146827424692914397144246962737524763001229418672084160389104551793278935392630651222116196989712203918731062841997758301566366245056451378601528541796064758786730999123229406407465498495964576816630126013997607143964282877697460319885955369696093144213875943405469148101169006607824892773982190802833036089818246808762293578936590421713561344771264306653265575590552686726625756631895782252543418687176910062068441147034828800000000000000000000000000000000000000000000000000000000000000000
253 0
254 0
255 3952473588637422307663661625303289981931377709531160694016528072759918729308078682927151406068033707052942312148785207673222055240768068129525695104978845005140678596725490047956618556590137424018603744075509395731439540210650602718085217971142041864697072735726341052478374733294366766175369261970140113450500029855886685058302084086341721557930625331511004281946035942094929346527956882617028508672695781431755334989830864627840099330660761600000000000000000000000000000000000000000000000000000000000000000
256 0
257 0
258 75037837004703163661150944328479654180205928401096813996742738689680041848061460172054218491692030797684530991640105802657473956838127689839250992070870927538078753956593633007648106616500579480774981866964760634541426132201044193330822179721707727852993685359415252934553721517356985732506883236232579137619954051165837106888357450178929176699529574585676802678425773308062950212108582377356195579673440807245718544741383553255161200838566216518860800000000000000000000000000000000000000000000000000000000000000000
259 0
260 0
261 1475168707552042723253010932788938177344296935675436715327027933294514700471314497438956935569413243234285747912864993199693333712612619009241702583899878031168903741815181821019377814133137580161839505907084737468044171694629115887365442484058567155316810051821174470015097505147198120046591431691009736446969281975185865963213409480077770686592970924936627340716208095221984148515304680883759245392946566459515013392946215213240520541225487403319631544320000000000000000000000000000000000000000000000000000000000000000000
262 0
263 0
264 30017808697592615301647355671968280054388953593323840277541033201499885576777033407918550820719654487639785039600399025744429081590537226518486121267341434690987619016614500529589563991308422737989929209572333972307127571776603938248531205318926084149245488754551451150347687559588269755019283516760965708649408191622799983742410953459546557277304731244040418197108337107237327146394691433997059705491172537697854512648894167425355370532371160455781139661623971020800000000000000000000000000000000000000000000000000000000000000000
265 0
266 0
267 632007167672571865994487190346773033314737345811638092614580572741711913556361662526717596829998856255633551949773519725084116831412004879948462841723003987644535550734223290139389246192920942238458278189340325814372648281606855466895023809703445829901463429100484355885757283425225992577783865302334358168907187558490900989401015323004358735662790544597927609993905124842198437889086920442250396384486136870050259264473654914233981024794932924390761032094820416649953280000000000000000000000000000000000000000000000000000000000000000000
268 0
269 0
270 13762723481063991477839624322883929674312455378415109231577204786301750468533281615455738559332084349667032043098771908074964786923689555626445638928807366084986055273734253941464894779839018539482393501594382224446708004412205538611873884795035501798306809874100969374964225503422496580666354260073167139452419347853745306923247579786232338012981726880682931083986987754282860941158210247177400606071925157121190382543973136427547165459087190289397930318159707561535514985103360000000000000000000000000000000000000000000000000000000000000000000
271 0
272 0
273 309858534497179388666881842160664219182707255772584861045787833864575365052935150090478251290035587192793198935813324721046394657440228984107306269754929402655592870755592888221352285926250937141708956222785114741331136980372470911065014519086786964268804779695613643685646936774601657418636823346410436829825869480806269233978500071474548501541436817797286848313914559916270794557918515966402616344195535023171562883813531677146360583475932984062537843352045422668437462442496732692480000000000000000000000000000000000000000000000000000000000000000000
274 0
275 0
276 7210081095402507719800546524150966335150288222490502828823518589244979694960074996699083423299016703469321738217007328836144401028534575759507313489965805993561286204268631897563666881152933038368247779926228607051079275698134423054336989329482873446882221579128521207772999898719490978267804703115185206474786998550364722720877444762522560449561255569894574790742493313353349095388998850071544010715870139537282322906986037928807019024000349667236091256217411937558731871337804941439795200000000000000000000000000000000000000000000000000000000000000000000000
277 0
278 0
279 173332026442445430901300597133104336878788618119760061512296931693743038589766338310629116693202709047573846881366208959136251037402420145892021785602440315321615941763923376041347613833159187903182632686708843204525651662312856739036103163792335194741944817580346326390981873505036250704251657110634787158647819935205830780387864102868425040008579412398338042044419924535499883358835463720333550603145459082824882559692094183636920536145657842016815807676755670906389953860237739179959786500259840000000000000000000000000000000000000000000000000000000000000000000000
280 0
281 0
282 4303553177686682886420206798253211929433253747758487721731880790267460274444323756970697530336173110242792177474085373618153059187501341346625989380330011960432485791465902873269143943474592828867189234989426511948801812178522279578056410827128058093832619458655344947356733685418570281504143356739222489922131775306645514063701181180126792104524627872536085583458412672092830213079914516514919467184428627619087756393560588189563139509787810615899464319839043349678289199087615234520116130848153010176000000000000000000000000000000000000000000000000000000000000000000000000
283 0
284 0
285 110315410179498503303228605521230781725763229921061652455739693440237084778576257531452955333984741944663526844405125104858233426094409792226104850845014787488206282177792044227947282392732046261818318112357123489134737320608669634949143161207960853601051345153906906173035569007417801857982062559914370867725611228223717721577687480479797804765942526870269081673526456875461482191310223288130579354296457375592278508013544671074138553300644765499996739661734658350352398919297455953309501513043304059913633792000000000000000000000000000000000000000000000000000000000000000000000000
286 0
287 0
288 2918501628706256069494504604925191672640535389805582372119775910274491460162593325783488059549933890153118686629599959846353796388486202060048279856459660753189547814706447707879058968245580687249506681397258891728752088873955433719935052714265193977100035851205803371930929015035556518991193289927586168998347769000196318424421887100867558270753125099376667641907497327020524513886982731578966695024063624770872404967563593194162883312169979846454811213161854722266130172108192955656310305247927054535471823392342016000000000000000000000000000000000000000000000000000000000000000000000000
289 0
290 0
291 79662801598724749074322805661836184417281013513548576463274776294369990484354587036483200491874803335855514631991558864699976272701377408748076253822787534055764880143779959010575368983302482095174836520181567398679084379669098054435279901779606924938489869687947750822076398636535212244194287095825100429269230975259170453649125947063158575196704087315462763527998005254268774359215915746006988538402779251984884731004080619413095601148061456124969303231207444276673135077464750317611691509149788531301239595025283049062400000000000000000000000000000000000000000000000000000000000000000000000000
292 0
293 0
294 2242761908452818456609681162895285638294933633138779233643086698051582958120851762864990868980595064315635344190485116476499877767031629938024422487237582971226846224776878512071135838492031561312996512978699573288457268292709038375754907120621480845354319830702627594281164518298696617980758805879882284931888554157752965530043113954794237580434928882700047537674299810038760242036916885355935116780841224892520173406173814818741940004757751140238984472682350750294186381878808063030074282472763202614067159925318875073745665392640000000000000000000000000000000000000000000000000000000000000000000000000
295 0
296 0
297 65103698706706071313525357615947361590776558280931296921956708135702375753374902009525213022705382695129661486807943516136927468021119564193255231031167565701333109779892844692048924198007429399532449378507716045548245313821037782214646963935086335830944440136214623786660014735894847394870101326337346295255516674505640742847510430927828039307305190698209341158968292349899298520188416311134841931367396556173590265859170639228944419886292451107896474369980972556357514518537619233387567486133071116723502309961510176586654764830294016000000000000000000000000000000000000000000000000000000000000000000000000000
298 0
299 0
300 1947999111363388533449128153215885029298743396135870903347791358693725280870018385618648213143740691519358227009893144586597712630269058315993266181909185230567160263231290605398635219537047338810941892262609819913021468429541784028793444319575516611564681618291548963193029343070457180831883029123617965117361039866445928244127731563800659240041766840826772252342671444443105742190879863796459854932270760752708542578280988948252412070645185406864161815684170867231204431702950132517040744587401058102640673730387497966309837576710518894231552000000000000000000000000000000000000000000000000000000000000000000000000000
301 0
302 0
303 60062144916542569334302637434577495849254265154176283754086211891258532318330679399398160914220611716356222225553689847793021310347823485427806896104842692993914972523770493572325307625758487575227685785530631716628629006762347028364905839812537870706510441369144518540784356807676351077844293312947176202753621293889580893881172908441773318470566520957620350791334290457338894957658610522604560828067197604599926867679707356612742736386142833222708740033381171308696556064088202626653407316668351844311234096513858902562743026676871958492378463993856000000000000000000000000000000000000000000000000000000000000000000000000000
304 0
305 0
306 1907712427640706658000820834264197671768641226811438170265363880878856809090038700003222722940260355317250109494320852471328255183101509659009652221634109103154106755626473750770286775633572105187139018475035408936621589773384802646913239363370853600012107638056019342107980727416093711579060338893611723274350829523797992812932315088659870857342921777461435801332042964015558183037287471954635122924617141253310605621525083216507310557844673840100100548274607917479027827223435623547592881980096480798697273262641960208710558004749601764152133253015902617600000000000000000000000000000000000000000000000000000000000000000000000000000
307 0
308 0
309 62401997992166132755376306463921365045099291271718189983938254978224743692458586743899916003451166686569603074513012410517667216538384599574156813044991994903984972237610927276644592471784175877039771095034829291959119195945987809476413364402743143928076373243757943593609716864588185294666350773041764080303431998410164475258998818777353557930350317004891462269863834144211515675616335738876439808686616579633257484208226188942581306528277570692834286363466738516229690849329335338486467692500896933126476297104521168192220735429807209149301853203116095568284221440000000000000000000000000000000000000000000000000000000000000000000000000000
310 0
311 0
312 2101520248382640871633940007150202084396555673043214748678430714970532352436896295901061872650281913645334179126863812861133984966531718144221359525745727746479386090689131088310323298896146094665956636152040593736819719930724385264664426853145003100919073686791898946335920990322572590202859627792651064322535559678195132971476857023795942518476354312898526429144044712345671380203803402988722201985969235780057490413778911325038951338159925743948312186926736458624329747616341058038432393355293645445810798293075645878362213863477403672521945357411560433391694736523264000000000000000000000000000000000000000000000000000000000000000000000000000000
313 0
314 0
315 72844459858606653009193732457622758615396578926175198925261758537962995072736744077662237868909549718659192937697467560169779993019119284631781247350588202910686879197425097804208492615281804894395657312200215806776128289328094851304543570116672403932466675420508233581856002274459081820968730675395993352263537868140312585780206796974402302503089609534427108088660788185599171511392793652830741470929932168358422184818004967846564069261783198889475944138822528784542879752810189113399417665050561534465938494884725497592496539854764547022983432338127084811603470247052997296128000000000000000000000000000000000000000000000000000000000000000000000000000000
316 0
317 0
318 2598172759605579582848375164550299177827107735080106758516818464990049045693539632523924478310774050415992947017518971543772300087875701518959937067646317119982433638788897789208447172995838649985449453322278801976417568855733932908608031967757284010626806442892204239464543204445983998418738942990954466619741390101557264243224329876295583489175543706096909383518093037595973966989845408795161910760266542682306944147747765539876295981108515538616279716076773172137352966261207945886717467156003166530535955711122235317871805886029447040290701711121675512980678655180423169019450753024000000000000000000000000000000000000000000000000000000000000000000000000000000
319 0
320 0
321 95330310558728431388929263817844460037359525941899445671095874277265083831461962472659679130098543105579937633874838738304293148571878494565275819606808113197622960501831041055600060492161635825999079416618695452095902007645148212899285432273468927352930956776618761234803878229679874763029379092805414752519753410028013527131853893423491559280493071531674175378455316046892676274426107905588091024541019456863274165514442048578109928683658330041737461250772196874769730776232304416947652930798706741837113469879710571513492854541788866800503741953966087887838410142581198279243115476182630400000000000000000000000000000000000000000000000000000000000000000000000000000000
322 0
323 0
324 3597249818590727396857869178522687838695143553328730798122618190674820863467176518253780061975983676378939259340820068878158719878223519244768139070139658214125067381477688616032064376140639471627915510083348636535115795613423034270629204214175323613891345596635395996585820418459957379729437847913775003936719983578476158248890043866305409485661015992340499949085518572867473556973207951519233201372810129725088508793397571556804800762716522567229154711892587151605842586714352268955748106211018445631898167606856201171928260912647206858108423394635548139355779408372787024616287803899736384203653120000000000000000000000000000000000000000000000000000000000000000000000000000000
325 0
326 0
327 139564206590090660590461348460581312342885004083163195932278687364562018921025121967559717772426366707776505907209412280766319433817315628418266291146175327186584331901064859969912012193859705102801895748888468869583687292171916920941613175894519169816883452495973384130983156647228519770650740581448996706090206263116769169346149495306224917294456969146171759146478523853673858877180671562225388859815712887930873937778837845326101967144469905129541145307946408559115568159595933453282928044348267236667363261749156513050229596323095290839956594165439062231778967373950706445029626686459483490486111436800000000000000000000000000000000000000000000000000000000000000000000000000000000000
328 0
329 0
330 5565839554839619368194223601593712932616712030033816340210983409921166934957057197019868800563757844420916212666671553986007691543235840533212020840140551889270173921994216875606237088013771042102888937255208589968678109259993238864227238603557201039454453189018651435740111375429068530954543879398575266409168819092130046640900696987077802614727303350432143951509493386224417740014592629396790182681008316668262081147708351498082085629846741288524694945029118934371986986592154781530550455602760248691215865055561412968102247631245438366845548232971403333344747067583014824729414906973411827099599294921546137600000000000000000000000000000000000000000000000000000000000000000000000000000000000
331 0
332 0
333 228103436150528187720414439289369283442706635272300992832839180481233777060283738950410745850236758394053651118621505309383454358764029006279322332360463861131257742888185750257070254444247116522997827786432367626503425536758033346593462647942305493343532929783133244099182723085081281315304907348240022217883376435808542234337923028672934729604855705854826765317321452999512283066569039451476660949752457009150245113511705914814742124647151122909017595367648029614243036114773263132818551152631645620759104341268403730125235113842650848880185500948234736997917359029044694237359497013859965319351186467294847150378188800000000000000000000000000000000000000000000000000000000000000000000000000000000000
334 0
335 0
336 9604411864765876660125064344203386660525605599034487508319776232859717675244852890693236239252168782846264862278936762433734596527131531025125805430472595536227385507477554152643272997407651421872650269787217965695706971589627961200263989855519131624579916625195798385956719112758046590351164439625474612975165686112978378666732697994782866857408322472213200188498616072018684047861794423428081433505012597040824069671277300627813876313908966746516230006238190531073524761058020588422535303798249324310376833108961431402911876648594193366071448217699058892228355412782192493346062549053873642800626123185701811283214802616320000000000000000000000000000000000000000000000000000000000000000000000000000000000000
337 0
338 0
339 415377265679983026258972349011035971461356393300349218635257086638550116622438796479387009638923143508931540770816743628605226270242422693212708697080175821923776116113867929662736726677965340624637839774367962888661874327434990144156173066214525039770365448253588999009867451663163411212596664146638678096712165847678320502727422090689644777259340452471985469397083259020236419355301177518679870263586035771513593735694015330860807256472707815206812538456620541210070308592319429261860387776843295001833556444288562839658744725713798444038451601221105649073686135203530176791536357602538342273173139547272297490261474045460058891878400000000000000000000000000000000000000000000000000000000000000000000000000000000000
340 0
341 0
342 18447805938798709313504740855158775939396806634816434271221818280025882104940215654711362974626907628926834089377071943178894723308969729434038709984357266412989354781341144812396784861659340484291381262016935994419902225249146181992037433299969100613061378275251819354837958734059036169540424226454536684921235083022764923255251219456620000276068612036311416313725224990893630090546089861402649926388582143061485326646371998118213538893147950122411868165623705798754439151902277817320089066161054126147936626683190322294756306412237714840247097042405168125376932564647871095444751623346308267757953895602093749432262951470168432000725155840000000000000000000000000000000000000000000000000000000000000000000000000000000000000
343 0
344 0
345 841154219262708591488559533124889752646340222271789700849913725861454356393329335257266566289092346942235520466297994143428425996394375992023295468939577128867929375016000985673276076235764438475884197246122913472366236195987718775144816273204460086699776016784991922089317386648179503747285227485154715486918647944753091019720416442405199226551762513501528739483319968210156651608117238015704979809202591940298947903479594727620194349189175600445744148139980386196154804007377610970278166389373272325112990258908869952056358965421054302444964877101684642142767873599122006844350235876222344053764035464795980128700549740665104137344735858739118080000000000000000000000000000000000000000000000000000000000000000000000000000000000000
346 0
347 0
348 39367338849228739178988417937903104317217162064133085505672124791279621377654614104452050032474000991434005211729124358012055313849918482921682060801478942101007211550815486525551242772346211490830373696422228821594227268157894107124189872912218382508154027866144976881155220525269948183697010664076693045820779907795925767237757520690190463741630835342850709402856473757257080240178525303670416661435131964555649080078135329294934805494373837216053105583053720517713741880548486951892142548286105832872349216745697553701929426714651007538183811383378310042878916112292915418978836486395281334585755396784839625692696737566986361831130486975928504617533440000000000000000000000000000000000000000000000000000000000000000000000000000000000000
349 0
350 0
351 1890724898494398390903367325934594402667331091245441712200714751449274214116677357625658609074004216280512420903142178545448694593584727487490713822663888637731176416289777172537296237592375303518805421002936728076053583414346164272665014094569268636152691271390224453803469128847010538981235248381424832569958346544445757760657020534616753313054113396492489835377323604978077885351651637326494049644798000903921309548234316799322682601585229288553152344498026698708083601916643991701797166349243585173829656709978213620042810614755545824212108321660699159348997169058015666494675605266299501849732564869413001431337003309716433371879957331788613104252328345600000000000000000000000000000000000000000000000000000000000000000000000000000000000000000
352 0
353 0
354 93165792421763073678079133717362760152430424196344568823905658880210647288932235149469278538481011116444769093767114264698273604209463283601330786280449953477210450602872246207128598564889960353455889830878277956439053981054593426778921233533925925430569729643965773196452192885180961181352116542963615054543750074775566639554526201314255438359801121649448696069927706040815583884886688214439768480881810166580434418408058644134659765637162466172717832780131483811896166407731075912763735416794395765093358034845351876320091501377959536082417313143760020525401180956118113530121059999347557538571522221012430482426294544653753389438673185711317042526473317269813329920000000000000000000000000000000000000000000000000000000000000000000000000000000000000000
355 0
356 0
357 4708971930096975608343152846102957674920089123150197097198232969157390855572610246473553884663260856858206075461148686391256711555306915003134629845722083056716623087689866714663039793621517858497429373404177289736936501936213219599308005940297275435628444808250846096094357101052121799647680595448966304840422663961418360198715667957868488033743152905056217994726395682896231024808831610739362916882207277466996118485073141942127868681275835433477478206770399616689092255034089130974066841341564062075430289897220977699193434364750753092964303311509488937891599474298161722821012945367858390441657169229386743281514735802061013409147018307039879118112551558811163010531328000000000000000000000000000000000000000000000000000000000000000000000000000000000000000000
358 0
359 0
360 244086867863532326221412109437263827942127890592977831079375971333017259775115319595637638804063479092761017634066161887236973893915790916296499089072174761319121134364509543747369163879073131068286923063052835978483401545257691491630187430810674693131224294527677314625954631945291057925045730944873233849022578741119887661902592038082628728791421659021105845671043785367164947336997013302822171380978862620155420546658530141277748087631200697533944731123300406862909952489489285866230759308509009194128674681138262405888194244801912623608740380296397393731426930321469607555467703534666721141066752184115588215752790153191231014118829477957376908112623266767682319668128751026176000000000000000000000000000000000000000000000000000000000000000000000000000000000000000000
361 0
362 0
363 12972395480177134925841743317908187382033300486123204385277443443259499820610087106975786815132325002081034615263973366523749040129537701926419132728121381020281963252710247758604299754243837923234728141649179158607953793538963951770778170379347467431824752812216272562213886839421743187393884722873638725391943123958140657509308800347536385022933105727931665393870512516481385111056050856686825473944375591119076463422268653385120574615666704369098417471625558604066030375445685350177486873247135945546068180325866580194458050874794142313941362021796425689187552952086031748118934706286639674068774126372044714297176458940859604170641016681389555811494416623925545693317993157235046350848000000000000000000000000000000000000000000000000000000000000000000000000000000000000000000
364 0
365 0
366 706746499691737514414879004714469310812200061856850809427996655900869742097681466509685837645993042507111001137686585451071716734809120260171746753518349814251976374049816037334188589118044418762534383402187935273645194970783011385811129580331758910261569637239882193832490180706213587011352936777693053798282418641495612691831493494058998985819617678558479387017128018148057955194700410396997004597937224055721157678633790128218957723892294359820007147894825969771164296402075585099635244347072777907459250511374237816661415603356337640421996696705434883744804900535654298322216512414081783800240234941055187957156567146705256689393197583888308212735798113815153763543760518289571554262201139200000000000000000000000000000000000000000000000000000000000000000000000000000000000000000000
367 0
368 0
369 39462683205043709096075412356733810459513016222456455823922230804371689098035529252780805557157808588762204539913181863682451682887235339800096991711376352594322786104177876078948488922936448482896456826601252707770059832168806275553321449340316182412151645362941741996852369347731307961438758561572482732528195371402393310314604681717609263113006972473517747947276167730906795251068488796747836760682244301146046657159445657721719440571552260177577207675515680201785664821818348280193654139518536908731542272131848162308322488852932653410068094135384829999801284243060918652219104257812217419053811974611478561561714522000885894019447844033368667768431758258851879764730672177847852819669758396145336320000000000000000000000000000000000000000000000000000000000000000000000000000000000000000000
370 0
371 0
372 2257886924722409384543198919313508689394262367160845642823926155463922942115293817175039042160339759775669733804263908698448459096168624218429260242758075335254685723389904746858110181629419601522295590707126109247306108665147586174402468139547311522018895920230620275500528833328864972379296622528456070789570858678756409917603881559289192934317031559880583320828111051000252149449450351984342619561032903210177594494099994726090039162899287875427077079141785415450597034511717239375444475289226026827421830766295376610759635934358715511163801084196061073513449155303441340343202279111045094413560061693089719077095020301905587291110068888395896271142969344873151407908683026618659814268577180127891887751168000000000000000000000000000000000000000000000000000000000000000000000000000000000000000000000
373 0
374 0
375 132350313062544608520731925941989397855082563212408950726736106292039939533604031952083471267127811591571659036381230252190033117952364361215892747108630528674576419591116832260403326731830429949336086193033577730955882936592764761638829192432100328326466120372490965612486074174334811502151369384313086205373708332231010864128947586597840742189328717030255003536628323643092045891638757841257566666962879787048136822868215385969430186042240726903648845000263250192323626613868346638019378933030572523639185213436911200526703359974379847671130877995140310978022179889085091219564695844323097524603449803408476495498922482409237197611914176711705544801845939924801389408834842004576385449611687327483819857815059562496000000000000000000000000000000000000000000000000000000000000000000000000000000000000000000000
376 0
377 0
378 7946408830927837479347536323055879951781119447771331208873785459198646721191639370176523364115226076699275355807743319483734093845492252774160684712156142681306534141629727481131452082545198674765890856793505587920555289333935874245211670278098041854428585399521214950013445052246652613467850543828592859809539489313967153515555646872107473266779142616952985656495674985966818025246876090046825866660952978172815774299443011703213416419302521694367226087109997605073927384595730952920534065694718582256000207535567100024496295738557166109365521212535584824564905087805923216621443768289671663333788580288699889662293840615778395087855688375767518637024199438652193444917002687947214825772889559243282249335499300200658239488000000000000000000000000000000000000000000000000000000000000000000000000000000000000000000000
379 0
380 0
381 488604272761509826146541146471705704854765413526047230998524936271844781507517548318404209456956454371724483054710356909384182624074056107997656818377921972975910148577381836751751284585672528900370457245538355278782486303311779128138472269344202426443861849608124452203785140471142935406869473566509007215376258068247036773783615317060067154789342655765616027327084963029240420444877039648933063952975794591680754695235745461074452352078850316503064327405528948920011539817045362514846041000032744205281564526836978063728072026373598165445039042524300129165023603498057572312132265248826543781241822005744197447277872795795248805559801298618285684797501522999026567299167196559951870840441759051835273889199562349198789898456268800000000000000000000000000000000000000000000000000000000000000000000000000000000000000000000000
382 0
383 0
384 30761153523864159343704699647756499051352183337543714920903704469286288199969014723075307422954230782568420463522958113382294409993861861346345846591686277927016781832334793075892467499975817946692702008323039904331859220101337926134728076592767277679480510669650340781089421228763745678344717815811316424273730104014612716115641199108429914201036680147549281855882963430810222641784112961499568311318631269282721213224472051973420423443812241280258050257911631888033905670724746745463085804517729353841319275153632344051928791904801216929832696972504113599381443580395561163898488314780260575597487345628076171118107300929760375572071356601576223945441030938773137844829466982466399958975205010612561356654210351237550427436445947417067520000000000000000000000000000000000000000000000000000000000000000000000000000000000000000000000
385 0
386 0
387 1982562218557049675280055021901545327479068235981724683297417851680897501042841183646941053373259245838774599828273511843945739456003892873386174917590684452879069209127317576503799489217186841424133492468914312702605856253006818729105890146444157622528713934083326771086247563809958823680675680999571681833755217395589472499641570905463779745346461568097404293358766243918949849308418553346637783078162353250133405731397142002472746273861405195982440010966048282239563061972065144931658267653447254938995360990824476809583714717663126089181105769448333411905717266944601729901055697639782532779311551436202220115091578273000072267839575584340557370066515387656042820837546053658450389957422728335481119558731864162057739767295386616807703969792000000000000000000000000000000000000000000000000000000000000000000000000000000000000000000000000
388 0
389 0
390 130782904676544500043610082546588183831324475771824441077016884837164588366794741883834447567414213157668264480683804608063605121725797808949896609108736600927112671577749090172283370311484607613730125004562672188801845612191919033927950635293422484232024526972365336998849883277806577842440870307327921782199145310742832937054427578932400303061713642166403739036782623537488323864478639826947545019222960312140931871848516501169699595289998028161086521789886907788110413469277985324130271594313366688928705178956652159802907632124783385549264495659873949070489556696466791662704021074979237959929609016833494632387023265641076021179301088410849033492680146471558920031149144623131321006425578645031573523316845434670230864995838656845957754803070173184000000000000000000000000000000000000000000000000000000000000000000000000000000000000000000000000
391 0
392 0
393 8828712684303700985105716675781458476449183990862340045146721748647013002534910636946377659348560813708453175708226423580170704752103472052780876052719775162758129202149947334209448883080970664850356828177458882655229814556150468037899694638966294891276251262723182784517981936910681043225676628410941540040922201331176418655965587201862816008908358957357015179120065583439529307619602170824082000888508464284778510529779383166527806902050571529646245436167547685384719742520210962038878617731704381142258871336135489684897618467713561388053923672957467823087278881005500234008686735404013978740845707255568570931199847320020321288935073839689372988622719037792529031196386542030084360049070470268212202732046814749731452920698955785404643475205086698455171072000000000000000000000000000000000000000000000000000000000000000000000000000000000000000000000000
394 0
395 0
396 609802967520072231297938150365147176039956674035197075641343336984650058055390690701703863612204209848050787081762533390037055580019261884110341447688386202053173427993287175093678885493767286970908678494671894512371640318082875999446120389124403682160514836509488057491753003118598463651744045382572272865828109034952092842282265773137371811593831926376076871888306988226075567030003549462296901228895705912146660419701268622277848582879167912998092419008809325391634572552361421584413740539840049437401315315499911729061734955622621501139536215223681239737166741509330955515599258703244643410014451117214611769080063465583144972756408024477857870651553306848571741679824114476472767964388797491749513689888567918242475886660273224975629220909234991240031549731635200000000000000000000000000000000000000000000000000000000000000000000000000000000000000000000000000
397 0
398 0
399 43087577800614362461683592084455848589205325960114351307263223890207793614864853717229161925476831293965933889239401623365029531504663880404215844156933912580404955322145678450795044196242667771207971954004134429227441381064272791605805948731376586979193399827919101804498197367687867042147453057839712860257985888338923321153883374316987130739231850941781343644644046996522109445521182760151004163713879715724954925347711316795559588375220478300275853960265142790211821855977984200680112766964693934877155268423845289419619645456211628435550707580749093348533104246374082149016014723652473424287679173160332209415910105213294325010620382335595309762276458794415421409054538228637872715992685099420969603401839804920094153279992360149328295555387655236581127524415004066447360000000000000000000000000000000000000000000000000000000000000000000000000000000000000000000000000
400 0
401 0
402 3113944088951276448629745299223633666963058705488695642498531984165979065646689142734456839001617954562254442842060683343244994919317508599046432339900732618805257177868021231715188270471917851810342965472278121507506427647872417601350652746945656882175855229541222242366343656144528857637911280518509513547121073631814475939265438415076785442696279039680621051416812315095618750988427734388782750799710369513837517730713405596423720166437675564567486558500941674520831984837355432563399017096939213223452334524864155678186183644496308343399995204355970768331447953223010689278168172394625338920846336504878462744398993630742894721812480044919578159588232292404851315953878113125033065440152699627861273346795165155485869636663393934549276069034557460538194106540879581523057049600000000000000000000000000000000000000000000000000000000000000000000000000000000000000000000000000000
403 0
404 0
405 230140269014672949888219935115869220996660780520076347972485598681714075183705276298456138953516098364545482035033923486186043367324810918752054538449849489683427194451304764091637241006678254822244807624703152642248827463417708861309651346186380223970722158183456814777695642173298468697535400166929812733924063174006018425129596646259053612104154707005883419936703979783705517804507693264814665685606049507759344884406704045791251684406563752011703045529346758255423317431438634032108953737166173847174958082747399604012757420743196815169794413033121899715928193662792280218578917236930196880076666271522274109262951787058358413500919293987276808513267767702555006068377278939655650874535462586937368374420913187906241378877679346442121605639610272775455482262682491880692324297290547200000000000000000000000000000000000000000000000000000000000000000000000000000000000000000000000000000
406 0
407 0
408 17391036818476099864736618721199740728933417513007460097189794607011961011504555099003129796268335555277475936828578253969696198611189024003384325682822178359399274035745025591514906731873591682853417254237174882575642969685721115055870480797561118029872645524362401751427521973578225082247529287080730283958210549242322033424484781104070961603913253581696292574491281003419136986557752684614176383113538031720815124110835002101419153652257523752086280903495196050595189281767952644677492462090126855256214424103868965600555873589888395005264011846378894021480795373526284376982007716683602174805295885481147251472815138213708705524446972679314487385370659531303506869264485471610359273057950702766771993446583289449151892576334236914871421350667384587172430446097486799790300144494640914602393600000000000000000000000000000000000000000000000000000000000000000000000000000000000000000000000000000
409 0
410 0
411 1343502318813997877949484510357693474269711872583490925154606631651925702140657841326640614206240698537803959101393563613948979234504242032957509400941067371233819835910822075621604064554245141206949337515897835007011219021914051752175345741493669436386199679348960798056785718896608729846752109713155744852306966250109887350325758846343304643317566485330757903301097010503543993349314737502621134745279693672827182225028158177844154725322975793002468298606964779120079916403076163176255750390675932996424996521151360097419585961064118883735118617444553616133824157364655902063632878689147794157543819344293347434357671905720211382860345768079036200771645661634919128762715344673246337517670399337230004557658079292961415984726876687605619527738853150948938526994384129617298718304972717887540837744640000000000000000000000000000000000000000000000000000000000000000000000000000000000000000000000000000000
412 0
413 0
414 106086842924145992120833365781150247817540895808435038056745872417246705851919380185344832619628661411272597698231347076102654898540352774486729641926649661483208676567706349220330980925158609278036933252882823017530296823859812366117726308745026825259290450887453725220581874637944154965833428872278351235355030214164760642337347999371451375493148277078378637674319441430417391805770179226617295498854748936064738750829552435821926386028585072310284772517367028438771918061126634165682273223594174788833595042569467764621343181592286795623460163582173271165611068401517828758955848825195762079788684876039508971064795122331355472500386687435630009783130371870666637670610814870124316658524040751418996587238493430707185279013061965794320207222984414235311645335393117496837307771675134462880221512857906524979200000000000000000000000000000000000000000000000000000000000000000000000000000000000000000000000000000
415 0
416 0
417 8561027148674124754674448539061058472387578691251399888558477718337228388811169116397935822595864887690726613726721969760265545130848960313383135079023216418301621567020107394492582462148453505234090781153701712826165392947803388923004843581432059568522275153674629025585129517540834027777169818133040514352125393668347963263224355036156621228974563575729117585877534092272559687163033361996902589149954201142962426547607725569415536584292684234276846475579511212586345587667001324200763295430042268903491479055442233282346319046713223709351246854636106262766592639088625107095256009849166041151902378195993458875248390794039887479635363860799675486723799840143951265843958230079427319047163914753349591732433617115492096214188333940332949190064607474164918892840901210637541478404817112874383154900877535922482053120000000000000000000000000000000000000000000000000000000000000000000000000000000000000000000000000000000
418 0
419 0
420 705933097048348388379741558754614494489597573396951738050516369246837882285320433556951142541288450251253567349178810729642515492526087691837014550177551586265087660526260660449696563978757885748442591464682701918468045714663892509957072362572634337748923046611772423834236140618982293669983029890155351344693742498427180637846127320116904457727248673009456731756571496383953019407831804904976073002532010089990702667511482810447121348809361523545314200383847220908565767712584395798053373770212383433618925383290746094632205747562880057103977331318407918443368499064047911708740615575436548820178262546796221766055609068813137923365220524699862082842104992621407630529615564510191291680506720975531585505527013891731292797107502553798647014500167428361590716730245558091062916352179070018871249894354525732408587569269309440000000000000000000000000000000000000000000000000000000000000000000000000000000000000000000000000000000
421 0
422 0
423 59471320403378049459235025072492932613951353260540442048961156457464856377336712768248248568126699968175967151740047217449920018346668536028673143102105117035999163443344113972581371690623089134501465959688604124481034103777770425683125463527444918578331424869553113629566549194440612899164177850249981253905599426685233191777270656482327046427064798494047538625617266959518626484859038833252781584127561309381097178678006352787633385192920776784615134703025453107948622848832128196920769967044537487136604601826979214504222610358459884532314379451839308470133812785891607697195570043943210722273604287372919014725799162807595477380755890886693867542105396770749041819645856378189689920339242924760756545819030285710565173310528662180030083404160284371040300327459676348443401899898840897739398161447990656330272779287469821442129920000000000000000000000000000000000000000000000000000000000000000000000000000000000000000000000000000000
424 0
425 0
426 5117902195206647059617291793873657440523497087801412515454634180917995887488867925297883014401465352741895933895730254894670938602174261224375924336759579800170440658919101950571257609874860181888066208573268747370087770298328389682684127323361481874219932407123118784197429774126793356058768064630118554618567440302031695086711670975584054270304342453950489671782479463074648109438344796877043251884417498075994777817807516098871403151907944824861556639616688960263512365085311360677223814136048329674379797070785535686969161057767642338150248645234904853925416892586529295426614235750156438963155572518758624990115033869226376268534453672548653890234844862603269565183426768940364148447489513663997200493190947523334542571589450016227272269001490072017125814077607002050463120749799887592834752670845257540590647261308899842743022387200000000000000000000000000000000000000000000000000000000000000000000000000000000000000000000000000000000000
427 0
428 0
429 449833374150157270509080956930944897325505954200987120346514746160449101855740920069317901735093974057245609203341596388634149417042857586751473465820533957188885392477086218815107262415526288492741858637183061859447038017967078960132090697125714516730633797621989980121272880040427884105136467915710021018310042717413506894789110875533089572231373427055717611802704451143773120459119185474133739114310567798681515602966859434751813870460592708227769281072671221101450871406743634818586312619214513832119525538372436261656773158159080073645530924180160561619286089971775918931450627111138675355593951140164889075950901441448739896874217478043269563157155779052196610609040713372017158739381483392897468792265674420651522045882822130259689807370425787434481675251439634737808734127965698069792000643292775464054442672567697805601909977374355619840000000000000000000000000000000000000000000000000000000000000000000000000000000000000000000000000000000000
430 0
431 0
432 40375925624026075970459615787593381348854192440248616399175563693301615555548373813325081319002470003681347119986767567647829396431143509891383444721284555062134939025006016082631357887003135978140777227488491114707447351801456135103967833017221810281993791140216410490240958914598999078599595365441741333813464535321233594939665277057134825086696747995622765031349987896502663682789801150203616072902419995624374114068934270337168477341361107057445836963429933394223748710699809652942415545852440053581225279012272737668275908788857132547030754018012289317453680142312149629428570042044295120142510165647134038859791580015899794110722660476611523322571183988540176799113269017753562976322290418696158894309703371843652356653900722899579905216775542342227710356489086655259268256109226037380154945063008735343220514236298822093415659142520729906446336000000000000000000000000000000000000000000000000000000000000000000000000000000000000000000000000000000000000
433 0
434 0
435 3700336027048462860515162348774699956982272080314445397223066457166569188048402183323367014940383235763511423333373405686543568035426950321332377566797162192855885785736305235609307476012050677940795870127112715045297113493719863910839366507165020739097747393953651840545484656558478461269958452932266696349531014281020792219014698949789067188552793372997638896671531982272373384272248404821315655710927087430898253691160317842333568124695369396535190902152619839895951083354862865710390575409522651880956787390834324954925288490063242116346998446869965920765784074758279078560492674499759413762607744040292527991865794272305957172894592925611330338913822111756137081560027591734060442957203980198475154913132925538549997977613649045225479441779395798357135685113680732758636705939180061900876615782718491137869686104013404869872044062169872974765217453965312000000000000000000000000000000000000000000000000000000000000000000000000000000000000000000000000000000000000
436 0
437 0
438 346214530390673571857298300140473096394443771066188417620745922370760088728559438181272510380706750445952661298280753138279859489947820818438781258724509625440818797885937352329844795288723496065325555980680445813293417633395430261444020408872711477182665834885945690819936056250464876970061488196960818235571026894478576376520937211451624351625117645462091665291094105745455187710817926341238913639600852591954769050939291574538775701158186017717402141073089280129264861576755113288105198836574153445736650012530527581184733643266195456405680644667302651998509213460306656757045116632466221185115229612587358396179466835115702451971108445463089664941395972314686925220790058465963047913984792684281362172457684790468159322571223510177912285227525363780940492300712885989425204539361151047508676495118755640112791774555956618610242303446750844009617774225634231320576000000000000000000000000000000000000000000000000000000000000000000000000000000000000000000000000000000000000
439 0
440 0
441 33065365482110339281110539262249935790463885427063240936137149884768788514304414150608991220106631251778952560024498708913533251435755540300305190109816488310474476936105653091665101463208496056422710102549400654911796079891321583202618921188073572395448132257357986664061064165027222504164697452902053739218329892572672321615010824763310804492893624687575721120877919203649505161483146203979242863099137578418844725999431876843436891823556527795149639951942802202802068777911232019444208457432050369578621286722944952311783765248323982256774310124363940048705943983896251997905038317920497895597300964257725231374262660940219774860635643181798544032946062340623258356747774404526481684917782870743183602625901627021002771615433859516879274222858991638035860259190313693622920666734430036781941065313486360649417577776196670477477100378716369686335903870516667650570348134400000000000000000000000000000000000000000000000000000000000000000000000000000000000000000000000000000000000000
442 0
443 0
444 3223031618376260724015818048860254976901824156540413791715430333364272743800102736313729999493143822901895121307478682387729438169970125936296477923171289483946203210100368916276571223938056374856932821779940300730499680162318722473724206253580275184187229875396599559598120543453240774070018136901712724961218173277454025900534509669796139993146687642810492082389031505480934071019811013176026050839867546433347400157402062457793386848648840041507245237694792986068379543485955478017327888317377182230188923271508543750082128305831690964648241375319906777693672612425878438556585074969291768786000836438679640179215929976923241145048365857531398920499258489880946509775237444073588252425317659600996576972005620589340975808634769029289740696866819560233149692543307374826504214376224383664203523481564066504218715664514248153230964067662671073112702860704155907681670212614765936640000000000000000000000000000000000000000000000000000000000000000000000000000000000000000000000000000000000000
445 0
446 0
447 320596752978079834308747196810551262629001210499954201724071708639947846613293960198031904117655965648572919404920300552362344814344937887491540274906669449154611165925575390979539644429419901739981748935128265725815407648825004577506282264925350719749861803582163079175151099004839437627267411317528621288106876577460061526008797545726304009682251742313441205106199084398318715929028198137823378408745237284990235404870658834786801438721854832385203383163382388576167729617419597579103539464390440913961020098658244433278533931727903447275111303937717107397914848425376079991675732431546615666779171957082659021587506506317009095546367368980006656394842904327347685441191377021473045326435642430488417037021189777096464503638325039536578209399463596910029923914169357343182018584763028604609514941717079406039006308548955221371118967325462827713328762130156351642247268576442198530195456000000000000000000000000000000000000000000000000000000000000000000000000000000000000000000000000000000000000000
448 0
449 0
