0 1
1 0
2 0
3 0
4 1
5 0
6 0
7 0
8 2
9 0
10 0
11 0
12 3
13 0
14 0
15 0
16 4
17 0
18 0
19 0
20 6
21 0
22 0
23 0
24 8
25 0
26 0
27 0
28 10
29 0
30 0
31 0
32 13
33 0
34 0
35 0
36 16
37 0
38 0
39 0
40 20
41 0
42 0
43 0
44 24
45 0
46 0
47 0
48 29
49 0
50 0
51 0
52 34
53 0
54 0
55 0
56 40
57 0
58 0
59 0
60 47
61 0
62 0
63 0
64 54
65 0
66 0
67 0
68 62
69 0
70 0
71 0
72 71
73 0
74 0
75 0
76 80
77 0
78 0
79 0
80 91
81 0
82 0
83 0
84 102
85 0
86 0
87 0
88 114
89 0
90 0
91 0
92 127
93 0
94 0
95 0
96 141
97 0
98 0
99 0
100 156
101 0
102 0
103 0
104 172
105 0
106 0
107 0
108 189
109 0
110 0
111 0
112 207
113 0
114 0
115 0
116 226
117 0
118 0
119 0
120 247
121 0
122 0
123 0
124 268
125 0
126 0
127 0
128 291
129 0
130 0
131 0
132 315
133 0
134 0
135 0
136 340
137 0
138 0
139 0
140 367
141 0
142 0
143 0
144 395
145 0
146 0
147 0
148 424
149 0
150 0
151 0
152 455
153 0
154 0
155 0
156 487
157 0
158 0
159 0
160 521
161 0
162 0
163 0
164 556
165 0
166 0
167 0
168 593
169 0
170 0
171 0
172 631
173 0
174 0
175 0
176 671
177 0
178 0
179 0
180 713
181 0
182 0
183 0
184 756
185 0
186 0
187 0
188 801
189 0
190 0
191 0
192 848
193 0
194 0
195 0
196 896
197 0
198 0
199 0
200 947
201 0
202 0
203 0
204 999
205 0
206 0
207 0
208 1053
209 0
210 0
211 0
212 1109
213 0
214 0
215 0
216 1167
217 0
218 0
219 0
220 1227
221 0
222 0
223 0
224 1289
225 0
226 0
227 0
228 1353
229 0
230 0
231 0
232 1419
233 0
234 0
235 0
236 1487
237 0
238 0
239 0
240 1558
241 0
242 0
243 0
244 1630
245 0
246 0
247 0
248 1705
249 0
250 0
251 0
252 1782
253 0
254 0
255 0
256 1861
257 0
258 0
259 0
260 1943
261 0
262 0
263 0
264 2027
265 0
266 0
267 0
268 2113
269 0
270 0
271 0
272 2202
273 0
274 0
275 0
276 2293
277 0
278 0
279 0
280 2387
281 0
282 0
283 0
284 2483
285 0
286 0
287 0
288 2582
289 0
290 0
291 0
292 2683
293 0
294 0
295 0
296 2787
297 0
298 0
299 0
300 2894
301 0
302 0
303 0
304 3003
305 0
306 0
307 0
308 3115
309 0
310 0
311 0
312 3230
313 0
314 0
315 0
316 3347
317 0
318 0
319 0
320 3468
321 0
322 0
323 0
324 3591
325 0
326 0
327 0
328 3717
329 0
330 0
331 0
332 3846
333 0
334 0
335 0
336 3978
337 0
338 0
339 0
340 4113
341 0
342 0
343 0
344 4251
345 0
346 0
347 0
348 4392
349 0
350 0
351 0
352 4536
353 0
354 0
355 0
356 4683
357 0
358 0
359 0
360 4834
361 0
362 0
363 0
364 4987
365 0
366 0
367 0
368 5144
369 0
370 0
371 0
372 5304
373 0
374 0
375 0
376 5467
377 0
378 0
379 0
380 5634
381 0
382 0
383 0
384 5804
385 0
386 0
387 0
388 5977
389 0
390 0
391 0
392 6154
393 0
394 0
395 0
396 6334
397 0
398 0
399 0
400 6518
401 0
402 0
403 0
404 6705
405 0
406 0
407 0
408 6896
409 0
410 0
411 0
412 7090
413 0
414 0
415 0
416 7288
417 0
418 0
419 0
420 7490
421 0
422 0
423 0
424 7695
425 0
426 0
427 0
428 7904
429 0
430 0
431 0
432 8117
433 0
434 0
435 0
436 8333
437 0
438 0
439 0
440 8554
441 0
442 0
443 0
444 8778
445 0
446 0
447 0
448 9006
449 0
450 0
451 0
452 9238
453 0
454 0
455 0
456 9474
457 0
458 0
459 0
460 9714
461 0
462 0
463 0
464 9958
465 0
466 0
467 0
468 10206
469 0
470 0
471 0
472 10458
473 0
474 0
475 0
476 10714
477 0
478 0
479 0
480 10975
481 0
482 0
483 0
484 11239
485 0
486 0
487 0
488 11508
489 0
490 0
491 0
492 11781
493 0
494 0
495 0
496 12058
497 0
498 0
499 0
500 12340
501 0
502 0
503 0
504 12626
505 0
506 0
507 0
508 12916
509 0
510 0
511 0
512 13211
513 0
514 0
515 0
516 13510
517 0
518 0
519 0
520 13814
521 0
522 0
523 0
524 14122
525 0
526 0
527 0
528 14435
529 0
530 0
531 0
532 14752
533 0
534 0
535 0
536 15074
537 0
538 0
539 0
540 15401
541 0
542 0
543 0
544 15732
545 0
546 0
547 0
548 16068
549 0
550 0
551 0
552 16409
553 0
554 0
555 0
556 16754
557 0
558 0
559 0
560 17105
561 0
562 0
563 0
564 17460
565 0
566 0
567 0
568 17820
569 0
570 0
571 0
572 18185
573 0
574 0
575 0
576 18555
577 0
578 0
579 0
580 18930
581 0
582 0
583 0
584 19310
585 0
586 0
587 0
588 19695
589 0
590 0
591 0
592 20085
593 0
594 0
595 0
596 20480
597 0
598 0
599 0
600 20881
601 0
602 0
603 0
604 21286
605 0
606 0
607 0
608 21697
609 0
610 0
611 0
612 22113
613 0
614 0
615 0
616 22534
617 0
618 0
619 0
620 22961
621 0
622 0
623 0
624 23393
625 0
626 0
627 0
628 23830
629 0
630 0
631 0
632 24273
633 0
634 0
635 0
636 24721
637 0
638 0
639 0
640 25175
641 0
642 0
643 0
644 25634
645 0
646 0
647 0
648 26099
649 0
650 0
651 0
652 26569
653 0
654 0
655 0
656 27045
657 0
658 0
659 0
660 27527
661 0
662 0
663 0
664 28014
665 0
666 0
667 0
668 28507
669 0
670 0
671 0
672 29006
673 0
674 0
675 0
676 29510
677 0
678 0
679 0
680 30021
681 0
682 0
683 0
684 30537
685 0
686 0
687 0
688 31059
689 0
690 0
691 0
692 31587
693 0
694 0
695 0
696 32121
697 0
698 0
699 0
700 32661
701 0
702 0
703 0
704 33207
705 0
706 0
707 0
708 33759
709 0
710 0
711 0
712 34317
713 0
714 0
715 0
716 34881
717 0
718 0
719 0
720 35452
721 0
722 0
723 0
724 36028
725 0
726 0
727 0
728 36611
729 0
730 0
731 0
732 37200
733 0
734 0
735 0
736 37795
737 0
738 0
739 0
740 38397
741 0
742 0
743 0
744 39005
745 0
746 0
747 0
748 39619
749 0
750 0
751 0
752 40240
753 0
754 0
755 0
756 40867
757 0
758 0
759 0
760 41501
761 0
762 0
763 0
764 42141
765 0
766 0
767 0
768 42788
769 0
770 0
771 0
772 43441
773 0
774 0
775 0
776 44101
777 0
778 0
779 0
780 44768
781 0
782 0
783 0
784 45441
785 0
786 0
787 0
788 46121
789 0
790 0
791 0
792 46808
793 0
794 0
795 0
796 47501
797 0
798 0
799 0
800 48202
801 0
802 0
803 0
804 48909
805 0
806 0
807 0
808 49623
809 0
810 0
811 0
812 50344
813 0
814 0
815 0
816 51072
817 0
818 0
819 0
820 51807
821 0
822 0
823 0
824 52549
825 0
826 0
827 0
828 53298
829 0
830 0
831 0
832 54054
833 0
834 0
835 0
836 54817
837 0
838 0
839 0
840 55588
841 0
842 0
843 0
844 56365
845 0
846 0
847 0
848 57150
849 0
850 0
851 0
852 57942
853 0
854 0
855 0
856 58741
857 0
858 0
859 0
860 59548
861 0
862 0
863 0
864 60362
865 0
866 0
867 0
868 61183
869 0
870 0
871 0
872 62012
873 0
874 0
875 0
876 62848
877 0
878 0
879 0
880 63692
881 0
882 0
883 0
884 64543
885 0
886 0
887 0
888 65402
889 0
890 0
891 0
892 66268
893 0
894 0
895 0
896 67142
897 0
898 0
899 0
900 68024
901 0
902 0
903 0
904 68913
905 0
906 0
907 0
908 69810
909 0
910 0
911 0
912 70715
913 0
914 0
915 0
916 71627
917 0
918 0
919 0
920 72548
921 0
922 0
923 0
924 73476
925 0
926 0
927 0
928 74412
929 0
930 0
931 0
932 75356
933 0
934 0
935 0
936 76308
937 0
938 0
939 0
940 77268
941 0
942 0
943 0
944 78236
945 0
946 0
947 0
948 79212
949 0
950 0
951 0
952 80196
953 0
954 0
955 0
956 81188
957 0
958 0
959 0
960 82189
961 0
962 0
963 0
964 83197
965 0
966 0
967 0
968 84214
969 0
970 0
971 0
972 85239
973 0
974 0
975 0
976 86272
977 0
978 0
979 0
980 87314
981 0
982 0
983 0
984 88364
985 0
986 0
987 0
988 89422
989 0
990 0
991 0
992 90489
993 0
994 0
995 0
996 91564
997 0
998 0
999 0
1000 92648
