0 0
1 10
2 18
3 26
4 34
5 42
6 50
7 58
8 66
9 74
10 82
11 90
12 98
13 106
14 114
15 122
16 130
17 138
18 146
19 154
20 162
21 170
22 178
23 186
24 194
25 202
26 210
27 218
28 226
29 234
30 242
31 250
32 258
33 266
34 274
35 282
36 290
37 298
38 306
39 314
40 322
41 330
42 338
43 346
44 354
45 362
46 370
47 378
48 386
49 394
50 402
51 410
52 418
53 426
54 434
55 442
56 450
57 458
58 466
59 474
60 482
61 490
62 498
63 506
64 514
65 522
66 530
67 538
68 546
69 554
70 562
71 570
72 578
73 586
74 594
75 602
76 610
77 618
78 626
79 634
80 642
81 650
82 658
83 666
84 674
85 682
86 690
87 698
88 706
89 714
90 722
91 730
92 738
93 746
94 754
95 762
96 770
97 778
98 786
99 794
100 802
101 810
102 818
103 826
104 834
105 842
106 850
107 858
108 866
109 874
110 882
111 890
112 898
113 906
114 914
115 922
116 930
117 938
118 946
119 954
120 962
121 970
122 978
123 986
124 994
125 1002
126 1010
127 1018
128 1026
129 1034
130 1042
131 1050
132 1058
133 1066
134 1074
135 1082
136 1090
137 1098
138 1106
139 1114
140 1122
141 1130
142 1138
143 1146
144 1154
145 1162
146 1170
147 1178
148 1186
149 1194
150 1202
151 1210
152 1218
153 1226
154 1234
155 1242
156 1250
157 1258
158 1266
159 1274
160 1282
161 1290
162 1298
163 1306
164 1314
165 1322
166 1330
167 1338
168 1346
169 1354
170 1362
171 1370
172 1378
173 1386
174 1394
175 1402
176 1410
177 1418
178 1426
179 1434
180 1442
181 1450
182 1458
183 1466
184 1474
185 1482
186 1490
187 1498
188 1506
189 1514
190 1522
191 1530
192 1538
193 1546
194 1554
195 1562
196 1570
197 1578
198 1586
199 1594
200 1602
201 1610
202 1618
203 1626
204 1634
205 1642
206 1650
207 1658
208 1666
209 1674
210 1682
211 1690
212 1698
213 1706
214 1714
215 1722
216 1730
217 1738
218 1746
219 1754
220 1762
221 1770
222 1778
223 1786
224 1794
225 1802
226 1810
227 1818
228 1826
229 1834
230 1842
231 1850
232 1858
233 1866
234 1874
235 1882
236 1890
237 1898
238 1906
239 1914
240 1922
241 1930
242 1938
243 1946
244 1954
245 1962
246 1970
247 1978
248 1986
249 1994
250 2002
251 2010
252 2018
253 2026
254 2034
255 2042
256 2050
257 2058
258 2066
259 2074
260 2082
261 2090
262 2098
263 2106
264 2114
265 2122
266 2130
267 2138
268 2146
269 2154
270 2162
271 2170
272 2178
273 2186
274 2194
275 2202
276 2210
277 2218
278 2226
279 2234
280 2242
281 2250
282 2258
283 2266
284 2274
285 2282
286 2290
287 2298
288 2306
289 2314
290 2322
291 2330
292 2338
293 2346
294 2354
295 2362
296 2370
297 2378
298 2386
299 2394
300 2402
301 2410
302 2418
303 2426
304 2434
305 2442
306 2450
307 2458
308 2466
309 2474
310 2482
311 2490
312 2498
313 2506
314 2514
315 2522
316 2530
317 2538
318 2546
319 2554
320 2562
321 2570
322 2578
323 2586
324 2594
325 2602
326 2610
327 2618
328 2626
329 2634
330 2642
331 2650
332 2658
333 2666
334 2674
335 2682
336 2690
337 2698
338 2706
339 2714
340 2722
341 2730
342 2738
343 2746
344 2754
345 2762
346 2770
347 2778
348 2786
349 2794
350 2802
351 2810
352 2818
353 2826
354 2834
355 2842
356 2850
357 2858
358 2866
359 2874
360 2882
361 2890
362 2898
363 2906
364 2914
365 2922
366 2930
367 2938
368 2946
369 2954
370 2962
371 2970
372 2978
373 2986
374 2994
375 3002
376 3010
377 3018
378 3026
379 3034
380 3042
381 3050
382 3058
383 3066
384 3074
385 3082
386 3090
387 3098
388 3106
389 3114
390 3122
391 3130
392 3138
393 3146
394 3154
395 3162
396 3170
397 3178
398 3186
399 3194
400 3202
401 3210
402 3218
403 3226
404 3234
405 3242
406 3250
407 3258
408 3266
409 3274
410 3282
411 3290
412 3298
413 3306
414 3314
415 3322
416 3330
417 3338
418 3346
419 3354
420 3362
421 3370
422 3378
423 3386
424 3394
425 3402
426 3410
427 3418
428 3426
429 3434
430 3442
431 3450
432 3458
433 3466
434 3474
435 3482
436 3490
437 3498
438 3506
439 3514
440 3522
441 3530
442 3538
443 3546
444 3554
445 3562
446 3570
447 3578
448 3586
449 3594
450 3602
451 3610
452 3618
453 3626
454 3634
455 3642
456 3650
457 3658
458 3666
459 3674
460 3682
461 3690
462 3698
463 3706
464 3714
465 3722
466 3730
467 3738
468 3746
469 3754
470 3762
471 3770
472 3778
473 3786
474 3794
475 3802
476 3810
477 3818
478 3826
479 3834
480 3842
481 3850
482 3858
483 3866
484 3874
485 3882
486 3890
487 3898
488 3906
489 3914
490 3922
491 3930
492 3938
493 3946
494 3954
495 3962
496 3970
497 3978
498 3986
499 3994
500 4002
501 4010
502 4018
503 4026
504 4034
505 4042
506 4050
507 4058
508 4066
509 4074
510 4082
511 4090
512 4098
513 4106
514 4114
515 4122
516 4130
517 4138
518 4146
519 4154
520 4162
521 4170
522 4178
523 4186
524 4194
525 4202
526 4210
527 4218
528 4226
529 4234
530 4242
531 4250
532 4258
533 4266
534 4274
535 4282
536 4290
537 4298
538 4306
539 4314
540 4322
541 4330
542 4338
543 4346
544 4354
545 4362
546 4370
547 4378
548 4386
549 4394
550 4402
551 4410
552 4418
553 4426
554 4434
555 4442
556 4450
557 4458
558 4466
559 4474
560 4482
561 4490
562 4498
563 4506
564 4514
565 4522
566 4530
567 4538
568 4546
569 4554
570 4562
571 4570
572 4578
573 4586
574 4594
575 4602
576 4610
577 4618
578 4626
579 4634
580 4642
581 4650
582 4658
583 4666
584 4674
585 4682
586 4690
587 4698
588 4706
589 4714
590 4722
591 4730
592 4738
593 4746
594 4754
595 4762
596 4770
597 4778
598 4786
599 4794
600 4802
601 4810
602 4818
603 4826
604 4834
605 4842
606 4850
607 4858
608 4866
609 4874
610 4882
611 4890
612 4898
613 4906
614 4914
615 4922
616 4930
617 4938
618 4946
619 4954
620 4962
621 4970
622 4978
623 4986
624 4994
625 5002
626 5010
627 5018
628 5026
629 5034
630 5042
631 5050
632 5058
633 5066
634 5074
635 5082
636 5090
637 5098
638 5106
639 5114
640 5122
641 5130
642 5138
643 5146
644 5154
645 5162
646 5170
647 5178
648 5186
649 5194
650 5202
651 5210
652 5218
653 5226
654 5234
655 5242
656 5250
657 5258
658 5266
659 5274
660 5282
661 5290
662 5298
663 5306
664 5314
665 5322
666 5330
667 5338
668 5346
669 5354
670 5362
671 5370
672 5378
673 5386
674 5394
675 5402
676 5410
677 5418
678 5426
679 5434
680 5442
681 5450
682 5458
683 5466
684 5474
685 5482
686 5490
687 5498
688 5506
689 5514
690 5522
691 5530
692 5538
693 5546
694 5554
695 5562
696 5570
697 5578
698 5586
699 5594
700 5602
701 5610
702 5618
703 5626
704 5634
705 5642
706 5650
707 5658
708 5666
709 5674
710 5682
711 5690
712 5698
713 5706
714 5714
715 5722
716 5730
717 5738
718 5746
719 5754
720 5762
721 5770
722 5778
723 5786
724 5794
725 5802
726 5810
727 5818
728 5826
729 5834
730 5842
731 5850
732 5858
733 5866
734 5874
735 5882
736 5890
737 5898
738 5906
739 5914
740 5922
741 5930
742 5938
743 5946
744 5954
745 5962
746 5970
747 5978
748 5986
749 5994
750 6002
751 6010
752 6018
753 6026
754 6034
755 6042
756 6050
757 6058
758 6066
759 6074
760 6082
761 6090
762 6098
763 6106
764 6114
765 6122
766 6130
767 6138
768 6146
769 6154
770 6162
771 6170
772 6178
773 6186
774 6194
775 6202
776 6210
777 6218
778 6226
779 6234
780 6242
781 6250
782 6258
783 6266
784 6274
785 6282
786 6290
787 6298
788 6306
789 6314
790 6322
791 6330
792 6338
793 6346
794 6354
795 6362
796 6370
797 6378
798 6386
799 6394
800 6402
801 6410
802 6418
803 6426
804 6434
805 6442
806 6450
807 6458
808 6466
809 6474
810 6482
811 6490
812 6498
813 6506
814 6514
815 6522
816 6530
817 6538
818 6546
819 6554
820 6562
821 6570
822 6578
823 6586
824 6594
825 6602
826 6610
827 6618
828 6626
829 6634
830 6642
831 6650
832 6658
833 6666
834 6674
835 6682
836 6690
837 6698
838 6706
839 6714
840 6722
841 6730
842 6738
843 6746
844 6754
845 6762
846 6770
847 6778
848 6786
849 6794
850 6802
851 6810
852 6818
853 6826
854 6834
855 6842
856 6850
857 6858
858 6866
859 6874
860 6882
861 6890
862 6898
863 6906
864 6914
865 6922
866 6930
867 6938
868 6946
869 6954
870 6962
871 6970
872 6978
873 6986
874 6994
875 7002
876 7010
877 7018
878 7026
879 7034
880 7042
881 7050
882 7058
883 7066
884 7074
885 7082
886 7090
887 7098
888 7106
889 7114
890 7122
891 7130
892 7138
893 7146
894 7154
895 7162
896 7170
897 7178
898 7186
899 7194
900 7202
901 7210
902 7218
903 7226
904 7234
905 7242
906 7250
907 7258
908 7266
909 7274
910 7282
911 7290
912 7298
913 7306
914 7314
915 7322
916 7330
917 7338
918 7346
919 7354
920 7362
921 7370
922 7378
923 7386
924 7394
925 7402
926 7410
927 7418
928 7426
929 7434
930 7442
931 7450
932 7458
933 7466
934 7474
935 7482
936 7490
937 7498
938 7506
939 7514
940 7522
941 7530
942 7538
943 7546
944 7554
945 7562
946 7570
947 7578
948 7586
949 7594
950 7602
951 7610
952 7618
953 7626
954 7634
955 7642
956 7650
957 7658
958 7666
959 7674
960 7682
961 7690
962 7698
963 7706
964 7714
965 7722
966 7730
967 7738
968 7746
969 7754
970 7762
971 7770
972 7778
973 7786
974 7794
975 7802
976 7810
977 7818
978 7826
979 7834
980 7842
981 7850
982 7858
983 7866
984 7874
985 7882
986 7890
987 7898
988 7906
989 7914
990 7922
991 7930
992 7938
993 7946
994 7954
995 7962
996 7970
997 7978
998 7986
999 7994
1000 8002
