0 0
1 12
2 21
3 30
4 39
5 48
6 57
7 66
8 75
9 84
10 93
11 102
12 111
13 120
14 129
15 138
16 147
17 156
18 165
19 174
20 183
21 192
22 201
23 210
24 219
25 228
26 237
27 246
28 255
29 264
30 273
31 282
32 291
33 300
34 309
35 318
36 327
37 336
38 345
39 354
40 363
41 372
42 381
43 390
44 399
45 408
46 417
47 426
48 435
49 444
50 453
51 462
52 471
53 480
54 489
55 498
56 507
57 516
58 525
59 534
60 543
61 552
62 561
63 570
64 579
65 588
66 597
67 606
68 615
69 624
70 633
71 642
72 651
73 660
74 669
75 678
76 687
77 696
78 705
79 714
80 723
81 732
82 741
83 750
84 759
85 768
86 777
87 786
88 795
89 804
90 813
91 822
92 831
93 840
94 849
95 858
96 867
97 876
98 885
99 894
100 903
101 912
102 921
103 930
104 939
105 948
106 957
107 966
108 975
109 984
110 993
111 1002
112 1011
113 1020
114 1029
115 1038
116 1047
117 1056
118 1065
119 1074
120 1083
121 1092
122 1101
123 1110
124 1119
125 1128
126 1137
127 1146
128 1155
129 1164
130 1173
131 1182
132 1191
133 1200
134 1209
135 1218
136 1227
137 1236
138 1245
139 1254
140 1263
141 1272
142 1281
143 1290
144 1299
145 1308
146 1317
147 1326
148 1335
149 1344
150 1353
151 1362
152 1371
153 1380
154 1389
155 1398
156 1407
157 1416
158 1425
159 1434
160 1443
161 1452
162 1461
163 1470
164 1479
165 1488
166 1497
167 1506
168 1515
169 1524
170 1533
171 1542
172 1551
173 1560
174 1569
175 1578
176 1587
177 1596
178 1605
179 1614
180 1623
181 1632
182 1641
183 1650
184 1659
185 1668
186 1677
187 1686
188 1695
189 1704
190 1713
191 1722
192 1731
193 1740
194 1749
195 1758
196 1767
197 1776
198 1785
199 1794
200 1803
201 1812
202 1821
203 1830
204 1839
205 1848
206 1857
207 1866
208 1875
209 1884
210 1893
211 1902
212 1911
213 1920
214 1929
215 1938
216 1947
217 1956
218 1965
219 1974
220 1983
221 1992
222 2001
223 2010
224 2019
225 2028
226 2037
227 2046
228 2055
229 2064
230 2073
231 2082
232 2091
233 2100
234 2109
235 2118
236 2127
237 2136
238 2145
239 2154
240 2163
241 2172
242 2181
243 2190
244 2199
245 2208
246 2217
247 2226
248 2235
249 2244
250 2253
251 2262
252 2271
253 2280
254 2289
255 2298
256 2307
257 2316
258 2325
259 2334
260 2343
261 2352
262 2361
263 2370
264 2379
265 2388
266 2397
267 2406
268 2415
269 2424
270 2433
271 2442
272 2451
273 2460
274 2469
275 2478
276 2487
277 2496
278 2505
279 2514
280 2523
281 2532
282 2541
283 2550
284 2559
285 2568
286 2577
287 2586
288 2595
289 2604
290 2613
291 2622
292 2631
293 2640
294 2649
295 2658
296 2667
297 2676
298 2685
299 2694
300 2703
301 2712
302 2721
303 2730
304 2739
305 2748
306 2757
307 2766
308 2775
309 2784
310 2793
311 2802
312 2811
313 2820
314 2829
315 2838
316 2847
317 2856
318 2865
319 2874
320 2883
321 2892
322 2901
323 2910
324 2919
325 2928
326 2937
327 2946
328 2955
329 2964
330 2973
331 2982
332 2991
333 3000
334 3009
335 3018
336 3027
337 3036
338 3045
339 3054
340 3063
341 3072
342 3081
343 3090
344 3099
345 3108
346 3117
347 3126
348 3135
349 3144
350 3153
351 3162
352 3171
353 3180
354 3189
355 3198
356 3207
357 3216
358 3225
359 3234
360 3243
361 3252
362 3261
363 3270
364 3279
365 3288
366 3297
367 3306
368 3315
369 3324
370 3333
371 3342
372 3351
373 3360
374 3369
375 3378
376 3387
377 3396
378 3405
379 3414
380 3423
381 3432
382 3441
383 3450
384 3459
385 3468
386 3477
387 3486
388 3495
389 3504
390 3513
391 3522
392 3531
393 3540
394 3549
395 3558
396 3567
397 3576
398 3585
399 3594
400 3603
401 3612
402 3621
403 3630
404 3639
405 3648
406 3657
407 3666
408 3675
409 3684
410 3693
411 3702
412 3711
413 3720
414 3729
415 3738
416 3747
417 3756
418 3765
419 3774
420 3783
421 3792
422 3801
423 3810
424 3819
425 3828
426 3837
427 3846
428 3855
429 3864
430 3873
431 3882
432 3891
433 3900
434 3909
435 3918
436 3927
437 3936
438 3945
439 3954
440 3963
441 3972
442 3981
443 3990
444 3999
445 4008
446 4017
447 4026
448 4035
449 4044
450 4053
451 4062
452 4071
453 4080
454 4089
455 4098
456 4107
457 4116
458 4125
459 4134
460 4143
461 4152
462 4161
463 4170
464 4179
465 4188
466 4197
467 4206
468 4215
469 4224
470 4233
471 4242
472 4251
473 4260
474 4269
475 4278
476 4287
477 4296
478 4305
479 4314
480 4323
481 4332
482 4341
483 4350
484 4359
485 4368
486 4377
487 4386
488 4395
489 4404
490 4413
491 4422
492 4431
493 4440
494 4449
495 4458
496 4467
497 4476
498 4485
499 4494
500 4503
501 4512
502 4521
503 4530
504 4539
505 4548
506 4557
507 4566
508 4575
509 4584
510 4593
511 4602
512 4611
513 4620
514 4629
515 4638
516 4647
517 4656
518 4665
519 4674
520 4683
521 4692
522 4701
523 4710
524 4719
525 4728
526 4737
527 4746
528 4755
529 4764
530 4773
531 4782
532 4791
533 4800
534 4809
535 4818
536 4827
537 4836
538 4845
539 4854
540 4863
541 4872
542 4881
543 4890
544 4899
545 4908
546 4917
547 4926
548 4935
549 4944
550 4953
551 4962
552 4971
553 4980
554 4989
555 4998
556 5007
557 5016
558 5025
559 5034
560 5043
561 5052
562 5061
563 5070
564 5079
565 5088
566 5097
567 5106
568 5115
569 5124
570 5133
571 5142
572 5151
573 5160
574 5169
575 5178
576 5187
577 5196
578 5205
579 5214
580 5223
581 5232
582 5241
583 5250
584 5259
585 5268
586 5277
587 5286
588 5295
589 5304
590 5313
591 5322
592 5331
593 5340
594 5349
595 5358
596 5367
597 5376
598 5385
599 5394
600 5403
601 5412
602 5421
603 5430
604 5439
605 5448
606 5457
607 5466
608 5475
609 5484
610 5493
611 5502
612 5511
613 5520
614 5529
615 5538
616 5547
617 5556
618 5565
619 5574
620 5583
621 5592
622 5601
623 5610
624 5619
625 5628
626 5637
627 5646
628 5655
629 5664
630 5673
631 5682
632 5691
633 5700
634 5709
635 5718
636 5727
637 5736
638 5745
639 5754
640 5763
641 5772
642 5781
643 5790
644 5799
645 5808
646 5817
647 5826
648 5835
649 5844
650 5853
651 5862
652 5871
653 5880
654 5889
655 5898
656 5907
657 5916
658 5925
659 5934
660 5943
661 5952
662 5961
663 5970
664 5979
665 5988
666 5997
667 6006
668 6015
669 6024
670 6033
671 6042
672 6051
673 6060
674 6069
675 6078
676 6087
677 6096
678 6105
679 6114
680 6123
681 6132
682 6141
683 6150
684 6159
685 6168
686 6177
687 6186
688 6195
689 6204
690 6213
691 6222
692 6231
693 6240
694 6249
695 6258
696 6267
697 6276
698 6285
699 6294
700 6303
701 6312
702 6321
703 6330
704 6339
705 6348
706 6357
707 6366
708 6375
709 6384
710 6393
711 6402
712 6411
713 6420
714 6429
715 6438
716 6447
717 6456
718 6465
719 6474
720 6483
721 6492
722 6501
723 6510
724 6519
725 6528
726 6537
727 6546
728 6555
729 6564
730 6573
731 6582
732 6591
733 6600
734 6609
735 6618
736 6627
737 6636
738 6645
739 6654
740 6663
741 6672
742 6681
743 6690
744 6699
745 6708
746 6717
747 6726
748 6735
749 6744
750 6753
751 6762
752 6771
753 6780
754 6789
755 6798
756 6807
757 6816
758 6825
759 6834
760 6843
761 6852
762 6861
763 6870
764 6879
765 6888
766 6897
767 6906
768 6915
769 6924
770 6933
771 6942
772 6951
773 6960
774 6969
775 6978
776 6987
777 6996
778 7005
779 7014
780 7023
781 7032
782 7041
783 7050
784 7059
785 7068
786 7077
787 7086
788 7095
789 7104
790 7113
791 7122
792 7131
793 7140
794 7149
795 7158
796 7167
797 7176
798 7185
799 7194
800 7203
801 7212
802 7221
803 7230
804 7239
805 7248
806 7257
807 7266
808 7275
809 7284
810 7293
811 7302
812 7311
813 7320
814 7329
815 7338
816 7347
817 7356
818 7365
819 7374
820 7383
821 7392
822 7401
823 7410
824 7419
825 7428
826 7437
827 7446
828 7455
829 7464
830 7473
831 7482
832 7491
833 7500
834 7509
835 7518
836 7527
837 7536
838 7545
839 7554
840 7563
841 7572
842 7581
843 7590
844 7599
845 7608
846 7617
847 7626
848 7635
849 7644
850 7653
851 7662
852 7671
853 7680
854 7689
855 7698
856 7707
857 7716
858 7725
859 7734
860 7743
861 7752
862 7761
863 7770
864 7779
865 7788
866 7797
867 7806
868 7815
869 7824
870 7833
871 7842
872 7851
873 7860
874 7869
875 7878
876 7887
877 7896
878 7905
879 7914
880 7923
881 7932
882 7941
883 7950
884 7959
885 7968
886 7977
887 7986
888 7995
889 8004
890 8013
891 8022
892 8031
893 8040
894 8049
895 8058
896 8067
897 8076
898 8085
899 8094
900 8103
901 8112
902 8121
903 8130
904 8139
905 8148
906 8157
907 8166
908 8175
909 8184
910 8193
911 8202
912 8211
913 8220
914 8229
915 8238
916 8247
917 8256
918 8265
919 8274
920 8283
921 8292
922 8301
923 8310
924 8319
925 8328
926 8337
927 8346
928 8355
929 8364
930 8373
931 8382
932 8391
933 8400
934 8409
935 8418
936 8427
937 8436
938 8445
939 8454
940 8463
941 8472
942 8481
943 8490
944 8499
945 8508
946 8517
947 8526
948 8535
949 8544
950 8553
951 8562
952 8571
953 8580
954 8589
955 8598
956 8607
957 8616
958 8625
959 8634
960 8643
961 8652
962 8661
963 8670
964 8679
965 8688
966 8697
967 8706
968 8715
969 8724
970 8733
971 8742
972 8751
973 8760
974 8769
975 8778
976 8787
977 8796
978 8805
979 8814
980 8823
981 8832
982 8841
983 8850
984 8859
985 8868
986 8877
987 8886
988 8895
989 8904
990 8913
991 8922
992 8931
993 8940
994 8949
995 8958
996 8967
997 8976
998 8985
999 8994
1000 9003
