0 1
1 5
2 10
3 16
4 23
5 31
6 40
7 50
8 61
9 73
10 86
11 100
12 115
13 131
14 148
15 166
16 185
17 205
18 226
19 248
20 271
21 295
22 320
23 346
24 373
25 401
26 430
27 460
28 491
29 523
30 556
31 590
32 625
33 661
34 698
35 736
36 775
37 815
38 856
39 898
40 941
41 985
42 1030
43 1076
44 1123
45 1171
46 1220
47 1270
48 1321
49 1373
50 1426
51 1480
52 1535
53 1591
54 1648
55 1706
56 1765
57 1825
58 1886
59 1948
60 2011
61 2075
62 2140
63 2206
64 2273
65 2341
66 2410
67 2480
68 2551
69 2623
70 2696
71 2770
72 2845
73 2921
74 2998
75 3076
76 3155
77 3235
78 3316
79 3398
80 3481
81 3565
82 3650
83 3736
84 3823
85 3911
86 4000
87 4090
88 4181
89 4273
90 4366
91 4460
92 4555
93 4651
94 4748
95 4846
96 4945
97 5045
98 5146
99 5248
100 5351
101 5455
102 5560
103 5666
104 5773
105 5881
106 5990
107 6100
108 6211
109 6323
110 6436
111 6550
112 6665
113 6781
114 6898
115 7016
116 7135
117 7255
118 7376
119 7498
120 7621
121 7745
122 7870
123 7996
124 8123
125 8251
126 8380
127 8510
128 8641
129 8773
130 8906
131 9040
132 9175
133 9311
134 9448
135 9586
136 9725
137 9865
138 10006
139 10148
140 10291
141 10435
142 10580
143 10726
144 10873
145 11021
146 11170
147 11320
148 11471
149 11623
150 11776
151 11930
152 12085
153 12241
154 12398
155 12556
156 12715
157 12875
158 13036
159 13198
160 13361
161 13525
162 13690
163 13856
164 14023
165 14191
166 14360
167 14530
168 14701
169 14873
170 15046
171 15220
172 15395
173 15571
174 15748
175 15926
176 16105
177 16285
178 16466
179 16648
180 16831
181 17015
182 17200
183 17386
184 17573
185 17761
186 17950
187 18140
188 18331
189 18523
190 18716
191 18910
192 19105
193 19301
194 19498
195 19696
196 19895
197 20095
198 20296
199 20498
200 20701
201 20905
202 21110
203 21316
204 21523
205 21731
206 21940
207 22150
208 22361
209 22573
210 22786
211 23000
212 23215
213 23431
214 23648
215 23866
216 24085
217 24305
218 24526
219 24748
220 24971
221 25195
222 25420
223 25646
224 25873
225 26101
226 26330
227 26560
228 26791
229 27023
230 27256
231 27490
232 27725
233 27961
234 28198
235 28436
236 28675
237 28915
238 29156
239 29398
240 29641
241 29885
242 30130
243 30376
244 30623
245 30871
246 31120
247 31370
248 31621
249 31873
250 32126
251 32380
252 32635
253 32891
254 33148
255 33406
256 33665
257 33925
258 34186
259 34448
260 34711
261 34975
262 35240
263 35506
264 35773
265 36041
266 36310
267 36580
268 36851
269 37123
270 37396
271 37670
272 37945
273 38221
274 38498
275 38776
276 39055
277 39335
278 39616
279 39898
280 40181
281 40465
282 40750
283 41036
284 41323
285 41611
286 41900
287 42190
288 42481
289 42773
290 43066
291 43360
292 43655
293 43951
294 44248
295 44546
296 44845
297 45145
298 45446
299 45748
300 46051
301 46355
302 46660
303 46966
304 47273
305 47581
306 47890
307 48200
308 48511
309 48823
310 49136
311 49450
312 49765
313 50081
314 50398
315 50716
316 51035
317 51355
318 51676
319 51998
320 52321
321 52645
322 52970
323 53296
324 53623
325 53951
326 54280
327 54610
328 54941
329 55273
330 55606
331 55940
332 56275
333 56611
334 56948
335 57286
336 57625
337 57965
338 58306
339 58648
340 58991
341 59335
342 59680
343 60026
344 60373
345 60721
346 61070
347 61420
348 61771
349 62123
350 62476
351 62830
352 63185
353 63541
354 63898
355 64256
356 64615
357 64975
358 65336
359 65698
360 66061
361 66425
362 66790
363 67156
364 67523
365 67891
366 68260
367 68630
368 69001
369 69373
370 69746
371 70120
372 70495
373 70871
374 71248
375 71626
376 72005
377 72385
378 72766
379 73148
380 73531
381 73915
382 74300
383 74686
384 75073
385 75461
386 75850
387 76240
388 76631
389 77023
390 77416
391 77810
392 78205
393 78601
394 78998
395 79396
396 79795
397 80195
398 80596
399 80998
400 81401
401 81805
402 82210
403 82616
404 83023
405 83431
406 83840
407 84250
408 84661
409 85073
410 85486
411 85900
412 86315
413 86731
414 87148
415 87566
416 87985
417 88405
418 88826
419 89248
420 89671
421 90095
422 90520
423 90946
424 91373
425 91801
426 92230
427 92660
428 93091
429 93523
430 93956
431 94390
432 94825
433 95261
434 95698
435 96136
436 96575
437 97015
438 97456
439 97898
440 98341
441 98785
442 99230
443 99676
444 100123
445 100571
446 101020
447 101470
448 101921
449 102373
450 102826
451 103280
452 103735
453 104191
454 104648
455 105106
456 105565
457 106025
458 106486
459 106948
460 107411
461 107875
462 108340
463 108806
464 109273
465 109741
466 110210
467 110680
468 111151
469 111623
470 112096
471 112570
472 113045
473 113521
474 113998
475 114476
476 114955
477 115435
478 115916
479 116398
480 116881
481 117365
482 117850
483 118336
484 118823
485 119311
486 119800
487 120290
488 120781
489 121273
490 121766
491 122260
492 122755
493 123251
494 123748
495 124246
496 124745
497 125245
498 125746
499 126248
500 126751
501 127255
502 127760
503 128266
504 128773
505 129281
506 129790
507 130300
508 130811
509 131323
510 131836
511 132350
512 132865
513 133381
514 133898
515 134416
516 134935
517 135455
518 135976
519 136498
520 137021
521 137545
522 138070
523 138596
524 139123
525 139651
526 140180
527 140710
528 141241
529 141773
530 142306
531 142840
532 143375
533 143911
534 144448
535 144986
536 145525
537 146065
538 146606
539 147148
540 147691
541 148235
542 148780
543 149326
544 149873
545 150421
546 150970
547 151520
548 152071
549 152623
550 153176
551 153730
552 154285
553 154841
554 155398
555 155956
556 156515
557 157075
558 157636
559 158198
560 158761
561 159325
562 159890
563 160456
564 161023
565 161591
566 162160
567 162730
568 163301
569 163873
570 164446
571 165020
572 165595
573 166171
574 166748
575 167326
576 167905
577 168485
578 169066
579 169648
580 170231
581 170815
582 171400
583 171986
584 172573
585 173161
586 173750
587 174340
588 174931
589 175523
590 176116
591 176710
592 177305
593 177901
594 178498
595 179096
596 179695
597 180295
598 180896
599 181498
600 182101
601 182705
602 183310
603 183916
604 184523
605 185131
606 185740
607 186350
608 186961
609 187573
610 188186
611 188800
612 189415
613 190031
614 190648
615 191266
616 191885
617 192505
618 193126
619 193748
620 194371
621 194995
622 195620
623 196246
624 196873
625 197501
626 198130
627 198760
628 199391
629 200023
630 200656
631 201290
632 201925
633 202561
634 203198
635 203836
636 204475
637 205115
638 205756
639 206398
640 207041
641 207685
642 208330
643 208976
644 209623
645 210271
646 210920
647 211570
648 212221
649 212873
650 213526
651 214180
652 214835
653 215491
654 216148
655 216806
656 217465
657 218125
658 218786
659 219448
660 220111
661 220775
662 221440
663 222106
664 222773
665 223441
666 224110
667 224780
668 225451
669 226123
670 226796
671 227470
672 228145
673 228821
674 229498
675 230176
676 230855
677 231535
678 232216
679 232898
680 233581
681 234265
682 234950
683 235636
684 236323
685 237011
686 237700
687 238390
688 239081
689 239773
690 240466
691 241160
692 241855
693 242551
694 243248
695 243946
696 244645
697 245345
698 246046
699 246748
700 247451
701 248155
702 248860
703 249566
704 250273
705 250981
706 251690
707 252400
708 253111
709 253823
710 254536
711 255250
712 255965
713 256681
714 257398
715 258116
716 258835
717 259555
718 260276
719 260998
720 261721
721 262445
722 263170
723 263896
724 264623
725 265351
726 266080
727 266810
728 267541
729 268273
730 269006
731 269740
732 270475
733 271211
734 271948
735 272686
736 273425
737 274165
738 274906
739 275648
740 276391
741 277135
742 277880
743 278626
744 279373
745 280121
746 280870
747 281620
748 282371
749 283123
750 283876
751 284630
752 285385
753 286141
754 286898
755 287656
756 288415
757 289175
758 289936
759 290698
760 291461
761 292225
762 292990
763 293756
764 294523
765 295291
766 296060
767 296830
768 297601
769 298373
770 299146
771 299920
772 300695
773 301471
774 302248
775 303026
776 303805
777 304585
778 305366
779 306148
780 306931
781 307715
782 308500
783 309286
784 310073
785 310861
786 311650
787 312440
788 313231
789 314023
790 314816
791 315610
792 316405
793 317201
794 317998
795 318796
796 319595
797 320395
798 321196
799 321998
800 322801
801 323605
802 324410
803 325216
804 326023
805 326831
806 327640
807 328450
808 329261
809 330073
810 330886
811 331700
812 332515
813 333331
814 334148
815 334966
816 335785
817 336605
818 337426
819 338248
820 339071
821 339895
822 340720
823 341546
824 342373
825 343201
826 344030
827 344860
828 345691
829 346523
830 347356
831 348190
832 349025
833 349861
834 350698
835 351536
836 352375
837 353215
838 354056
839 354898
840 355741
841 356585
842 357430
843 358276
844 359123
845 359971
846 360820
847 361670
848 362521
849 363373
850 364226
851 365080
852 365935
853 366791
854 367648
855 368506
856 369365
857 370225
858 371086
859 371948
860 372811
861 373675
862 374540
863 375406
864 376273
865 377141
866 378010
867 378880
868 379751
869 380623
870 381496
871 382370
872 383245
873 384121
874 384998
875 385876
876 386755
877 387635
878 388516
879 389398
880 390281
881 391165
882 392050
883 392936
884 393823
885 394711
886 395600
887 396490
888 397381
889 398273
890 399166
891 400060
892 400955
893 401851
894 402748
895 403646
896 404545
897 405445
898 406346
899 407248
900 408151
901 409055
902 409960
903 410866
904 411773
905 412681
906 413590
907 414500
908 415411
909 416323
910 417236
911 418150
912 419065
913 419981
914 420898
915 421816
916 422735
917 423655
918 424576
919 425498
920 426421
921 427345
922 428270
923 429196
924 430123
925 431051
926 431980
927 432910
928 433841
929 434773
930 435706
931 436640
932 437575
933 438511
934 439448
935 440386
936 441325
937 442265
938 443206
939 444148
940 445091
941 446035
942 446980
943 447926
944 448873
945 449821
946 450770
947 451720
948 452671
949 453623
950 454576
951 455530
952 456485
953 457441
954 458398
955 459356
956 460315
957 461275
958 462236
959 463198
960 464161
961 465125
962 466090
963 467056
964 468023
965 468991
966 469960
967 470930
968 471901
969 472873
970 473846
971 474820
972 475795
973 476771
974 477748
975 478726
976 479705
977 480685
978 481666
979 482648
980 483631
981 484615
982 485600
983 486586
984 487573
985 488561
986 489550
987 490540
988 491531
989 492523
990 493516
991 494510
992 495505
993 496501
994 497498
995 498496
996 499495
997 500495
998 501496
999 502498
1000 503501
