0 0
1 1
2 0
3 0
4 1
5 0
6 0
7 1
8 0
9 0
10 2
11 0
12 0
13 4
14 0
15 0
16 8
17 0
18 0
19 17
20 0
21 0
22 39
23 0
24 0
25 89
26 0
27 0
28 211
29 0
30 0
31 507
32 0
33 0
34 1238
35 0
36 0
37 3057
38 0
39 0
40 7639
41 0
42 0
43 19241
44 0
45 0
46 48865
47 0
48 0
49 124906
50 0
51 0
52 321198
53 0
54 0
55 830219
56 0
57 0
58 2156010
59 0
60 0
61 5622109
62 0
63 0
64 14715813
65 0
66 0
67 38649152
68 0
69 0
70 101821927
71 0
72 0
73 269010485
74 0
75 0
76 712566567
77 0
78 0
79 1891993344
80 0
81 0
82 5034704828
83 0
84 0
85 13425117806
86 0
87 0
88 35866550869
89 0
90 0
91 95991365288
92 0
93 0
94 257332864506
95 0
96 0
97 690928354105
98 0
99 0
100 1857821351559
101 0
102 0
103 5002305607153
104 0
105 0
106 13486440075669
107 0
108 0
109 36404382430278
110 0
111 0
112 98380779170283
113 0
114 0
115 266158552000477
116 0
117 0
118 720807976831447
119 0
120 0
121 1954002050661819
122 0
123 0
124 5301950692017063
125 0
126 0
127 14398991611139217
128 0
129 0
130 39137768751465752
131 0
132 0
133 106465954658531465
134 0
135 0
136 289841389106439413
137 0
138 0
139 789642117549095761
140 0
141 0
142 2152814945971655556
143 0
144 0
145 5873225808361331954
146 0
147 0
148 16033495247557039074
149 0
150 0
151 43797554941937577760
152 0
153 0
154 119710153806425838814
155 0
156 0
157 327387061440387339008
158 0
159 0
160 895843085951178143691
161 0
162 0
163 2452637333887058055384
164 0
165 0
166 6718266278929859733622
167 0
168 0
169 18411771398697833823000
170 0
171 0
172 50482497809955343038577
173 0
174 0
175 138479602828722198112039
176 0
177 0
178 380035071896650874765695
179 0
180 0
181 1043393111652308730560544
182 0
183 0
184 2865843809192062819497928
185 0
186 0
187 7874653977974760120343666
188 0
189 0
190 21646080934050220557892722
191 0
192 0
193 59523793603181888124081873
194 0
195 0
196 163742112144282534714835522
197 0
198 0
199 450592339345898249869218319
200 0
201 0
202 1240384226853570945094452814
203 0
204 0
205 3415649288845609819552552130
206 0
207 0
208 9408723335387757252898214212
209 0
210 0
211 25925341104562842786074383801
212 0
213 0
214 71457982691643838449175520936
215 0
216 0
217 197017958333300282255614336794
218 0
219 0
220 543358066498116791491048793218
221 0
222 0
223 1498953849616752546689802091439
224 0
225 0
226 4136270918924306555319895187994
227 0
228 0
229 11416819269749659903244393933095
230 0
231 0
232 31520543436975671843005866727635
233 0
234 0
235 87046595485364266327991021865784
236 0
237 0
238 240445481264024116481889057815169
239 0
240 0
241 664332507296471677736372953010226
242 0
243 0
244 1835928910350418500278990976469861
245 0
246 0
247 5074873286445647518042353897671634
248 0
249 0
250 14031081066302277328140290178287812
251 0
252 0
253 38801752647739183194830502890941088
254 0
255 0
256 107325668225681414089071298904099717
257 0
258 0
259 296924311570321654884671456351866990
260 0
261 0
262 821628959039106655246064771197152568
263 0
264 0
265 2274005628877041705221344665004233781
266 0
267 0
268 6294934468640373568081967026378999337
269 0
270 0
271 17429017252313753220203391776963723417
272 0
273 0
274 48265274930187086026934877354369433592
275 0
276 0
277 133682671606330111681925831160058336852
278 0
279 0
280 370332819047582236460638550485414321953
281 0
282 0
283 1026087505221182547255970631028299069618
284 0
285 0
286 2843479637566109306175945756955049227258
287 0
288 0
289 7881118057903303046879598021785329267924
290 0
291 0
292 21847212898278527375129113460976162456395
293 0
294 0
295 60572193491813719514851889145800693998935
296 0
297 0
298 167964775240641674296692581041350933570844
299 0
300 0
301 465832107463665143875912088515974576774802
302 0
303 0
304 1292128187552711994115200443174614798254176
305 0
306 0
307 3584639443851848470813572923453953537250471
308 0
309 0
310 9945985307347128461637296947712006913849916
311 0
312 0
313 27600147135309968703380177022909343380105889
314 0
315 0
316 76601109510329652007299785489960772460486863
317 0
318 0
319 212626634003973225077619661616114832466954789
320 0
321 0
322 590280047573891922253980777735472910264507976
323 0
324 0
325 1638910749322470397030124762705039820638384405
326 0
327 0
328 4551014500113039495391353040459717430957066370
329 0
330 0
331 12639090792778565290601808366141330111870849910
332 0
333 0
334 35105661252884687973424581925519035845450644475
335 0
336 0
337 97519446925253365667902689020665068039148543666
338 0
339 0
340 270930009310979476573524690910026697137719062427
341 0
342 0
343 752790089479696429375651077573387055642054159930
344 0
345 0
346 2091898865836368821661339920043153532871529150730
347 0
348 0
349 5813753598879463131231046415044312613410837157393
350 0
351 0
352 16159237379371057725956289703828206184967955052490
353 0
354 0
355 44919258790727210738857016306746505225353844706289
356 0
357 0
358 124879451516075076230812451279105290708838461334811
359 0
360 0
361 347212445692091631123026590380141698491980660689928
362 0
363 0
364 965483206742560020227074235803046451302331846342785
365 0
366 0
367 2684964582451297839369714354686370270704217771178186
368 0
369 0
370 7467514436605091590309255208963633552304405984312827
371 0
372 0
373 20770958905282318572615682847987244282787921402680169
374 0
375 0
376 57780234296217014277788038162419722917720074367021407
377 0
378 0
379 160747287773026283520139337192926631354118670515851534
380 0
381 0
382 447248564800884301058865039014428491177201466533027680
383 0
384 0
385 1244499028089467846414339807320583869008770710871051385
386 0
387 0
388 3463218125185215091250787268725577711491168474551901166
389 0
390 0
391 9638383343021903875974970521530729904280785793625399949
392 0
393 0
394 26826685155137346009539723227681691191671308211544358169
395 0
396 0
397 74673707141717586654629257457412971542509468795087559220
398 0
399 0
400 207876656861921541121766632071198681438907230730133160641
401 0
402 0
403 578735986867122607843845280409454561863883948631018522258
404 0
405 0
406 1611355850507614667532072787551166324700854449260930368091
407 0
408 0
409 4486814402306352134959618198288114629381845965280012136320
410 0
411 0
412 12494529340604901529319963279887692339700819019659945043673
413 0
414 0
415 34796562065133048368194642487990418394649186865241843735670
416 0
417 0
418 96914088129471640551984444999543386478958453409133744419007
419 0
420 0
421 269942422886105332554607621483006700028952493110244168494048
422 0
423 0
424 751949270113463262154605728696722120324628542156992680305649
425 0
426 0
427 2094781100105801412548051109959088076884447047000461346970751
428 0
429 0
430 5836076785461237782032154886714654346630901793965586610141571
431 0
432 0
433 16260546747681690189434901426910674350272818198051523298325093
434 0
435 0
436 45308600540969143116187274609428867161979877438110636036392583
437 0
438 0
439 126257468796989110703748529494722611127878500250074670748069968
440 0
441 0
442 351855231715597360191604149315850606457892118714607804102162863
443 0
444 0
445 980620659395061517958088761658936375847913804353542419866673883
446 0
447 0
448 2733176956048094966881449491010846121858299363257153029223161214
449 0
450 0
451 7618399655658208182905184261787763990297518092851463820538307291
452 0
453 0
454 21236779284735955849333634016204917831422591777086043709566879173
455 0
456 0
457 59202776447387391175641167899106015012375844624073024280073761429
458 0
459 0
460 165053083040702739892535055871012982758572024365255595518758643137
461 0
462 0
463 460185559655219380263378687875194807302310595960959859157884541023
464 0
465 0
466 1283127320587062974986879970635200461263538272832664650660806887875
467 0
468 0
469 3577944380248777816601833145452013909164054423759096304723729564552
470 0
471 0
472 9977555216067153111972824947385381681347491285535569840658483706911
473 0
474 0
475 27825378292018290317234482997803634493086800851438641480939628063394
476 0
477 0
478 77603992496364079013754945055472087237852888766393862286878804062557
479 0
480 0
481 216447600844947503803598241721274778966001731381504565490539336276975
482 0
483 0
484 603735747125136671957073479502217257951559256483260134315948005360494
485 0
486 0
487 1684093094287174661658546089840431636461022833426189222735991130320562
488 0
489 0
490 4697968272012493374836897962274552613547316462587443480319903764057823
491 0
492 0
493 13106252826576318817660403507522453845693506780591797700358885443702295
494 0
495 0
496 36565471997942278047057738635419282446288600068379047288483156126110568
497 0
498 0
499 102020562661645529371537948698615705733256202927244983119426795675479037
500 0
501 0
502 284660918666627529431528129555809155133495023034423903996276387380654178
503 0
504 0
505 794312320193420433942469419514451222047187122698557804741160115908580301
506 0
507 0
508 2216551336571021867718953609689197606477418571186719310569994123748890541
509 0
510 0
511 6185674478063413684584732285048152013474952032894600580094932279729975302
512 0
513 0
514 17263101874637767426070314897669779787561297533441839730215983183039034345
515 0
516 0
517 48180671435409821620789233221387318967535940145981559904471653891249477133
518 0
519 0
520 134477258628879608199561520755110863037306625315284771249334679291888442571
521 0
522 0
523 375358779380211647963294573057656901408688129381932478194354967273668832252
524 0
525 0
526 1047769595412178820098670597251303212772474414539299193570151336564060509651
527 0
528 0
529 2924867813986999657559549193259266338599869791364104434719536856540579642947
530 0
531 0
532 8165216277242157685078683175783708145745855924561288000906673863690410898741
533 0
534 0
535 22795540968280582696859406955152841359695589319088860745386868454737498401558
536 0
537 0
538 63643292929729687023130640895706263980360502529884348493690776349186564299601
539 0
540 0
541 177695193774707675579748242462576922919642413425384109421706113917262482581670
542 0
543 0
544 496156626398433311034222117748827877583475313826290872541698171179896770320287
545 0
546 0
547 1385420995206752479799933413767549295594592408649074835593344369739801305129827
548 0
549 0
550 3868693916762586689446604583155800785157796099250211612153944594516109761756416
551 0
552 0
553 10803547838440990253634975265373232518150642024722062508974481517871400875940893
554 0
555 0
556 30170856601634453123631247625424610644997234971082988370482612107855962128574407
557 0
558 0
559 84261248089306173977155817577022863066116031479493264966625353140686445599317701
560 0
561 0
562 235335224609150873352047084229691716451250589409832422610745614028550825944015361
563 0
564 0
565 657301444911785066201786509686585790453976679626350775986888452499216521572825386
566 0
567 0
568 1835949121324516150955680099553128575918552588771063582859852184745594315681285444
569 0
570 0
571 5128317517970878835977824581113344507264491516007818316370948190817604603692934815
572 0
573 0
574 14325414288110331718450748069955237899507974090503797175542757183802585075967987672
575 0
576 0
577 40018177444346749401579812031889617710226003028825863905160043776367241482655315432
578 0
579 0
580 111795691502826242634967074010667384329687697979205890639420671822264744131238947457
581 0
582 0
583 312327547688639972663521262918664043513041508514231112829755847012066059073637025388
584 0
585 0
586 872595160711391800039886038255886259968797453399395951964449616215143656431697983031
587 0
588 0
589 2437992787663446073608019491395721879295443538367560088601284414484831970073130830216
590 0
591 0
592 6811911020032157516017847577194563486808600074732427473845751017055141451334290850113
593 0
594 0
595 19033658738660028494792528061182009925982103982790635336066999242184138554537229427287
596 0
597 0
598 53185369868217692341836307530751738984099566672167433723383732781337761592757625884906
599 0
600 0
601 148620430963902894755242879402783321943130575044098998314262124546362130396311396056391
602 0
603 0
604 415318342582315799625198273638339765065757891965549132319171549793558544129978396498032
605 0
606 0
607 1160646083163352031934395114556341909676311930648992044495646836528288379186857412464619
608 0
609 0
610 3243653471776644524914148335964900537744729504193408275486974763770508689888110304667204
611 0
612 0
613 9065356314541371977631477498910207404510991645951920892979516411452267467558472320516293
614 0
615 0
616 25336751886560276951923394007910652270545188756758039847876465529316228773588482495874647
617 0
618 0
619 70816177136139690448041929004714822781315633456464653162574661714685137539954954554918242
620 0
621 0
622 197938078019653282492276405740241188261509423063726814067771921946256496188745237582077705
623 0
624 0
625 553275452468200550895171698402903524657404862550985283573557524945461663134794340065189578
626 0
627 0
628 1546566120719568954006800498287037135577910897499575415617820682152666218454674498165902968
629 0
630 0
631 4323251254191726456019718491556636092951042139815030655050029417681426060816169921072210950
632 0
633 0
634 12085572063657115625926133011773349203115431773941124159366957204338990123145367684149967274
635 0
636 0
637 33786138756668970060686157083864940196090463305159994278067451350431254945715589945815424620
638 0
639 0
640 94454876772168580018472156633459242559362301899496123214900162731140588563985649581668797389
641 0
642 0
643 264073334922957032853589895806899547250853836390179085430488156923734142855415053002194776389
644 0
645 0
646 738310288889974925011093582619182131284392828362889936029450687063449781397910414848938381059
647 0
648 0
649 2064274110264405095536745419958801016873716813795811962226356031660258065933423126395825765786
650 0
651 0
652 5771779819997864567191406577884301204313928002313758327950203553008926627860944498930808550855
653 0
654 0
655 16138603859814864159384538520947807246558896983515799724467055250606388867782763847461740708926
656 0
657 0
658 45126937090658832060046274530328539493964595784726982713250350743255928937406911632603412999948
659 0
660 0
661 126188366658174988397403226879297483752709677454961286698018261062802978920792855649644537360945
662 0
663 0
664 352871206922203204852892271482343624358506962948044711495832137204924822380954506387265498971317
665 0
666 0
667 986793880986671957024234570841661854381617423375329811577282412795229947759984058062191623572116
668 0
669 0
670 2759623751491022265219608247371670317599910097166323215385478523761887816764434633582490581620734
671 0
672 0
673 7717673185658453774697630362927926792672976859215546692081569684748587248901903010392575595341004
674 0
675 0
676 21584195226428633920983703236308481733399968241092581328064687014274505456803057412604655373715085
677 0
678 0
679 60366804751844753060016153229394410665088189983284300886973313219754395126253641211083886947047377
680 0
681 0
682 168839188479811487897123683898280252322996314378065049608580168736737407471678826662991280023367855
683 0
684 0
685 472238020439475915196784140499610404595098544085709230869945746906179852692043638115948496438405432
686 0
687 0
688 1320873293973512341839051496446283460990453079814758996333990846976075804491848623812813507794954219
689 0
690 0
691 3694654025173267647365683394510729166696798102730523742477283891952211335940610238812993623851476737
692 0
693 0
694 10334719480595898763696243391611152421182378927524807371483396778921282055825096286667258357220189422
695 0
696 0
697 28909181963186688788182306508786417538244350318770204353076528920733709249343867580171136586821423929
698 0
699 0
700 80869545262654662702643721075040634444324136151774769376145101849332274391193492257001354577821599916
701 0
702 0
703 226227910567721869489307037288133337475091702686813464529360533039933678649419080171114329692571645409
704 0
705 0
706 632876909348317898827663188353233291930306017689371606365713756788178094409625509351897788024223763558
707 0
708 0
709 1770533298167799821716606822171153559785611190732611487182317701068039697225940860781602933529456210790
710 0
711 0
712 4953368403750503702881057009505479601578276980277296347167692457227052225534119599169822855321942761993
713 0
714 0
715 13858261255087544819014713958891054899471408178203333854064814250092273930724554934958214569030049661471
716 0
717 0
718 38772905457076644479282726455293125896711284590355265972271580429526154209649169204036670275467880491071
719 0
720 0
721 108482413604123357631391338753657769371653665860284748336704822741714560111990642056360490929403248678163
722 0
723 0
724 303530004691083222385313201790545713619525722930421869387775009694336497626943847595873071110641771931810
725 0
726 0
727 849288260623332268695902965863906714645021348643233265378882593793139123693089036589079889975963165575992
728 0
729 0
730 2376400987129815460988311505269657621614587845289505949739872345692259310518330945196455257412033046397942
731 0
732 0
733 6649597321291229644478105285414022976015815906486397702050871708780346639201540524035743113905415972670735
734 0
735 0
736 18607237391883254458523307619412022308880134562912048446411002588251863687641713038571056585785043671645273
737 0
738 0
739 52069006423046777835245557984916537166462731682429725896356872900874146480457635545368619326730418802642775
740 0
741 0
742 145709354814677786186664741409735072668596533363330357341133765617832275247191870747029638285658156401862091
743 0
744 0
745 407761525545103954152170445237887121155975518447941552189281694005653892158472091885389056044719334417124408
746 0
747 0
748 1141131346371374202754026293534697536167872110814780225116370648871776454210958917002618447722307450605850363
749 0
750 0
751 3193563238858643648160145454984006765555707697200483281535827141357870182454134781308726862680238895461096534
752 0
753 0
754 8937700898166022132964583597986997490846676698694377814315778269245346163840657806338236041020662856703275911
755 0
756 0
757 25014189852196069842335073986502397753211854963902154911221681388276130520228457180915959092596900799502247991
758 0
759 0
760 70009554393440911861453915003992295220909592300083613822218114012510048472100796398033396482433513983054055487
761 0
762 0
763 195946879245743477141676328422117663028486235599937825882601323665768312547475574072791360608788629275866065017
764 0
765 0
766 548440445389459263697121640842932739484376511048593850912458869962435915139190522957077664240419186939782518683
767 0
768 0
769 1535078559321262587695910842798314269419188685266114620631363045620286170818871291443330542029996378443894259154
770 0
771 0
772 4296765636786267664239811863977525698700000712389575853878558622174107746947450741833640865514749259286994223424
773 0
774 0
775 12027145876574022942969046949730811216723422335684216131801159319866804303272746731563908358021412205783197977757
776 0
777 0
778 33666135489586979078195727650900245952296051141357275872416005694392822519603926684133775621710970522803768911715
779 0
780 0
781 94239648144135992671100021430398907728994577453188213818993749761361875184878714253073166272442969501103548420363
782 0
783 0
784 263805393965970729078302530823052607022846530623528361113368931080545785199345177528291397628559507436177151018642
785 0
786 0
787 738487653875880630441346797989033794193514227385181395939829751043385334841612754097472129190155001106804143131617
788 0
789 0
790 2067341805294064031956257651632842527334178413987306402427482192901065220780369965702025316184882041350422781000232
791 0
792 0
793 5787496517548068806100345346761715022762320023541132799743808460253239915874092616106437515389075742211921611513318
794 0
795 0
796 16202369619081845556624330075772157350618392211693466830706496080630410996401672064128330273544059749452641404720422
797 0
798 0
799 45360266201532481119834372731112775800410233937234110993688551622324430568082034990270237851851395929600023601982149
800 0
801 0
802 126993604738517168383710091890962973076378308275467709395672782042332436311111460230044587517521488828945791526494693
803 0
804 0
805 355547177661295987626381785082772797633125908872272174811399562968086279635331351873315314602167703624349072532248469
806 0
807 0
808 995455110621109879055692933624874974148984064468689049127900969465334259016575664269546471007291860504222478389775242
809 0
810 0
811 2787116477060138627673180225039003677514159057577055675842321050826343746119471403293119006758522725076458099640335771
812 0
813 0
814 7803644627877870548371151297849006666593496864279052005142595762237817882992786445958259517830764489308825142398940790
815 0
816 0
817 21849862566734318351049745269961910398991255463492169436274313227177064422175885234657403075886758842864520053479718759
818 0
819 0
820 61179895601609324597043864317976627468979684765256758745644968358378836648319735217215246757426783834560811262702245768
821 0
822 0
823 171307937043649955354954681965662933907979340732008002761388802571473643980996312612486872235411681896571417495769491785
824 0
825 0
826 479683640162918279180150366930044539765311340631709855808131625730997977807088348198261614124321609234889255841463725704
827 0
828 0
829 1343200775414215909793287850146211873091270984621782211946129146117686797335875442452205671190406223222714536969240571377
830 0
831 0
832 3761278606433434264888100722660816245368021277633169491972845984423950541971635415001573597351875803033377192228962317054
833 0
834 0
835 10532671884932361058752383068479923902919201621045928420568753501396076837780500452978222388795877427021506568932255062436
836 0
837 0
838 29495110476590330307503486924626684918385028051056587439735889512440694875272549169679931291199586218236039584109099708531
839 0
840 0
841 82598062375226373906983066896592420284338132363887044242449409422161108152455418227851481323632552676445670540373869127798
842 0
843 0
844 231311908927719533592132420422465505259517063386531486891182441266445900598412776317107900323487546148753953301624229802862
845 0
846 0
847 647790191181901203966007285031219445548217151515785437536882460601755198106829754015730063123425498207234064819694245002238
848 0
849 0
850 1814173948222209404423318311522552653609141373223984155419520676313480157721027861090389403740360952619187670927862711814425
851 0
852 0
853 5080794275416143026140476589761208859941180360026327360208059917155790320881120480076333056736059803351169225562166355989369
854 0
855 0
856 14229589231559050373119535727955471455582929288151859517380070389628065431858695352227321442443447841539000270706116298277913
857 0
858 0
859 39853010040020245325404544591527572619080344800602672890367473904447332652102677058482246224083215440275282637535158833068646
860 0
861 0
862 111618928751951563071963324996862087270751141885479036715882197755446568101009439869730531944588940231673514238615084292289631
863 0
864 0
865 312624113063264323327221117892188645655890289058426149573113234285190522979175431444248897923732756091175247746053727169071747
866 0
867 0
868 875618525449493087441657300186217128757739934931776730102352434666963515410547533089540577928265234545549964089481584043932838
869 0
870 0
871 2452534933728872927757656503255924772154657650868574394698291084595673082989892839243703678114368050994795765469936703897219828
872 0
873 0
874 6869469527842198857716257395121037578224604890657943400560557934985531072453518694341128396785985548295465255662147127559209493
875 0
876 0
877 19241498267785658415567110621491875395212281720857869111159621683036967003634721556104809612221589492799211279549077077492407545
878 0
879 0
880 53896703542009446320424512746617263243362335282257335533763121640856304657454347663428616755375956962760119402063151171005499545
881 0
882 0
883 150970850533442505208197767386857043292357403534460170506480586698159355552577384621508242617429624497891457238006813376752864267
884 0
885 0
886 422894005875281240306776726609437443069658769103064898590032128159302138837843484119081578710958588469664038916655383702275585261
887 0
888 0
889 1184615567682301661990234871955996675462667731326821163647783654141067541387773352260594067407185214715362889567308787345145166346
890 0
891 0
892 3318415550365160835562721744121142608130812291669476665579800741877955238811878529736975187428786100843090653010965838686049747126
893 0
894 0
895 9295900834975050074096357473030391779711715634201231151605379478825542262642061454931028462103383997779675994825411009704628322317
896 0
897 0
898 26041111869733924550903318528077108541554594582697786417973925744520586061373338629493382304479466252737046855700862820661217032178
899 0
900 0
901 72951603804599825613889375770830115970729975686795316050956574109889656384030497662131121637975659429570359948542945415950479895157
902 0
903 0
904 204370118285736491252724532090009806974713242336856237651381383298292165117262736762078243780763296013739398355319421945440535463943
905 0
906 0
907 572541711523003733411014182266536888962528101035832781843125240552043971083402710393262026136201005652919233914223721756317404173304
908 0
909 0
910 1603998668773469610861701682835777373911356954081648400598353296261871164180725462477287519779378912625265676586773929086296295301256
911 0
912 0
913 4493740235398706597325321210539468952840905240129915729280120593074356871878019028494649896442778381235791142243350695330408567294387
914 0
915 0
916 12589803941086456788327231872325553253378600879660311701945402423890341629572553024173867088651247430057537311309029756003259244596964
917 0
918 0
919 35272558808240989319870701704166033426837808882100949613317969326708250754897129072895289564269429218546153744010027763293570610376084
920 0
921 0
922 98823883436160896470790343141994000459123597346190326827472475787598316823650952811163746560206645151456067885430012694758479126101772
923 0
924 0
925 276881393226861927505488038760320906224356694146763521101729710400066000683710614204228072092463623253754012094450683446584155364813228
926 0
927 0
928 775769119216901133093375912024387913606000431616365403607491560081744610220688211243114857514308088324942615317090192689470321844885091
929 0
930 0
931 2173591967224509430530670615995931398093892221528862628386130643048318794791219403969068550668029905038122996747657111886782268316222513
932 0
933 0
934 6090182760800956601641844490299455640599139184161404286185320013963427578122498730244152235004319855269879721557245603469508402610904984
935 0
936 0
937 17064334664540322047261398965887796974183267419453889004719470164343470006377248720211704470195796731159751676930426240040814614325599788
938 0
939 0
940 47814000327989255875835760854537021052264688783926193729690805192006232265858465816789361269821089231683123381325132988739706769065472168
941 0
942 0
943 133976134684359222603481360639573104200434610290822823909658947610667119362675946362458864950855992096751378296716660116510203977684071996
944 0
945 0
946 375410494284765482449646289189967959485060038614541466325622371830277385518370516149996016399750382363558050473221567960491030431478940573
947 0
948 0
949 1051942333933397187689441203584271352894152436133152380537580500229800038459995714266925459165452893306164402922436631181147861300294604646
950 0
951 0
952 2947704708709971883936553130630103073613996108578831341771188618333037381087825309718216911183485375648520906026823001328034216799837366134
953 0
954 0
955 8260046538478619869036366910822155427385700125943951143810881359141353753485523171812141481560950424942792917477907722834463497854915173949
956 0
957 0
958 23146612944243618947939012765381209681504481477492953019940364625225835329505119715033352112328325462141548563018335172076856565819584250627
959 0
960 0
961 64863264231382241704803369175791932934427787854258809136739857077682855212774232931249937056621923265185023749501453817899300167194967183284
962 0
963 0
964 181767614633326471033483138065771789924989403988387105885943158266226463693374578313203231202780615475322590972266566948484610412531377166215
965 0
966 0
967 509378407981829240867176327175000982285665067363658749453697610261129232063699447150627602540299961778483262478157279733413629102279846305997
968 0
969 0
970 1427482631854744897071618921435641613826903918476502299067114303188731106785001898722316872181726518743564327435311155155926856824395773504456
971 0
972 0
973 4000436421965171569360556874961190724019951786491464098688895752564899899994156616369747929390482853569532516806041356526842617199918448628039
974 0
975 0
976 11211148691078027946461406735261426141526688933676782880432170044035442135520725780240368113687933937054222631341971240758057548136313935925750
977 0
978 0
979 31419481552217083408890706601115620389214869020221740796186178716157463787082376230859015317505171895712890670560496945851042691923078830249159
980 0
981 0
982 88055003942401782372584933101519867356395019244549764858164552823837893390323090709086376335677721842076858488541610905702968842071636429596002
983 0
984 0
985 246782951549786260305030132990716037392131555773588643928312654939234002459304062360051159798575455924664196126437820524116410041498811164673606
986 0
987 0
988 691643527838921904391947065386332822889888483865507020615305203614365322708110256739403012884980569719631258656200827499576417560777563995294589
989 0
990 0
991 1938453973929214370053595374306689124703851556896150310881873947497372688555829102350078412351159568717879685096583209654823765753900226827142170
992 0
993 0
994 5432936723781333624504643794588648916040023830648828567648398060834571700020075468411282129781890680705171060269608329372642043788495024013870734
995 0
996 0
997 15227189094868469872150840531313068495711547412495208428102048866246709728365477343516062933597629561841436885533367168561159750002418480765591877
998 0
999 0
1000 42678656539314328019407908470040774297159625202867812338103165541439731511254873268672280836822306142027707336023690479094904915313685726258988259
