0 0
1 19
2 30
3 41
4 52
5 63
6 74
7 85
8 96
9 107
10 118
11 129
12 140
13 151
14 162
15 173
16 184
17 195
18 206
19 217
20 228
21 239
22 250
23 261
24 272
25 283
26 294
27 305
28 316
29 327
30 338
31 349
32 360
33 371
34 382
35 393
36 404
37 415
38 426
39 437
40 448
41 459
42 470
43 481
44 492
45 503
46 514
47 525
48 536
49 547
50 558
51 569
52 580
53 591
54 602
55 613
56 624
57 635
58 646
59 657
60 668
61 679
62 690
63 701
64 712
65 723
66 734
67 745
68 756
69 767
70 778
71 789
72 800
73 811
74 822
75 833
76 844
77 855
78 866
79 877
80 888
81 899
82 910
83 921
84 932
85 943
86 954
87 965
88 976
89 987
90 998
91 1009
92 1020
93 1031
94 1042
95 1053
96 1064
97 1075
98 1086
99 1097
100 1108
101 1119
102 1130
103 1141
104 1152
105 1163
106 1174
107 1185
108 1196
109 1207
110 1218
111 1229
112 1240
113 1251
114 1262
115 1273
116 1284
117 1295
118 1306
119 1317
120 1328
121 1339
122 1350
123 1361
124 1372
125 1383
126 1394
127 1405
128 1416
129 1427
130 1438
131 1449
132 1460
133 1471
134 1482
135 1493
136 1504
137 1515
138 1526
139 1537
140 1548
141 1559
142 1570
143 1581
144 1592
145 1603
146 1614
147 1625
148 1636
149 1647
150 1658
151 1669
152 1680
153 1691
154 1702
155 1713
156 1724
157 1735
158 1746
159 1757
160 1768
161 1779
162 1790
163 1801
164 1812
165 1823
166 1834
167 1845
168 1856
169 1867
170 1878
171 1889
172 1900
173 1911
174 1922
175 1933
176 1944
177 1955
178 1966
179 1977
180 1988
181 1999
182 2010
183 2021
184 2032
185 2043
186 2054
187 2065
188 2076
189 2087
190 2098
191 2109
192 2120
193 2131
194 2142
195 2153
196 2164
197 2175
198 2186
199 2197
200 2208
201 2219
202 2230
203 2241
204 2252
205 2263
206 2274
207 2285
208 2296
209 2307
210 2318
211 2329
212 2340
213 2351
214 2362
215 2373
216 2384
217 2395
218 2406
219 2417
220 2428
221 2439
222 2450
223 2461
224 2472
225 2483
226 2494
227 2505
228 2516
229 2527
230 2538
231 2549
232 2560
233 2571
234 2582
235 2593
236 2604
237 2615
238 2626
239 2637
240 2648
241 2659
242 2670
243 2681
244 2692
245 2703
246 2714
247 2725
248 2736
249 2747
250 2758
251 2769
252 2780
253 2791
254 2802
255 2813
256 2824
257 2835
258 2846
259 2857
260 2868
261 2879
262 2890
263 2901
264 2912
265 2923
266 2934
267 2945
268 2956
269 2967
270 2978
271 2989
272 3000
273 3011
274 3022
275 3033
276 3044
277 3055
278 3066
279 3077
280 3088
281 3099
282 3110
283 3121
284 3132
285 3143
286 3154
287 3165
288 3176
289 3187
290 3198
291 3209
292 3220
293 3231
294 3242
295 3253
296 3264
297 3275
298 3286
299 3297
300 3308
301 3319
302 3330
303 3341
304 3352
305 3363
306 3374
307 3385
308 3396
309 3407
310 3418
311 3429
312 3440
313 3451
314 3462
315 3473
316 3484
317 3495
318 3506
319 3517
320 3528
321 3539
322 3550
323 3561
324 3572
325 3583
326 3594
327 3605
328 3616
329 3627
330 3638
331 3649
332 3660
333 3671
334 3682
335 3693
336 3704
337 3715
338 3726
339 3737
340 3748
341 3759
342 3770
343 3781
344 3792
345 3803
346 3814
347 3825
348 3836
349 3847
350 3858
351 3869
352 3880
353 3891
354 3902
355 3913
356 3924
357 3935
358 3946
359 3957
360 3968
361 3979
362 3990
363 4001
364 4012
365 4023
366 4034
367 4045
368 4056
369 4067
370 4078
371 4089
372 4100
373 4111
374 4122
375 4133
376 4144
377 4155
378 4166
379 4177
380 4188
381 4199
382 4210
383 4221
384 4232
385 4243
386 4254
387 4265
388 4276
389 4287
390 4298
391 4309
392 4320
393 4331
394 4342
395 4353
396 4364
397 4375
398 4386
399 4397
400 4408
401 4419
402 4430
403 4441
404 4452
405 4463
406 4474
407 4485
408 4496
409 4507
410 4518
411 4529
412 4540
413 4551
414 4562
415 4573
416 4584
417 4595
418 4606
419 4617
420 4628
421 4639
422 4650
423 4661
424 4672
425 4683
426 4694
427 4705
428 4716
429 4727
430 4738
431 4749
432 4760
433 4771
434 4782
435 4793
436 4804
437 4815
438 4826
439 4837
440 4848
441 4859
442 4870
443 4881
444 4892
445 4903
446 4914
447 4925
448 4936
449 4947
450 4958
451 4969
452 4980
453 4991
454 5002
455 5013
456 5024
457 5035
458 5046
459 5057
460 5068
461 5079
462 5090
463 5101
464 5112
465 5123
466 5134
467 5145
468 5156
469 5167
470 5178
471 5189
472 5200
473 5211
474 5222
475 5233
476 5244
477 5255
478 5266
479 5277
480 5288
481 5299
482 5310
483 5321
484 5332
485 5343
486 5354
487 5365
488 5376
489 5387
490 5398
491 5409
492 5420
493 5431
494 5442
495 5453
496 5464
497 5475
498 5486
499 5497
500 5508
501 5519
502 5530
503 5541
504 5552
505 5563
506 5574
507 5585
508 5596
509 5607
510 5618
511 5629
512 5640
513 5651
514 5662
515 5673
516 5684
517 5695
518 5706
519 5717
520 5728
521 5739
522 5750
523 5761
524 5772
525 5783
526 5794
527 5805
528 5816
529 5827
530 5838
531 5849
532 5860
533 5871
534 5882
535 5893
536 5904
537 5915
538 5926
539 5937
540 5948
541 5959
542 5970
543 5981
544 5992
545 6003
546 6014
547 6025
548 6036
549 6047
550 6058
551 6069
552 6080
553 6091
554 6102
555 6113
556 6124
557 6135
558 6146
559 6157
560 6168
561 6179
562 6190
563 6201
564 6212
565 6223
566 6234
567 6245
568 6256
569 6267
570 6278
571 6289
572 6300
573 6311
574 6322
575 6333
576 6344
577 6355
578 6366
579 6377
580 6388
581 6399
582 6410
583 6421
584 6432
585 6443
586 6454
587 6465
588 6476
589 6487
590 6498
591 6509
592 6520
593 6531
594 6542
595 6553
596 6564
597 6575
598 6586
599 6597
600 6608
601 6619
602 6630
603 6641
604 6652
605 6663
606 6674
607 6685
608 6696
609 6707
610 6718
611 6729
612 6740
613 6751
614 6762
615 6773
616 6784
617 6795
618 6806
619 6817
620 6828
621 6839
622 6850
623 6861
624 6872
625 6883
626 6894
627 6905
628 6916
629 6927
630 6938
631 6949
632 6960
633 6971
634 6982
635 6993
636 7004
637 7015
638 7026
639 7037
640 7048
641 7059
642 7070
643 7081
644 7092
645 7103
646 7114
647 7125
648 7136
649 7147
650 7158
651 7169
652 7180
653 7191
654 7202
655 7213
656 7224
657 7235
658 7246
659 7257
660 7268
661 7279
662 7290
663 7301
664 7312
665 7323
666 7334
667 7345
668 7356
669 7367
670 7378
671 7389
672 7400
673 7411
674 7422
675 7433
676 7444
677 7455
678 7466
679 7477
680 7488
681 7499
682 7510
683 7521
684 7532
685 7543
686 7554
687 7565
688 7576
689 7587
690 7598
691 7609
692 7620
693 7631
694 7642
695 7653
696 7664
697 7675
698 7686
699 7697
700 7708
701 7719
702 7730
703 7741
704 7752
705 7763
706 7774
707 7785
708 7796
709 7807
710 7818
711 7829
712 7840
713 7851
714 7862
715 7873
716 7884
717 7895
718 7906
719 7917
720 7928
721 7939
722 7950
723 7961
724 7972
725 7983
726 7994
727 8005
728 8016
729 8027
730 8038
731 8049
732 8060
733 8071
734 8082
735 8093
736 8104
737 8115
738 8126
739 8137
740 8148
741 8159
742 8170
743 8181
744 8192
745 8203
746 8214
747 8225
748 8236
749 8247
750 8258
751 8269
752 8280
753 8291
754 8302
755 8313
756 8324
757 8335
758 8346
759 8357
760 8368
761 8379
762 8390
763 8401
764 8412
765 8423
766 8434
767 8445
768 8456
769 8467
770 8478
771 8489
772 8500
773 8511
774 8522
775 8533
776 8544
777 8555
778 8566
779 8577
780 8588
781 8599
782 8610
783 8621
784 8632
785 8643
786 8654
787 8665
788 8676
789 8687
790 8698
791 8709
792 8720
793 8731
794 8742
795 8753
796 8764
797 8775
798 8786
799 8797
800 8808
801 8819
802 8830
803 8841
804 8852
805 8863
806 8874
807 8885
808 8896
809 8907
810 8918
811 8929
812 8940
813 8951
814 8962
815 8973
816 8984
817 8995
818 9006
819 9017
820 9028
821 9039
822 9050
823 9061
824 9072
825 9083
826 9094
827 9105
828 9116
829 9127
830 9138
831 9149
832 9160
833 9171
834 9182
835 9193
836 9204
837 9215
838 9226
839 9237
840 9248
841 9259
842 9270
843 9281
844 9292
845 9303
846 9314
847 9325
848 9336
849 9347
850 9358
851 9369
852 9380
853 9391
854 9402
855 9413
856 9424
857 9435
858 9446
859 9457
860 9468
861 9479
862 9490
863 9501
864 9512
865 9523
866 9534
867 9545
868 9556
869 9567
870 9578
871 9589
872 9600
873 9611
874 9622
875 9633
876 9644
877 9655
878 9666
879 9677
880 9688
881 9699
882 9710
883 9721
884 9732
885 9743
886 9754
887 9765
888 9776
889 9787
890 9798
891 9809
892 9820
893 9831
894 9842
895 9853
896 9864
897 9875
898 9886
899 9897
900 9908
901 9919
902 9930
903 9941
904 9952
905 9963
906 9974
907 9985
908 9996
909 10007
910 10018
911 10029
912 10040
913 10051
914 10062
915 10073
916 10084
917 10095
918 10106
919 10117
920 10128
921 10139
922 10150
923 10161
924 10172
925 10183
926 10194
927 10205
928 10216
929 10227
930 10238
931 10249
932 10260
933 10271
934 10282
935 10293
936 10304
937 10315
938 10326
939 10337
940 10348
941 10359
942 10370
943 10381
944 10392
945 10403
946 10414
947 10425
948 10436
949 10447
950 10458
951 10469
952 10480
953 10491
954 10502
955 10513
956 10524
957 10535
958 10546
959 10557
960 10568
961 10579
962 10590
963 10601
964 10612
965 10623
966 10634
967 10645
968 10656
969 10667
970 10678
971 10689
972 10700
973 10711
974 10722
975 10733
976 10744
977 10755
978 10766
979 10777
980 10788
981 10799
982 10810
983 10821
984 10832
985 10843
986 10854
987 10865
988 10876
989 10887
990 10898
991 10909
992 10920
993 10931
994 10942
995 10953
996 10964
997 10975
998 10986
999 10997
1000 11008
