0 0
1 12
2 20
3 28
4 36
5 44
6 52
7 60
8 68
9 76
10 84
11 92
12 100
13 108
14 116
15 124
16 132
17 140
18 148
19 156
20 164
21 172
22 180
23 188
24 196
25 204
26 212
27 220
28 228
29 236
30 244
31 252
32 260
33 268
34 276
35 284
36 292
37 300
38 308
39 316
40 324
41 332
42 340
43 348
44 356
45 364
46 372
47 380
48 388
49 396
50 404
51 412
52 420
53 428
54 436
55 444
56 452
57 460
58 468
59 476
60 484
61 492
62 500
63 508
64 516
65 524
66 532
67 540
68 548
69 556
70 564
71 572
72 580
73 588
74 596
75 604
76 612
77 620
78 628
79 636
80 644
81 652
82 660
83 668
84 676
85 684
86 692
87 700
88 708
89 716
90 724
91 732
92 740
93 748
94 756
95 764
96 772
97 780
98 788
99 796
100 804
101 812
102 820
103 828
104 836
105 844
106 852
107 860
108 868
109 876
110 884
111 892
112 900
113 908
114 916
115 924
116 932
117 940
118 948
119 956
120 964
121 972
122 980
123 988
124 996
125 1004
126 1012
127 1020
128 1028
129 1036
130 1044
131 1052
132 1060
133 1068
134 1076
135 1084
136 1092
137 1100
138 1108
139 1116
140 1124
141 1132
142 1140
143 1148
144 1156
145 1164
146 1172
147 1180
148 1188
149 1196
150 1204
151 1212
152 1220
153 1228
154 1236
155 1244
156 1252
157 1260
158 1268
159 1276
160 1284
161 1292
162 1300
163 1308
164 1316
165 1324
166 1332
167 1340
168 1348
169 1356
170 1364
171 1372
172 1380
173 1388
174 1396
175 1404
176 1412
177 1420
178 1428
179 1436
180 1444
181 1452
182 1460
183 1468
184 1476
185 1484
186 1492
187 1500
188 1508
189 1516
190 1524
191 1532
192 1540
193 1548
194 1556
195 1564
196 1572
197 1580
198 1588
199 1596
200 1604
201 1612
202 1620
203 1628
204 1636
205 1644
206 1652
207 1660
208 1668
209 1676
210 1684
211 1692
212 1700
213 1708
214 1716
215 1724
216 1732
217 1740
218 1748
219 1756
220 1764
221 1772
222 1780
223 1788
224 1796
225 1804
226 1812
227 1820
228 1828
229 1836
230 1844
231 1852
232 1860
233 1868
234 1876
235 1884
236 1892
237 1900
238 1908
239 1916
240 1924
241 1932
242 1940
243 1948
244 1956
245 1964
246 1972
247 1980
248 1988
249 1996
250 2004
251 2012
252 2020
253 2028
254 2036
255 2044
256 2052
257 2060
258 2068
259 2076
260 2084
261 2092
262 2100
263 2108
264 2116
265 2124
266 2132
267 2140
268 2148
269 2156
270 2164
271 2172
272 2180
273 2188
274 2196
275 2204
276 2212
277 2220
278 2228
279 2236
280 2244
281 2252
282 2260
283 2268
284 2276
285 2284
286 2292
287 2300
288 2308
289 2316
290 2324
291 2332
292 2340
293 2348
294 2356
295 2364
296 2372
297 2380
298 2388
299 2396
300 2404
301 2412
302 2420
303 2428
304 2436
305 2444
306 2452
307 2460
308 2468
309 2476
310 2484
311 2492
312 2500
313 2508
314 2516
315 2524
316 2532
317 2540
318 2548
319 2556
320 2564
321 2572
322 2580
323 2588
324 2596
325 2604
326 2612
327 2620
328 2628
329 2636
330 2644
331 2652
332 2660
333 2668
334 2676
335 2684
336 2692
337 2700
338 2708
339 2716
340 2724
341 2732
342 2740
343 2748
344 2756
345 2764
346 2772
347 2780
348 2788
349 2796
350 2804
351 2812
352 2820
353 2828
354 2836
355 2844
356 2852
357 2860
358 2868
359 2876
360 2884
361 2892
362 2900
363 2908
364 2916
365 2924
366 2932
367 2940
368 2948
369 2956
370 2964
371 2972
372 2980
373 2988
374 2996
375 3004
376 3012
377 3020
378 3028
379 3036
380 3044
381 3052
382 3060
383 3068
384 3076
385 3084
386 3092
387 3100
388 3108
389 3116
390 3124
391 3132
392 3140
393 3148
394 3156
395 3164
396 3172
397 3180
398 3188
399 3196
400 3204
401 3212
402 3220
403 3228
404 3236
405 3244
406 3252
407 3260
408 3268
409 3276
410 3284
411 3292
412 3300
413 3308
414 3316
415 3324
416 3332
417 3340
418 3348
419 3356
420 3364
421 3372
422 3380
423 3388
424 3396
425 3404
426 3412
427 3420
428 3428
429 3436
430 3444
431 3452
432 3460
433 3468
434 3476
435 3484
436 3492
437 3500
438 3508
439 3516
440 3524
441 3532
442 3540
443 3548
444 3556
445 3564
446 3572
447 3580
448 3588
449 3596
450 3604
451 3612
452 3620
453 3628
454 3636
455 3644
456 3652
457 3660
458 3668
459 3676
460 3684
461 3692
462 3700
463 3708
464 3716
465 3724
466 3732
467 3740
468 3748
469 3756
470 3764
471 3772
472 3780
473 3788
474 3796
475 3804
476 3812
477 3820
478 3828
479 3836
480 3844
481 3852
482 3860
483 3868
484 3876
485 3884
486 3892
487 3900
488 3908
489 3916
490 3924
491 3932
492 3940
493 3948
494 3956
495 3964
496 3972
497 3980
498 3988
499 3996
500 4004
501 4012
502 4020
503 4028
504 4036
505 4044
506 4052
507 4060
508 4068
509 4076
510 4084
511 4092
512 4100
513 4108
514 4116
515 4124
516 4132
517 4140
518 4148
519 4156
520 4164
521 4172
522 4180
523 4188
524 4196
525 4204
526 4212
527 4220
528 4228
529 4236
530 4244
531 4252
532 4260
533 4268
534 4276
535 4284
536 4292
537 4300
538 4308
539 4316
540 4324
541 4332
542 4340
543 4348
544 4356
545 4364
546 4372
547 4380
548 4388
549 4396
550 4404
551 4412
552 4420
553 4428
554 4436
555 4444
556 4452
557 4460
558 4468
559 4476
560 4484
561 4492
562 4500
563 4508
564 4516
565 4524
566 4532
567 4540
568 4548
569 4556
570 4564
571 4572
572 4580
573 4588
574 4596
575 4604
576 4612
577 4620
578 4628
579 4636
580 4644
581 4652
582 4660
583 4668
584 4676
585 4684
586 4692
587 4700
588 4708
589 4716
590 4724
591 4732
592 4740
593 4748
594 4756
595 4764
596 4772
597 4780
598 4788
599 4796
600 4804
601 4812
602 4820
603 4828
604 4836
605 4844
606 4852
607 4860
608 4868
609 4876
610 4884
611 4892
612 4900
613 4908
614 4916
615 4924
616 4932
617 4940
618 4948
619 4956
620 4964
621 4972
622 4980
623 4988
624 4996
625 5004
626 5012
627 5020
628 5028
629 5036
630 5044
631 5052
632 5060
633 5068
634 5076
635 5084
636 5092
637 5100
638 5108
639 5116
640 5124
641 5132
642 5140
643 5148
644 5156
645 5164
646 5172
647 5180
648 5188
649 5196
650 5204
651 5212
652 5220
653 5228
654 5236
655 5244
656 5252
657 5260
658 5268
659 5276
660 5284
661 5292
662 5300
663 5308
664 5316
665 5324
666 5332
667 5340
668 5348
669 5356
670 5364
671 5372
672 5380
673 5388
674 5396
675 5404
676 5412
677 5420
678 5428
679 5436
680 5444
681 5452
682 5460
683 5468
684 5476
685 5484
686 5492
687 5500
688 5508
689 5516
690 5524
691 5532
692 5540
693 5548
694 5556
695 5564
696 5572
697 5580
698 5588
699 5596
700 5604
701 5612
702 5620
703 5628
704 5636
705 5644
706 5652
707 5660
708 5668
709 5676
710 5684
711 5692
712 5700
713 5708
714 5716
715 5724
716 5732
717 5740
718 5748
719 5756
720 5764
721 5772
722 5780
723 5788
724 5796
725 5804
726 5812
727 5820
728 5828
729 5836
730 5844
731 5852
732 5860
733 5868
734 5876
735 5884
736 5892
737 5900
738 5908
739 5916
740 5924
741 5932
742 5940
743 5948
744 5956
745 5964
746 5972
747 5980
748 5988
749 5996
750 6004
751 6012
752 6020
753 6028
754 6036
755 6044
756 6052
757 6060
758 6068
759 6076
760 6084
761 6092
762 6100
763 6108
764 6116
765 6124
766 6132
767 6140
768 6148
769 6156
770 6164
771 6172
772 6180
773 6188
774 6196
775 6204
776 6212
777 6220
778 6228
779 6236
780 6244
781 6252
782 6260
783 6268
784 6276
785 6284
786 6292
787 6300
788 6308
789 6316
790 6324
791 6332
792 6340
793 6348
794 6356
795 6364
796 6372
797 6380
798 6388
799 6396
800 6404
801 6412
802 6420
803 6428
804 6436
805 6444
806 6452
807 6460
808 6468
809 6476
810 6484
811 6492
812 6500
813 6508
814 6516
815 6524
816 6532
817 6540
818 6548
819 6556
820 6564
821 6572
822 6580
823 6588
824 6596
825 6604
826 6612
827 6620
828 6628
829 6636
830 6644
831 6652
832 6660
833 6668
834 6676
835 6684
836 6692
837 6700
838 6708
839 6716
840 6724
841 6732
842 6740
843 6748
844 6756
845 6764
846 6772
847 6780
848 6788
849 6796
850 6804
851 6812
852 6820
853 6828
854 6836
855 6844
856 6852
857 6860
858 6868
859 6876
860 6884
861 6892
862 6900
863 6908
864 6916
865 6924
866 6932
867 6940
868 6948
869 6956
870 6964
871 6972
872 6980
873 6988
874 6996
875 7004
876 7012
877 7020
878 7028
879 7036
880 7044
881 7052
882 7060
883 7068
884 7076
885 7084
886 7092
887 7100
888 7108
889 7116
890 7124
891 7132
892 7140
893 7148
894 7156
895 7164
896 7172
897 7180
898 7188
899 7196
900 7204
901 7212
902 7220
903 7228
904 7236
905 7244
906 7252
907 7260
908 7268
909 7276
910 7284
911 7292
912 7300
913 7308
914 7316
915 7324
916 7332
917 7340
918 7348
919 7356
920 7364
921 7372
922 7380
923 7388
924 7396
925 7404
926 7412
927 7420
928 7428
929 7436
930 7444
931 7452
932 7460
933 7468
934 7476
935 7484
936 7492
937 7500
938 7508
939 7516
940 7524
941 7532
942 7540
943 7548
944 7556
945 7564
946 7572
947 7580
948 7588
949 7596
950 7604
951 7612
952 7620
953 7628
954 7636
955 7644
956 7652
957 7660
958 7668
959 7676
960 7684
961 7692
962 7700
963 7708
964 7716
965 7724
966 7732
967 7740
968 7748
969 7756
970 7764
971 7772
972 7780
973 7788
974 7796
975 7804
976 7812
977 7820
978 7828
979 7836
980 7844
981 7852
982 7860
983 7868
984 7876
985 7884
986 7892
987 7900
988 7908
989 7916
990 7924
991 7932
992 7940
993 7948
994 7956
995 7964
996 7972
997 7980
998 7988
999 7996
1000 8004
