0 0
1 22
2 44
3 66
4 88
5 110
6 132
7 154
8 176
9 198
10 220
11 242
12 264
13 286
14 308
15 330
16 352
17 374
18 396
19 418
20 440
21 462
22 484
23 506
24 528
25 550
26 572
27 594
28 616
29 638
30 660
31 682
32 704
33 726
34 748
35 770
36 792
37 814
38 836
39 858
40 880
41 902
42 924
43 946
44 968
45 990
46 1012
47 1034
48 1056
49 1078
50 1100
51 1122
52 1144
53 1166
54 1188
55 1210
56 1232
57 1254
58 1276
59 1298
60 1320
61 1342
62 1364
63 1386
64 1408
65 1430
66 1452
67 1474
68 1496
69 1518
70 1540
71 1562
72 1584
73 1606
74 1628
75 1650
76 1672
77 1694
78 1716
79 1738
80 1760
81 1782
82 1804
83 1826
84 1848
85 1870
86 1892
87 1914
88 1936
89 1958
90 1980
91 2002
92 2024
93 2046
94 2068
95 2090
96 2112
97 2134
98 2156
99 2178
100 2200
101 2222
102 2244
103 2266
104 2288
105 2310
106 2332
107 2354
108 2376
109 2398
110 2420
111 2442
112 2464
113 2486
114 2508
115 2530
116 2552
117 2574
118 2596
119 2618
120 2640
121 2662
122 2684
123 2706
124 2728
125 2750
126 2772
127 2794
128 2816
129 2838
130 2860
131 2882
132 2904
133 2926
134 2948
135 2970
136 2992
137 3014
138 3036
139 3058
140 3080
141 3102
142 3124
143 3146
144 3168
145 3190
146 3212
147 3234
148 3256
149 3278
150 3300
151 3322
152 3344
153 3366
154 3388
155 3410
156 3432
157 3454
158 3476
159 3498
160 3520
161 3542
162 3564
163 3586
164 3608
165 3630
166 3652
167 3674
168 3696
169 3718
170 3740
171 3762
172 3784
173 3806
174 3828
175 3850
176 3872
177 3894
178 3916
179 3938
180 3960
181 3982
182 4004
183 4026
184 4048
185 4070
186 4092
187 4114
188 4136
189 4158
190 4180
191 4202
192 4224
193 4246
194 4268
195 4290
196 4312
197 4334
198 4356
199 4378
200 4400
201 4422
202 4444
203 4466
204 4488
205 4510
206 4532
207 4554
208 4576
209 4598
210 4620
211 4642
212 4664
213 4686
214 4708
215 4730
216 4752
217 4774
218 4796
219 4818
220 4840
221 4862
222 4884
223 4906
224 4928
225 4950
226 4972
227 4994
228 5016
229 5038
230 5060
231 5082
232 5104
233 5126
234 5148
235 5170
236 5192
237 5214
238 5236
239 5258
240 5280
241 5302
242 5324
243 5346
244 5368
245 5390
246 5412
247 5434
248 5456
249 5478
250 5500
251 5522
252 5544
253 5566
254 5588
255 5610
256 5632
257 5654
258 5676
259 5698
260 5720
261 5742
262 5764
263 5786
264 5808
265 5830
266 5852
267 5874
268 5896
269 5918
270 5940
271 5962
272 5984
273 6006
274 6028
275 6050
276 6072
277 6094
278 6116
279 6138
280 6160
281 6182
282 6204
283 6226
284 6248
285 6270
286 6292
287 6314
288 6336
289 6358
290 6380
291 6402
292 6424
293 6446
294 6468
295 6490
296 6512
297 6534
298 6556
299 6578
300 6600
301 6622
302 6644
303 6666
304 6688
305 6710
306 6732
307 6754
308 6776
309 6798
310 6820
311 6842
312 6864
313 6886
314 6908
315 6930
316 6952
317 6974
318 6996
319 7018
320 7040
321 7062
322 7084
323 7106
324 7128
325 7150
326 7172
327 7194
328 7216
329 7238
330 7260
331 7282
332 7304
333 7326
334 7348
335 7370
336 7392
337 7414
338 7436
339 7458
340 7480
341 7502
342 7524
343 7546
344 7568
345 7590
346 7612
347 7634
348 7656
349 7678
350 7700
351 7722
352 7744
353 7766
354 7788
355 7810
356 7832
357 7854
358 7876
359 7898
360 7920
361 7942
362 7964
363 7986
364 8008
365 8030
366 8052
367 8074
368 8096
369 8118
370 8140
371 8162
372 8184
373 8206
374 8228
375 8250
376 8272
377 8294
378 8316
379 8338
380 8360
381 8382
382 8404
383 8426
384 8448
385 8470
386 8492
387 8514
388 8536
389 8558
390 8580
391 8602
392 8624
393 8646
394 8668
395 8690
396 8712
397 8734
398 8756
399 8778
400 8800
401 8822
402 8844
403 8866
404 8888
405 8910
406 8932
407 8954
408 8976
409 8998
410 9020
411 9042
412 9064
413 9086
414 9108
415 9130
416 9152
417 9174
418 9196
419 9218
420 9240
421 9262
422 9284
423 9306
424 9328
425 9350
426 9372
427 9394
428 9416
429 9438
430 9460
431 9482
432 9504
433 9526
434 9548
435 9570
436 9592
437 9614
438 9636
439 9658
440 9680
441 9702
442 9724
443 9746
444 9768
445 9790
446 9812
447 9834
448 9856
449 9878
450 9900
451 9922
452 9944
453 9966
454 9988
455 10010
456 10032
457 10054
458 10076
459 10098
460 10120
461 10142
462 10164
463 10186
464 10208
465 10230
466 10252
467 10274
468 10296
469 10318
470 10340
471 10362
472 10384
473 10406
474 10428
475 10450
476 10472
477 10494
478 10516
479 10538
480 10560
481 10582
482 10604
483 10626
484 10648
485 10670
486 10692
487 10714
488 10736
489 10758
490 10780
491 10802
492 10824
493 10846
494 10868
495 10890
496 10912
497 10934
498 10956
499 10978
500 11000
501 11022
502 11044
503 11066
504 11088
505 11110
506 11132
507 11154
508 11176
509 11198
510 11220
511 11242
512 11264
513 11286
514 11308
515 11330
516 11352
517 11374
518 11396
519 11418
520 11440
521 11462
522 11484
523 11506
524 11528
525 11550
526 11572
527 11594
528 11616
529 11638
530 11660
531 11682
532 11704
533 11726
534 11748
535 11770
536 11792
537 11814
538 11836
539 11858
540 11880
541 11902
542 11924
543 11946
544 11968
545 11990
546 12012
547 12034
548 12056
549 12078
550 12100
551 12122
552 12144
553 12166
554 12188
555 12210
556 12232
557 12254
558 12276
559 12298
560 12320
561 12342
562 12364
563 12386
564 12408
565 12430
566 12452
567 12474
568 12496
569 12518
570 12540
571 12562
572 12584
573 12606
574 12628
575 12650
576 12672
577 12694
578 12716
579 12738
580 12760
581 12782
582 12804
583 12826
584 12848
585 12870
586 12892
587 12914
588 12936
589 12958
590 12980
591 13002
592 13024
593 13046
594 13068
595 13090
596 13112
597 13134
598 13156
599 13178
600 13200
601 13222
602 13244
603 13266
604 13288
605 13310
606 13332
607 13354
608 13376
609 13398
610 13420
611 13442
612 13464
613 13486
614 13508
615 13530
616 13552
617 13574
618 13596
619 13618
620 13640
621 13662
622 13684
623 13706
624 13728
625 13750
626 13772
627 13794
628 13816
629 13838
630 13860
631 13882
632 13904
633 13926
634 13948
635 13970
636 13992
637 14014
638 14036
639 14058
640 14080
641 14102
642 14124
643 14146
644 14168
645 14190
646 14212
647 14234
648 14256
649 14278
650 14300
651 14322
652 14344
653 14366
654 14388
655 14410
656 14432
657 14454
658 14476
659 14498
660 14520
661 14542
662 14564
663 14586
664 14608
665 14630
666 14652
667 14674
668 14696
669 14718
670 14740
671 14762
672 14784
673 14806
674 14828
675 14850
676 14872
677 14894
678 14916
679 14938
680 14960
681 14982
682 15004
683 15026
684 15048
685 15070
686 15092
687 15114
688 15136
689 15158
690 15180
691 15202
692 15224
693 15246
694 15268
695 15290
696 15312
697 15334
698 15356
699 15378
700 15400
701 15422
702 15444
703 15466
704 15488
705 15510
706 15532
707 15554
708 15576
709 15598
710 15620
711 15642
712 15664
713 15686
714 15708
715 15730
716 15752
717 15774
718 15796
719 15818
720 15840
721 15862
722 15884
723 15906
724 15928
725 15950
726 15972
727 15994
728 16016
729 16038
730 16060
731 16082
732 16104
733 16126
734 16148
735 16170
736 16192
737 16214
738 16236
739 16258
740 16280
741 16302
742 16324
743 16346
744 16368
745 16390
746 16412
747 16434
748 16456
749 16478
750 16500
751 16522
752 16544
753 16566
754 16588
755 16610
756 16632
757 16654
758 16676
759 16698
760 16720
761 16742
762 16764
763 16786
764 16808
765 16830
766 16852
767 16874
768 16896
769 16918
770 16940
771 16962
772 16984
773 17006
774 17028
775 17050
776 17072
777 17094
778 17116
779 17138
780 17160
781 17182
782 17204
783 17226
784 17248
785 17270
786 17292
787 17314
788 17336
789 17358
790 17380
791 17402
792 17424
793 17446
794 17468
795 17490
796 17512
797 17534
798 17556
799 17578
800 17600
801 17622
802 17644
803 17666
804 17688
805 17710
806 17732
807 17754
808 17776
809 17798
810 17820
811 17842
812 17864
813 17886
814 17908
815 17930
816 17952
817 17974
818 17996
819 18018
820 18040
821 18062
822 18084
823 18106
824 18128
825 18150
826 18172
827 18194
828 18216
829 18238
830 18260
831 18282
832 18304
833 18326
834 18348
835 18370
836 18392
837 18414
838 18436
839 18458
840 18480
841 18502
842 18524
843 18546
844 18568
845 18590
846 18612
847 18634
848 18656
849 18678
850 18700
851 18722
852 18744
853 18766
854 18788
855 18810
856 18832
857 18854
858 18876
859 18898
860 18920
861 18942
862 18964
863 18986
864 19008
865 19030
866 19052
867 19074
868 19096
869 19118
870 19140
871 19162
872 19184
873 19206
874 19228
875 19250
876 19272
877 19294
878 19316
879 19338
880 19360
881 19382
882 19404
883 19426
884 19448
885 19470
886 19492
887 19514
888 19536
889 19558
890 19580
891 19602
892 19624
893 19646
894 19668
895 19690
896 19712
897 19734
898 19756
899 19778
900 19800
901 19822
902 19844
903 19866
904 19888
905 19910
906 19932
907 19954
908 19976
909 19998
910 20020
911 20042
912 20064
913 20086
914 20108
915 20130
916 20152
917 20174
918 20196
919 20218
920 20240
921 20262
922 20284
923 20306
924 20328
925 20350
926 20372
927 20394
928 20416
929 20438
930 20460
931 20482
932 20504
933 20526
934 20548
935 20570
936 20592
937 20614
938 20636
939 20658
940 20680
941 20702
942 20724
943 20746
944 20768
945 20790
946 20812
947 20834
948 20856
949 20878
950 20900
951 20922
952 20944
953 20966
954 20988
955 21010
956 21032
957 21054
958 21076
959 21098
960 21120
961 21142
962 21164
963 21186
964 21208
965 21230
966 21252
967 21274
968 21296
969 21318
970 21340
971 21362
972 21384
973 21406
974 21428
975 21450
976 21472
977 21494
978 21516
979 21538
980 21560
981 21582
982 21604
983 21626
984 21648
985 21670
986 21692
987 21714
988 21736
989 21758
990 21780
991 21802
992 21824
993 21846
994 21868
995 21890
996 21912
997 21934
998 21956
999 21978
1000 22000
