0 0
1 13
2 23
3 33
4 43
5 53
6 63
7 73
8 83
9 93
10 103
11 113
12 123
13 133
14 143
15 153
16 163
17 173
18 183
19 193
20 203
21 213
22 223
23 233
24 243
25 253
26 263
27 273
28 283
29 293
30 303
31 313
32 323
33 333
34 343
35 353
36 363
37 373
38 383
39 393
40 403
41 413
42 423
43 433
44 443
45 453
46 463
47 473
48 483
49 493
50 503
51 513
52 523
53 533
54 543
55 553
56 563
57 573
58 583
59 593
60 603
61 613
62 623
63 633
64 643
65 653
66 663
67 673
68 683
69 693
70 703
71 713
72 723
73 733
74 743
75 753
76 763
77 773
78 783
79 793
80 803
81 813
82 823
83 833
84 843
85 853
86 863
87 873
88 883
89 893
90 903
91 913
92 923
93 933
94 943
95 953
96 963
97 973
98 983
99 993
100 1003
101 1013
102 1023
103 1033
104 1043
105 1053
106 1063
107 1073
108 1083
109 1093
110 1103
111 1113
112 1123
113 1133
114 1143
115 1153
116 1163
117 1173
118 1183
119 1193
120 1203
121 1213
122 1223
123 1233
124 1243
125 1253
126 1263
127 1273
128 1283
129 1293
130 1303
131 1313
132 1323
133 1333
134 1343
135 1353
136 1363
137 1373
138 1383
139 1393
140 1403
141 1413
142 1423
143 1433
144 1443
145 1453
146 1463
147 1473
148 1483
149 1493
150 1503
151 1513
152 1523
153 1533
154 1543
155 1553
156 1563
157 1573
158 1583
159 1593
160 1603
161 1613
162 1623
163 1633
164 1643
165 1653
166 1663
167 1673
168 1683
169 1693
170 1703
171 1713
172 1723
173 1733
174 1743
175 1753
176 1763
177 1773
178 1783
179 1793
180 1803
181 1813
182 1823
183 1833
184 1843
185 1853
186 1863
187 1873
188 1883
189 1893
190 1903
191 1913
192 1923
193 1933
194 1943
195 1953
196 1963
197 1973
198 1983
199 1993
200 2003
201 2013
202 2023
203 2033
204 2043
205 2053
206 2063
207 2073
208 2083
209 2093
210 2103
211 2113
212 2123
213 2133
214 2143
215 2153
216 2163
217 2173
218 2183
219 2193
220 2203
221 2213
222 2223
223 2233
224 2243
225 2253
226 2263
227 2273
228 2283
229 2293
230 2303
231 2313
232 2323
233 2333
234 2343
235 2353
236 2363
237 2373
238 2383
239 2393
240 2403
241 2413
242 2423
243 2433
244 2443
245 2453
246 2463
247 2473
248 2483
249 2493
250 2503
251 2513
252 2523
253 2533
254 2543
255 2553
256 2563
257 2573
258 2583
259 2593
260 2603
261 2613
262 2623
263 2633
264 2643
265 2653
266 2663
267 2673
268 2683
269 2693
270 2703
271 2713
272 2723
273 2733
274 2743
275 2753
276 2763
277 2773
278 2783
279 2793
280 2803
281 2813
282 2823
283 2833
284 2843
285 2853
286 2863
287 2873
288 2883
289 2893
290 2903
291 2913
292 2923
293 2933
294 2943
295 2953
296 2963
297 2973
298 2983
299 2993
300 3003
301 3013
302 3023
303 3033
304 3043
305 3053
306 3063
307 3073
308 3083
309 3093
310 3103
311 3113
312 3123
313 3133
314 3143
315 3153
316 3163
317 3173
318 3183
319 3193
320 3203
321 3213
322 3223
323 3233
324 3243
325 3253
326 3263
327 3273
328 3283
329 3293
330 3303
331 3313
332 3323
333 3333
334 3343
335 3353
336 3363
337 3373
338 3383
339 3393
340 3403
341 3413
342 3423
343 3433
344 3443
345 3453
346 3463
347 3473
348 3483
349 3493
350 3503
351 3513
352 3523
353 3533
354 3543
355 3553
356 3563
357 3573
358 3583
359 3593
360 3603
361 3613
362 3623
363 3633
364 3643
365 3653
366 3663
367 3673
368 3683
369 3693
370 3703
371 3713
372 3723
373 3733
374 3743
375 3753
376 3763
377 3773
378 3783
379 3793
380 3803
381 3813
382 3823
383 3833
384 3843
385 3853
386 3863
387 3873
388 3883
389 3893
390 3903
391 3913
392 3923
393 3933
394 3943
395 3953
396 3963
397 3973
398 3983
399 3993
400 4003
401 4013
402 4023
403 4033
404 4043
405 4053
406 4063
407 4073
408 4083
409 4093
410 4103
411 4113
412 4123
413 4133
414 4143
415 4153
416 4163
417 4173
418 4183
419 4193
420 4203
421 4213
422 4223
423 4233
424 4243
425 4253
426 4263
427 4273
428 4283
429 4293
430 4303
431 4313
432 4323
433 4333
434 4343
435 4353
436 4363
437 4373
438 4383
439 4393
440 4403
441 4413
442 4423
443 4433
444 4443
445 4453
446 4463
447 4473
448 4483
449 4493
450 4503
451 4513
452 4523
453 4533
454 4543
455 4553
456 4563
457 4573
458 4583
459 4593
460 4603
461 4613
462 4623
463 4633
464 4643
465 4653
466 4663
467 4673
468 4683
469 4693
470 4703
471 4713
472 4723
473 4733
474 4743
475 4753
476 4763
477 4773
478 4783
479 4793
480 4803
481 4813
482 4823
483 4833
484 4843
485 4853
486 4863
487 4873
488 4883
489 4893
490 4903
491 4913
492 4923
493 4933
494 4943
495 4953
496 4963
497 4973
498 4983
499 4993
500 5003
501 5013
502 5023
503 5033
504 5043
505 5053
506 5063
507 5073
508 5083
509 5093
510 5103
511 5113
512 5123
513 5133
514 5143
515 5153
516 5163
517 5173
518 5183
519 5193
520 5203
521 5213
522 5223
523 5233
524 5243
525 5253
526 5263
527 5273
528 5283
529 5293
530 5303
531 5313
532 5323
533 5333
534 5343
535 5353
536 5363
537 5373
538 5383
539 5393
540 5403
541 5413
542 5423
543 5433
544 5443
545 5453
546 5463
547 5473
548 5483
549 5493
550 5503
551 5513
552 5523
553 5533
554 5543
555 5553
556 5563
557 5573
558 5583
559 5593
560 5603
561 5613
562 5623
563 5633
564 5643
565 5653
566 5663
567 5673
568 5683
569 5693
570 5703
571 5713
572 5723
573 5733
574 5743
575 5753
576 5763
577 5773
578 5783
579 5793
580 5803
581 5813
582 5823
583 5833
584 5843
585 5853
586 5863
587 5873
588 5883
589 5893
590 5903
591 5913
592 5923
593 5933
594 5943
595 5953
596 5963
597 5973
598 5983
599 5993
600 6003
601 6013
602 6023
603 6033
604 6043
605 6053
606 6063
607 6073
608 6083
609 6093
610 6103
611 6113
612 6123
613 6133
614 6143
615 6153
616 6163
617 6173
618 6183
619 6193
620 6203
621 6213
622 6223
623 6233
624 6243
625 6253
626 6263
627 6273
628 6283
629 6293
630 6303
631 6313
632 6323
633 6333
634 6343
635 6353
636 6363
637 6373
638 6383
639 6393
640 6403
641 6413
642 6423
643 6433
644 6443
645 6453
646 6463
647 6473
648 6483
649 6493
650 6503
651 6513
652 6523
653 6533
654 6543
655 6553
656 6563
657 6573
658 6583
659 6593
660 6603
661 6613
662 6623
663 6633
664 6643
665 6653
666 6663
667 6673
668 6683
669 6693
670 6703
671 6713
672 6723
673 6733
674 6743
675 6753
676 6763
677 6773
678 6783
679 6793
680 6803
681 6813
682 6823
683 6833
684 6843
685 6853
686 6863
687 6873
688 6883
689 6893
690 6903
691 6913
692 6923
693 6933
694 6943
695 6953
696 6963
697 6973
698 6983
699 6993
700 7003
701 7013
702 7023
703 7033
704 7043
705 7053
706 7063
707 7073
708 7083
709 7093
710 7103
711 7113
712 7123
713 7133
714 7143
715 7153
716 7163
717 7173
718 7183
719 7193
720 7203
721 7213
722 7223
723 7233
724 7243
725 7253
726 7263
727 7273
728 7283
729 7293
730 7303
731 7313
732 7323
733 7333
734 7343
735 7353
736 7363
737 7373
738 7383
739 7393
740 7403
741 7413
742 7423
743 7433
744 7443
745 7453
746 7463
747 7473
748 7483
749 7493
750 7503
751 7513
752 7523
753 7533
754 7543
755 7553
756 7563
757 7573
758 7583
759 7593
760 7603
761 7613
762 7623
763 7633
764 7643
765 7653
766 7663
767 7673
768 7683
769 7693
770 7703
771 7713
772 7723
773 7733
774 7743
775 7753
776 7763
777 7773
778 7783
779 7793
780 7803
781 7813
782 7823
783 7833
784 7843
785 7853
786 7863
787 7873
788 7883
789 7893
790 7903
791 7913
792 7923
793 7933
794 7943
795 7953
796 7963
797 7973
798 7983
799 7993
800 8003
801 8013
802 8023
803 8033
804 8043
805 8053
806 8063
807 8073
808 8083
809 8093
810 8103
811 8113
812 8123
813 8133
814 8143
815 8153
816 8163
817 8173
818 8183
819 8193
820 8203
821 8213
822 8223
823 8233
824 8243
825 8253
826 8263
827 8273
828 8283
829 8293
830 8303
831 8313
832 8323
833 8333
834 8343
835 8353
836 8363
837 8373
838 8383
839 8393
840 8403
841 8413
842 8423
843 8433
844 8443
845 8453
846 8463
847 8473
848 8483
849 8493
850 8503
851 8513
852 8523
853 8533
854 8543
855 8553
856 8563
857 8573
858 8583
859 8593
860 8603
861 8613
862 8623
863 8633
864 8643
865 8653
866 8663
867 8673
868 8683
869 8693
870 8703
871 8713
872 8723
873 8733
874 8743
875 8753
876 8763
877 8773
878 8783
879 8793
880 8803
881 8813
882 8823
883 8833
884 8843
885 8853
886 8863
887 8873
888 8883
889 8893
890 8903
891 8913
892 8923
893 8933
894 8943
895 8953
896 8963
897 8973
898 8983
899 8993
900 9003
901 9013
902 9023
903 9033
904 9043
905 9053
906 9063
907 9073
908 9083
909 9093
910 9103
911 9113
912 9123
913 9133
914 9143
915 9153
916 9163
917 9173
918 9183
919 9193
920 9203
921 9213
922 9223
923 9233
924 9243
925 9253
926 9263
927 9273
928 9283
929 9293
930 9303
931 9313
932 9323
933 9333
934 9343
935 9353
936 9363
937 9373
938 9383
939 9393
940 9403
941 9413
942 9423
943 9433
944 9443
945 9453
946 9463
947 9473
948 9483
949 9493
950 9503
951 9513
952 9523
953 9533
954 9543
955 9553
956 9563
957 9573
958 9583
959 9593
960 9603
961 9613
962 9623
963 9633
964 9643
965 9653
966 9663
967 9673
968 9683
969 9693
970 9703
971 9713
972 9723
973 9733
974 9743
975 9753
976 9763
977 9773
978 9783
979 9793
980 9803
981 9813
982 9823
983 9833
984 9843
985 9853
986 9863
987 9873
988 9883
989 9893
990 9903
991 9913
992 9923
993 9933
994 9943
995 9953
996 9963
997 9973
998 9983
999 9993
1000 10003
