0 0
1 11
2 17
3 23
4 29
5 35
6 41
7 47
8 53
9 59
10 65
11 71
12 77
13 83
14 89
15 95
16 101
17 107
18 113
19 119
20 125
21 131
22 137
23 143
24 149
25 155
26 161
27 167
28 173
29 179
30 185
31 191
32 197
33 203
34 209
35 215
36 221
37 227
38 233
39 239
40 245
41 251
42 257
43 263
44 269
45 275
46 281
47 287
48 293
49 299
50 305
51 311
52 317
53 323
54 329
55 335
56 341
57 347
58 353
59 359
60 365
61 371
62 377
63 383
64 389
65 395
66 401
67 407
68 413
69 419
70 425
71 431
72 437
73 443
74 449
75 455
76 461
77 467
78 473
79 479
80 485
81 491
82 497
83 503
84 509
85 515
86 521
87 527
88 533
89 539
90 545
91 551
92 557
93 563
94 569
95 575
96 581
97 587
98 593
99 599
100 605
101 611
102 617
103 623
104 629
105 635
106 641
107 647
108 653
109 659
110 665
111 671
112 677
113 683
114 689
115 695
116 701
117 707
118 713
119 719
120 725
121 731
122 737
123 743
124 749
125 755
126 761
127 767
128 773
129 779
130 785
131 791
132 797
133 803
134 809
135 815
136 821
137 827
138 833
139 839
140 845
141 851
142 857
143 863
144 869
145 875
146 881
147 887
148 893
149 899
150 905
151 911
152 917
153 923
154 929
155 935
156 941
157 947
158 953
159 959
160 965
161 971
162 977
163 983
164 989
165 995
166 1001
167 1007
168 1013
169 1019
170 1025
171 1031
172 1037
173 1043
174 1049
175 1055
176 1061
177 1067
178 1073
179 1079
180 1085
181 1091
182 1097
183 1103
184 1109
185 1115
186 1121
187 1127
188 1133
189 1139
190 1145
191 1151
192 1157
193 1163
194 1169
195 1175
196 1181
197 1187
198 1193
199 1199
200 1205
201 1211
202 1217
203 1223
204 1229
205 1235
206 1241
207 1247
208 1253
209 1259
210 1265
211 1271
212 1277
213 1283
214 1289
215 1295
216 1301
217 1307
218 1313
219 1319
220 1325
221 1331
222 1337
223 1343
224 1349
225 1355
226 1361
227 1367
228 1373
229 1379
230 1385
231 1391
232 1397
233 1403
234 1409
235 1415
236 1421
237 1427
238 1433
239 1439
240 1445
241 1451
242 1457
243 1463
244 1469
245 1475
246 1481
247 1487
248 1493
249 1499
250 1505
251 1511
252 1517
253 1523
254 1529
255 1535
256 1541
257 1547
258 1553
259 1559
260 1565
261 1571
262 1577
263 1583
264 1589
265 1595
266 1601
267 1607
268 1613
269 1619
270 1625
271 1631
272 1637
273 1643
274 1649
275 1655
276 1661
277 1667
278 1673
279 1679
280 1685
281 1691
282 1697
283 1703
284 1709
285 1715
286 1721
287 1727
288 1733
289 1739
290 1745
291 1751
292 1757
293 1763
294 1769
295 1775
296 1781
297 1787
298 1793
299 1799
300 1805
301 1811
302 1817
303 1823
304 1829
305 1835
306 1841
307 1847
308 1853
309 1859
310 1865
311 1871
312 1877
313 1883
314 1889
315 1895
316 1901
317 1907
318 1913
319 1919
320 1925
321 1931
322 1937
323 1943
324 1949
325 1955
326 1961
327 1967
328 1973
329 1979
330 1985
331 1991
332 1997
333 2003
334 2009
335 2015
336 2021
337 2027
338 2033
339 2039
340 2045
341 2051
342 2057
343 2063
344 2069
345 2075
346 2081
347 2087
348 2093
349 2099
350 2105
351 2111
352 2117
353 2123
354 2129
355 2135
356 2141
357 2147
358 2153
359 2159
360 2165
361 2171
362 2177
363 2183
364 2189
365 2195
366 2201
367 2207
368 2213
369 2219
370 2225
371 2231
372 2237
373 2243
374 2249
375 2255
376 2261
377 2267
378 2273
379 2279
380 2285
381 2291
382 2297
383 2303
384 2309
385 2315
386 2321
387 2327
388 2333
389 2339
390 2345
391 2351
392 2357
393 2363
394 2369
395 2375
396 2381
397 2387
398 2393
399 2399
400 2405
401 2411
402 2417
403 2423
404 2429
405 2435
406 2441
407 2447
408 2453
409 2459
410 2465
411 2471
412 2477
413 2483
414 2489
415 2495
416 2501
417 2507
418 2513
419 2519
420 2525
421 2531
422 2537
423 2543
424 2549
425 2555
426 2561
427 2567
428 2573
429 2579
430 2585
431 2591
432 2597
433 2603
434 2609
435 2615
436 2621
437 2627
438 2633
439 2639
440 2645
441 2651
442 2657
443 2663
444 2669
445 2675
446 2681
447 2687
448 2693
449 2699
450 2705
451 2711
452 2717
453 2723
454 2729
455 2735
456 2741
457 2747
458 2753
459 2759
460 2765
461 2771
462 2777
463 2783
464 2789
465 2795
466 2801
467 2807
468 2813
469 2819
470 2825
471 2831
472 2837
473 2843
474 2849
475 2855
476 2861
477 2867
478 2873
479 2879
480 2885
481 2891
482 2897
483 2903
484 2909
485 2915
486 2921
487 2927
488 2933
489 2939
490 2945
491 2951
492 2957
493 2963
494 2969
495 2975
496 2981
497 2987
498 2993
499 2999
500 3005
501 3011
502 3017
503 3023
504 3029
505 3035
506 3041
507 3047
508 3053
509 3059
510 3065
511 3071
512 3077
513 3083
514 3089
515 3095
516 3101
517 3107
518 3113
519 3119
520 3125
521 3131
522 3137
523 3143
524 3149
525 3155
526 3161
527 3167
528 3173
529 3179
530 3185
531 3191
532 3197
533 3203
534 3209
535 3215
536 3221
537 3227
538 3233
539 3239
540 3245
541 3251
542 3257
543 3263
544 3269
545 3275
546 3281
547 3287
548 3293
549 3299
550 3305
551 3311
552 3317
553 3323
554 3329
555 3335
556 3341
557 3347
558 3353
559 3359
560 3365
561 3371
562 3377
563 3383
564 3389
565 3395
566 3401
567 3407
568 3413
569 3419
570 3425
571 3431
572 3437
573 3443
574 3449
575 3455
576 3461
577 3467
578 3473
579 3479
580 3485
581 3491
582 3497
583 3503
584 3509
585 3515
586 3521
587 3527
588 3533
589 3539
590 3545
591 3551
592 3557
593 3563
594 3569
595 3575
596 3581
597 3587
598 3593
599 3599
600 3605
601 3611
602 3617
603 3623
604 3629
605 3635
606 3641
607 3647
608 3653
609 3659
610 3665
611 3671
612 3677
613 3683
614 3689
615 3695
616 3701
617 3707
618 3713
619 3719
620 3725
621 3731
622 3737
623 3743
624 3749
625 3755
626 3761
627 3767
628 3773
629 3779
630 3785
631 3791
632 3797
633 3803
634 3809
635 3815
636 3821
637 3827
638 3833
639 3839
640 3845
641 3851
642 3857
643 3863
644 3869
645 3875
646 3881
647 3887
648 3893
649 3899
650 3905
651 3911
652 3917
653 3923
654 3929
655 3935
656 3941
657 3947
658 3953
659 3959
660 3965
661 3971
662 3977
663 3983
664 3989
665 3995
666 4001
667 4007
668 4013
669 4019
670 4025
671 4031
672 4037
673 4043
674 4049
675 4055
676 4061
677 4067
678 4073
679 4079
680 4085
681 4091
682 4097
683 4103
684 4109
685 4115
686 4121
687 4127
688 4133
689 4139
690 4145
691 4151
692 4157
693 4163
694 4169
695 4175
696 4181
697 4187
698 4193
699 4199
700 4205
701 4211
702 4217
703 4223
704 4229
705 4235
706 4241
707 4247
708 4253
709 4259
710 4265
711 4271
712 4277
713 4283
714 4289
715 4295
716 4301
717 4307
718 4313
719 4319
720 4325
721 4331
722 4337
723 4343
724 4349
725 4355
726 4361
727 4367
728 4373
729 4379
730 4385
731 4391
732 4397
733 4403
734 4409
735 4415
736 4421
737 4427
738 4433
739 4439
740 4445
741 4451
742 4457
743 4463
744 4469
745 4475
746 4481
747 4487
748 4493
749 4499
750 4505
751 4511
752 4517
753 4523
754 4529
755 4535
756 4541
757 4547
758 4553
759 4559
760 4565
761 4571
762 4577
763 4583
764 4589
765 4595
766 4601
767 4607
768 4613
769 4619
770 4625
771 4631
772 4637
773 4643
774 4649
775 4655
776 4661
777 4667
778 4673
779 4679
780 4685
781 4691
782 4697
783 4703
784 4709
785 4715
786 4721
787 4727
788 4733
789 4739
790 4745
791 4751
792 4757
793 4763
794 4769
795 4775
796 4781
797 4787
798 4793
799 4799
800 4805
801 4811
802 4817
803 4823
804 4829
805 4835
806 4841
807 4847
808 4853
809 4859
810 4865
811 4871
812 4877
813 4883
814 4889
815 4895
816 4901
817 4907
818 4913
819 4919
820 4925
821 4931
822 4937
823 4943
824 4949
825 4955
826 4961
827 4967
828 4973
829 4979
830 4985
831 4991
832 4997
833 5003
834 5009
835 5015
836 5021
837 5027
838 5033
839 5039
840 5045
841 5051
842 5057
843 5063
844 5069
845 5075
846 5081
847 5087
848 5093
849 5099
850 5105
851 5111
852 5117
853 5123
854 5129
855 5135
856 5141
857 5147
858 5153
859 5159
860 5165
861 5171
862 5177
863 5183
864 5189
865 5195
866 5201
867 5207
868 5213
869 5219
870 5225
871 5231
872 5237
873 5243
874 5249
875 5255
876 5261
877 5267
878 5273
879 5279
880 5285
881 5291
882 5297
883 5303
884 5309
885 5315
886 5321
887 5327
888 5333
889 5339
890 5345
891 5351
892 5357
893 5363
894 5369
895 5375
896 5381
897 5387
898 5393
899 5399
900 5405
901 5411
902 5417
903 5423
904 5429
905 5435
906 5441
907 5447
908 5453
909 5459
910 5465
911 5471
912 5477
913 5483
914 5489
915 5495
916 5501
917 5507
918 5513
919 5519
920 5525
921 5531
922 5537
923 5543
924 5549
925 5555
926 5561
927 5567
928 5573
929 5579
930 5585
931 5591
932 5597
933 5603
934 5609
935 5615
936 5621
937 5627
938 5633
939 5639
940 5645
941 5651
942 5657
943 5663
944 5669
945 5675
946 5681
947 5687
948 5693
949 5699
950 5705
951 5711
952 5717
953 5723
954 5729
955 5735
956 5741
957 5747
958 5753
959 5759
960 5765
961 5771
962 5777
963 5783
964 5789
965 5795
966 5801
967 5807
968 5813
969 5819
970 5825
971 5831
972 5837
973 5843
974 5849
975 5855
976 5861
977 5867
978 5873
979 5879
980 5885
981 5891
982 5897
983 5903
984 5909
985 5915
986 5921
987 5927
988 5933
989 5939
990 5945
991 5951
992 5957
993 5963
994 5969
995 5975
996 5981
997 5987
998 5993
999 5999
1000 6005
