0 2
1 2
2 4
3 4
4 6
5 6
6 8
7 8
8 10
9 10
10 12
11 12
12 14
13 14
14 16
15 16
16 18
17 18
18 20
19 20
20 22
21 22
22 24
23 24
24 26
25 26
26 28
27 28
28 30
29 30
30 32
31 32
32 34
33 34
34 36
35 36
36 38
37 38
38 40
39 40
40 42
41 42
42 44
43 44
44 46
45 46
46 48
47 48
48 50
49 50
50 52
51 52
52 54
53 54
54 56
55 56
56 58
57 58
58 60
59 60
60 62
61 62
62 64
63 64
64 66
65 66
66 68
67 68
68 70
69 70
70 72
71 72
72 74
73 74
74 76
75 76
76 78
77 78
78 80
79 80
80 82
81 82
82 84
83 84
84 86
85 86
86 88
87 88
88 90
89 90
90 92
91 92
92 94
93 94
94 96
95 96
96 98
97 98
98 100
99 100
100 102
101 102
102 104
103 104
104 106
105 106
106 108
107 108
108 110
109 110
110 112
111 112
112 114
113 114
114 116
115 116
116 118
117 118
118 120
119 120
120 122
121 122
122 124
123 124
124 126
125 126
126 128
127 128
128 130
129 130
130 132
131 132
132 134
133 134
134 136
135 136
136 138
137 138
138 140
139 140
140 142
141 142
142 144
143 144
144 146
145 146
146 148
147 148
148 150
149 150
150 152
151 152
152 154
153 154
154 156
155 156
156 158
157 158
158 160
159 160
160 162
161 162
162 164
163 164
164 166
165 166
166 168
167 168
168 170
169 170
170 172
171 172
172 174
173 174
174 176
175 176
176 178
177 178
178 180
179 180
180 182
181 182
182 184
183 184
184 186
185 186
186 188
187 188
188 190
189 190
190 192
191 192
192 194
193 194
194 196
195 196
196 198
197 198
198 200
199 200
200 202
201 202
202 204
203 204
204 206
205 206
206 208
207 208
208 210
209 210
210 212
211 212
212 214
213 214
214 216
215 216
216 218
217 218
218 220
219 220
220 222
221 222
222 224
223 224
224 226
225 226
226 228
227 228
228 230
229 230
230 232
231 232
232 234
233 234
234 236
235 236
236 238
237 238
238 240
239 240
240 242
241 242
242 244
243 244
244 246
245 246
246 248
247 248
248 250
249 250
250 252
251 252
252 254
253 254
254 256
255 256
256 258
257 258
258 260
259 260
260 262
261 262
262 264
263 264
264 266
265 266
266 268
267 268
268 270
269 270
270 272
271 272
272 274
273 274
274 276
275 276
276 278
277 278
278 280
279 280
280 282
281 282
282 284
283 284
284 286
285 286
286 288
287 288
288 290
289 290
290 292
291 292
292 294
293 294
294 296
295 296
296 298
297 298
298 300
299 300
300 302
301 302
302 304
303 304
304 306
305 306
306 308
307 308
308 310
309 310
310 312
311 312
312 314
313 314
314 316
315 316
316 318
317 318
318 320
319 320
320 322
321 322
322 324
323 324
324 326
325 326
326 328
327 328
328 330
329 330
330 332
331 332
332 334
333 334
334 336
335 336
336 338
337 338
338 340
339 340
340 342
341 342
342 344
343 344
344 346
345 346
346 348
347 348
348 350
349 350
350 352
351 352
352 354
353 354
354 356
355 356
356 358
357 358
358 360
359 360
360 362
361 362
362 364
363 364
364 366
365 366
366 368
367 368
368 370
369 370
370 372
371 372
372 374
373 374
374 376
375 376
376 378
377 378
378 380
379 380
380 382
381 382
382 384
383 384
384 386
385 386
386 388
387 388
388 390
389 390
390 392
391 392
392 394
393 394
394 396
395 396
396 398
397 398
398 400
399 400
400 402
401 402
402 404
403 404
404 406
405 406
406 408
407 408
408 410
409 410
410 412
411 412
412 414
413 414
414 416
415 416
416 418
417 418
418 420
419 420
420 422
421 422
422 424
423 424
424 426
425 426
426 428
427 428
428 430
429 430
430 432
431 432
432 434
433 434
434 436
435 436
436 438
437 438
438 440
439 440
440 442
441 442
442 444
443 444
444 446
445 446
446 448
447 448
448 450
449 450
450 452
451 452
452 454
453 454
454 456
455 456
456 458
457 458
458 460
459 460
460 462
461 462
462 464
463 464
464 466
465 466
466 468
467 468
468 470
469 470
470 472
471 472
472 474
473 474
474 476
475 476
476 478
477 478
478 480
479 480
480 482
481 482
482 484
483 484
484 486
485 486
486 488
487 488
488 490
489 490
490 492
491 492
492 494
493 494
494 496
495 496
496 498
497 498
498 500
499 500
500 502
501 502
502 504
503 504
504 506
505 506
506 508
507 508
508 510
509 510
510 512
511 512
512 514
513 514
514 516
515 516
516 518
517 518
518 520
519 520
520 522
521 522
522 524
523 524
524 526
525 526
526 528
527 528
528 530
529 530
530 532
531 532
532 534
533 534
534 536
535 536
536 538
537 538
538 540
539 540
540 542
541 542
542 544
543 544
544 546
545 546
546 548
547 548
548 550
549 550
550 552
551 552
552 554
553 554
554 556
555 556
556 558
557 558
558 560
559 560
560 562
561 562
562 564
563 564
564 566
565 566
566 568
567 568
568 570
569 570
570 572
571 572
572 574
573 574
574 576
575 576
576 578
577 578
578 580
579 580
580 582
581 582
582 584
583 584
584 586
585 586
586 588
587 588
588 590
589 590
590 592
591 592
592 594
593 594
594 596
595 596
596 598
597 598
598 600
599 600
600 602
601 602
602 604
603 604
604 606
605 606
606 608
607 608
608 610
609 610
610 612
611 612
612 614
613 614
614 616
615 616
616 618
617 618
618 620
619 620
620 622
621 622
622 624
623 624
624 626
625 626
626 628
627 628
628 630
629 630
630 632
631 632
632 634
633 634
634 636
635 636
636 638
637 638
638 640
639 640
640 642
641 642
642 644
643 644
644 646
645 646
646 648
647 648
648 650
649 650
650 652
651 652
652 654
653 654
654 656
655 656
656 658
657 658
658 660
659 660
660 662
661 662
662 664
663 664
664 666
665 666
666 668
667 668
668 670
669 670
670 672
671 672
672 674
673 674
674 676
675 676
676 678
677 678
678 680
679 680
680 682
681 682
682 684
683 684
684 686
685 686
686 688
687 688
688 690
689 690
690 692
691 692
692 694
693 694
694 696
695 696
696 698
697 698
698 700
699 700
700 702
701 702
702 704
703 704
704 706
705 706
706 708
707 708
708 710
709 710
710 712
711 712
712 714
713 714
714 716
715 716
716 718
717 718
718 720
719 720
720 722
721 722
722 724
723 724
724 726
725 726
726 728
727 728
728 730
729 730
730 732
731 732
732 734
733 734
734 736
735 736
736 738
737 738
738 740
739 740
740 742
741 742
742 744
743 744
744 746
745 746
746 748
747 748
748 750
749 750
750 752
751 752
752 754
753 754
754 756
755 756
756 758
757 758
758 760
759 760
760 762
761 762
762 764
763 764
764 766
765 766
766 768
767 768
768 770
769 770
770 772
771 772
772 774
773 774
774 776
775 776
776 778
777 778
778 780
779 780
780 782
781 782
782 784
783 784
784 786
785 786
786 788
787 788
788 790
789 790
790 792
791 792
792 794
793 794
794 796
795 796
796 798
797 798
798 800
799 800
800 802
801 802
802 804
803 804
804 806
805 806
806 808
807 808
808 810
809 810
810 812
811 812
812 814
813 814
814 816
815 816
816 818
817 818
818 820
819 820
820 822
821 822
822 824
823 824
824 826
825 826
826 828
827 828
828 830
829 830
830 832
831 832
832 834
833 834
834 836
835 836
836 838
837 838
838 840
839 840
840 842
841 842
842 844
843 844
844 846
845 846
846 848
847 848
848 850
849 850
850 852
851 852
852 854
853 854
854 856
855 856
856 858
857 858
858 860
859 860
860 862
861 862
862 864
863 864
864 866
865 866
866 868
867 868
868 870
869 870
870 872
871 872
872 874
873 874
874 876
875 876
876 878
877 878
878 880
879 880
880 882
881 882
882 884
883 884
884 886
885 886
886 888
887 888
888 890
889 890
890 892
891 892
892 894
893 894
894 896
895 896
896 898
897 898
898 900
899 900
900 902
901 902
902 904
903 904
904 906
905 906
906 908
907 908
908 910
909 910
910 912
911 912
912 914
913 914
914 916
915 916
916 918
917 918
918 920
919 920
920 922
921 922
922 924
923 924
924 926
925 926
926 928
927 928
928 930
929 930
930 932
931 932
932 934
933 934
934 936
935 936
936 938
937 938
938 940
939 940
940 942
941 942
942 944
943 944
944 946
945 946
946 948
947 948
948 950
949 950
950 952
951 952
952 954
953 954
954 956
955 956
956 958
957 958
958 960
959 960
960 962
961 962
962 964
963 964
964 966
965 966
966 968
967 968
968 970
969 970
970 972
971 972
972 974
973 974
974 976
975 976
976 978
977 978
978 980
979 980
980 982
981 982
982 984
983 984
984 986
985 986
986 988
987 988
988 990
989 990
990 992
991 992
992 994
993 994
994 996
995 996
996 998
997 998
998 1000
999 1000
1000 1002
