0 0
1 1
2 0
3 0
4 4
5 0
6 0
7 420
8 0
9 0
10 201600
11 0
12 0
13 264264000
14 0
15 0
16 734557824000
17 0
18 0
19 3723191087616000
20 0
21 0
22 31125877492469760000
23 0
24 0
25 399532678960326912000000
26 0
27 0
28 7462849882264211635200000000
29 0
30 0
31 194563959280510261541299200000000
32 0
33 0
34 6847568575944052279580806348800000000
35 0
36 0
37 316573366618757452963440048714547200000000
38 0
39 0
40 18793202035229970218811861025245364224000000000
41 0
42 0
43 1405271402806063383441080431539114478141440000000000
44 0
45 0
46 130194134324437779896524377415629128117193277440000000000
47 0
48 0
49 14732904352202900176224226732928981204557350158991360000000000
50 0
51 0
52 2011041444075695874054606949044805934422078296702320640000000000000
53 0
54 0
55 327490218059365154822178203327416605964946499230053407129600000000000000
56 0
57 0
58 63003071981365375200313446107210448834930199747261105314988032000000000000000
59 0
60 0
61 14193875265375294472934742670817708910939493638712022215134378196992000000000000000
62 0
63 0
64 3715240909089779217702284874891928918630031136423906772569565994950852608000000000000000
65 0
66 0
67 1121804608363295202187812577024034963883942468206077236954805220288760108810240000000000000000
68 0
69 0
70 388214089588517604254650990218931207761174755956901910061509585608065107850847846400000000000000000
71 0
72 0
73 153064358003515027224087623403894805647490694966623076345641175289287896321453983793152000000000000000000
74 0
75 0
76 68385661687093728056042176842867216152440535076402069937490000132429582446791950303150211072000000000000000000
77 0
78 0
79 34448679668055331085663511725577789428847040677421686614814718550295150933105919216664930930393088000000000000000000
80 0
81 0
82 19475655001279630671091918163632836647569844029818561677739905172550864384988521718012109605854815191040000000000000000000
83 0
84 0
85 12304598388257804849753565827341951096129043802424972337417275538604069027563893487161005247774930767131443200000000000000000000
86 0
87 0
88 8653169191564440769353238334561156007154304892727862461632019204178356716971337973833052184718108583394581413888000000000000000000000
89 0
90 0
91 6748553598644096780594857165466259899941172292231412717096309312171776424788698169720229963426946579720414543487172608000000000000000000000
92 0
93 0
94 5816695321600390179538904368439570822930895378993986632019071998855598411316741956583474689463717990801740448883681181827072000000000000000000000
95 0
96 0
97 5522948852073808013708624579234698396620487317607456272109821159602622121007701497347957342564248618582796324441719387713353809920000000000000000000000
98 0
99 0
100 5759454711051195514785212859537418891691290902129061537636840381826739779625361144602300990497846912785421711523148299583329681801216000000000000000000000000
101 0
102 0
103 6577691677462635088012355986037548523648602635586642766064827282289674963773593294257686366977238309569979291915767921540329615932155494400000000000000000000000000
104 0
105 0
106 8205143781726261249508931525942058157536020257508693548166121154680700017131584548610624859856078050025850634801607112757250840473434988111462400000000000000000000000000
107 0
108 0
109 11151274783847185604149141488144449464853504974876228692435098675226360316113656669556527369309253217496865073014708415906315226073220344296645433753600000000000000000000000000
110 0
111 0
112 16472306269905979464509779033759360127098722236727968985146969839886772215432977995255476421067810956783409186174990801307499849868126749543987142086937804800000000000000000000000000
113 0
114 0
115 26387466608126603950873546227751010168984958750206874694586498898364508027093809137232336929131684707990085965419133764346885682226657494690863373444108198608896000000000000000000000000000
116 0
117 0
118 45743321361202908019873022698207412038818056763356723629102499610034657287062973354452081772138921206722757068734738166818147000497170510281291408181114493553145282560000000000000000000000000000
119 0
120 0
121 85637748328325997817985236325016313716175447417315949768192085702292701510569316446948787853581034815643971736827174174819366575795826688231676879990990192002745907082690560000000000000000000000000000
122 0
123 0
124 172812489946685579723941043050780015405362077817717436153300880764231086483676254621413601679736318976772204603602638393781721333017766687520916337423333860168109578574749121904640000000000000000000000000000
125 0
126 0
127 375200058595644004066078613873669625358957996526665558530631746821017162216672838848072803205765746954900093487711537145028660048579566607777489496563786070302489380982787110076416000000000000000000000000000000000
128 0
129 0
130 874927205328554549972703573105598395452224832992961976862470022534531474283310760696116185995785531282594504348370799688657839125475560298906497107087798981129759734116749620945973411840000000000000000000000000000000000
131 0
132 0
133 2187664715514801260297951767856855558196984681800355271218186260398348197941639673226277546760133562658447035047130439302296505008535616582354351586671454969122904883622469136266694339906764800000000000000000000000000000000000
134 0
135 0
136 5855996106953611463935817117443835346537310797087470260499068640687637737650867604816162677093320699278635021154735333677009681010974507673972206190842183602673566585773073704718433214888850279628800000000000000000000000000000000000
137 0
138 0
139 16756138333608215755993717647797922948262723364278294540743386235240490476471036375402550894688993487216099082747211389032458508576828322780707702624796886371817093203865141969019472588594708865342452531200000000000000000000000000000000000
140 0
141 0
142 51176527146344807895784408255830109751013701224554075488256173425413673421698990998653942931818514691840726803372500404545507271806891897843899441324222545948861147886010374011707824677043481523017906552569856000000000000000000000000000000000000
143 0
144 0
145 166605280410659586103978109949581795376848089491179849258397112862224421432541059629786542702623680320307396014901253577114639434244420127634643048876862598033575566604344805552777267944135709360405186026921535733760000000000000000000000000000000000000
146 0
147 0
148 577364742835102117912430666860350211427478049774598623101183081270980545191778261915838277299895847681262506447840982591062011656896955421186096207521049237709182824623197498189378675950377597836276351872787756964695244800000000000000000000000000000000000000
149 0
150 0
151 2127165834691957560688414745458175940305267711960710168628297392165204674095213250895171113729195337431526861065097073338062922457832954056947703164545673857151301578170618652911341179215867289541864494623338633595714758560972800000000000000000000000000000000000000
152 0
153 0
154 8321665057628070516333516644602381429293198771257616413975746647716453912108291466878534016650466978158173491924817403169831512285468995304451048731274212530291986850699537110003690095122189906165445882016733089280378303411221902131200000000000000000000000000000000000000
155 0
156 0
157 34527566119743135870553429746661021329955423652803473271514014991606673964671974020326395862829743922248195403381368571796503399675104404125115674184282632508153762752007336665015735638248142777994409404378562553562280025303810490515849216000000000000000000000000000000000000000
158 0
159 0
160 151766968840691237481848796752205286685067061438618303581041396219802206792623370503870899781895362073467985223759207643888017203562416182540894056877928710828673757459313402927128329094164390916613270104933432209920615057137688641176425337978880000000000000000000000000000000000000000
161 0
162 0
163 705945809932940789045528183867964613755600658157856091025218752793100212150755118957900764439465406851307090788145146434459160636147427392762271471865957565301921341803045823393406121696135560193879423440990816035680461121532582507897168902690648883200000000000000000000000000000000000000000
164 0
165 0
166 3471307111351700049022675523036331755506744932408615033137770844430298487931956422349232368037333558810536612793427712076525926814759609616350351485139913853736228180259238286275214481673041567066744675431664852972246039191505568217868514936226487972606771200000000000000000000000000000000000000000
167 0
168 0
169 18026175412401704091142324632800661710594845716817069773110282070578772630151179879590264869799123296262705161324592467923557552304224667698037212385216419669303101182715729634472909143915782739124798471032202014772799608881627048970513050816049699253211418643660800000000000000000000000000000000000000000
170 0
171 0
172 98759756432962956702171490246425746348107833822176576624098980845720678773711806233373728973265920467606013025364191542291501912312775802052294589759756360648545936232684734512148334660209396586300575994743658643351183856489559586209720696541706220520145006816330252288000000000000000000000000000000000000000000
173 0
174 0
175 570314106304440158764696442312287259550133542883103045702936011357181944038810650818173937606861279382159672765816404800924327295395082795427282408880028322739070339088406696912461756360043279589646392065994596679868033380707490183049288428696034851062931661929993836114739200000000000000000000000000000000000000000000
176 0
177 0
178 3468261239035773780557373733982694493042101528456359547769365405913689800670466954537928546308680913505775538455572816923004657304908976917057734171046978827808215613163135088404875663571561079285215244889616458340987586716332590182357338591224997258031083896841846750749906698240000000000000000000000000000000000000000000000
179 0
180 0
181 22191790024219309996673930819702244236509237889941858436711037016908031447400537505369972168701916383250340497911089264125943943154526049009450695995804325401429236954827046567607721808526698219170059458494656309544252349152559550216051708158372716974321593897919088457010606746149847040000000000000000000000000000000000000000000000
182 0
183 0
184 149275199514595457877320535866154865652157048721559279844110099131042955167900681376436265884743928023150192782030985913540050475190698453057589937945804320085222913799224878525567762518234754077681844540571991837645965905750742415593516882900533433277564621791778490811035634317510406895042560000000000000000000000000000000000000000000000
185 0
186 0
187 1054731209676845475681908220356273536374756842050683392774915408736505154391006956509766049158061954637610318956680486236342221753686744779755620633996736916591854076197065877530193499859575988248906472842593424888995493789649441773089564031019913190334235974082674463933492531584323020819303621459968000000000000000000000000000000000000000000000
188 0
189 0
190 7821863729245858424873465361637020740125587336483426624392284019484976455245391690427606383120788429994133874953763584840981536174694913653474043838153266871131096966736886973733820637997516218383594599593861456631493781727009870957269264120211191062350148137409015649873139224942826351281487457707790172160000000000000000000000000000000000000000000000
191 0
192 0
193 60835830759370278901881697622607356007351891267371957469296288786365513917208183798016338810026878669447492108758971530499242354273269101551574513807163222583561914078047589902137740332429381166289416906593179097924576447435362425841394038916434854594238350619441901501030328192027071096515900839824834571114905600000000000000000000000000000000000000000000000
194 0
195 0
196 495868192129671821840067560835071631577118106618090126981540755150149500464188452404821503777116813912763027792152847364106558518305795677931189327580991403252600724277150638803828713270518153667307218801798179759314065718878936531657590971805365258029090654448737949253534263500721353302341616098786003683520707926425600000000000000000000000000000000000000000000000
197 0
198 0
199 4232699857109381714395439444533969715554388305806292644484906567437577529238309897092297970306311702933464032852761711956039061264990994770448997353699211365596912027573907035350032541090823030962833870835141086739413611059290615547095715436611362233099907479596104000648080975755878400331468220062314092886828567800930788966400000000000000000000000000000000000000000000000
200 0
201 0
202 37810237523573983590059527731417003250190066914844744827334283155079053671182573609625820846749581741004308265025625621601968485495579557285001954583111310772058815485425758890444579574837534266365332431073555867722432963858080925280478570915756342010255573525512041915122568680763288874783191002236644867969941059658181301082521600000000000000000000000000000000000000000000000000
203 0
204 0
205 353221725845759373717569447473023283095244078351750696422843618780679922893182111723461536791482094050871772949679153659250330957979837585361431215750345559336505514027943068410568905728223346964694312593461032195313736717422598194271888837058754538051449383742619235572755331072020627991354088599502986266024177370554032079829827846144000000000000000000000000000000000000000000000000000
206 0
207 0
208 3448621314478710936423448135204515172697297058501711250775002460246980748118593765879396435493244790630982517477876650205702348806906329215548764664670371364812994653420198199951420493739443832650105725308858081614718508836479432773873795342214541987802206959935879427243733370038310147300190253811482798787168083948781671602606339653506170880000000000000000000000000000000000000000000000000000
209 0
210 0
211 35166246928539009543094669448270731571941626025910599353618485668457078136055560104704478532915294271818807793186719104152645517451673696188239120978537071184807266261101172730230634053126004095837664905322052639510071499833685615022713138779880762528109211802648420972264862813141524788748458854272010187836130972990106078052856727996287214189281280000000000000000000000000000000000000000000000000000
212 0
213 0
214 374299457546500907184091539212862500730550588367099905495898944377288850522293717948975381860458528776262272158248170497689857310262195520353593149287798594734918617718935814059145413696327114406335278137172115470801596508501042088873253400838298849250738145684808457860183061692870496271106110402477277728045433526760525048180581352411833891784619689246720000000000000000000000000000000000000000000000000000
215 0
216 0
217 4155878918463053337585729894613036343237443306496310986083565757666880059748041688116949814154790651495863699879602983624928434511385043962499023281197362520100816220652947352400705384425130335117730721685572878409436204136070944583000616228527203884503127181795209774414600047922515345994884006589018116333176719923095564196274239869387466265230713627581454745600000000000000000000000000000000000000000000000000000
218 0
219 0
220 48106328924910005760042615415322978042158245137853116432999045901407168224412773726035602665750903131640067448085488570059117665933000303415976444002662570452998197009982813186887480597922988478380033480520243876052675530277613378209728398860559751111307268657131230227053066687869385844531254162453961045407643313735850725118953077616781822753563665816484814191067136000000000000000000000000000000000000000000000000000000
221 0
222 0
223 580215468184813297401671486971105753346622054056189556891359698121038516657920717045327870363860383511880906691707083638075300530831340989296949422341913406681840881700371640598537484097320470138448431705347471544797809781919198843048159592579226127477762744702214854758657445997392644704933372325227448796329392263327006405002365754191344045522851117207042190137503074222080000000000000000000000000000000000000000000000000000000
224 0
225 0
226 7287573662245295339113227225437853330314968272881766856675144344053662646915061115345570415144488408006477594296713459073157412339229117384480865614184433631589481558671247260997693952271094314288345069316504540438826117181384182071803504963103791878401305702913402006495181547005218572973549551846029572700056719358663556091758972955331132201231793401108472045159132991394288762880000000000000000000000000000000000000000000000000000000
227 0
228 0
229 95268302295578797641806032092629573842736182386765095606685930131725368435328390086966023456147895493820019523948506430036191237550773588803863462192013280440612419858254072615656221492313908764880283055182515432235034867315516856556036701598501698268395094041847987791125927083375949797553472156828484264974877054868152228227359064062300284000508191639238200846081210305795063937520107520000000000000000000000000000000000000000000000000000000
230 0
231 0
232 1295558805844926281143179528302957175257822757077180140489535487485933972404255659105404053074329628512859400913685423893378373052397456656712422786562623522721925079228699129204889417443399654563501324069863566286381211897997168250638414528962498320005230396899542086120537259553845672638725148177911314675959971062489169199913643717448628809364108344997547193956742940768936549831736427125145600000000000000000000000000000000000000000000000000000000
233 0
234 0
235 18318353294967940418087878865084615343699468870414002579218586446855191215955261430965703473002132346264094114793270379682166370992963375122284718903025873859237698412147984553304327632820250688454707561194360373302305641175444321300176970467367738632120369674372918066336547614263928513043481018433237916243962258814517150182944150677859174774884195586183901412509703057588166387945866428674755002368000000000000000000000000000000000000000000000000000000000
236 0
237 0
238 269165500736640422286694587245364483654233993520254356737666126388276101919234945188969581830028471053775341777236926682287217374812411555262011082764162372221968266241388031508439905352238420959951027513777177655690239973780467448996232739066642566122153027348302242055408076919017771860971374399210569008142027215144255229741684751346677898022598454252819590527683414029431267509197331989997499138881617920000000000000000000000000000000000000000000000000000000000
239 0
240 0
241 4108133838219494418861693872570868114542798430654601957084988688379896171850053475373349240572112498317731774989325066533296648126237285123214333243584891229426667117140444299263719269371466662594423483486400078965772932391143095031852453092447433826722302528191754756099600954042319849440640855976333896940268833326368048730511240339401088537507701520421041490110139273097810606853253306525707697823988941817118720000000000000000000000000000000000000000000000000000000000
242 0
243 0
244 65096230955373360962954446813851275119205548337158484514579318500758266249208679318809963642094047574781022851527310235971155227502130963311375003222364463508909211149848693585187572513617955268243033522471423017824515041298827857067452685247529779568380108581514417067017053289015862026880285289053501858080355792172243729775239136780217999704446854646165558585176749026840165983363726544494572247082223252769595698708480000000000000000000000000000000000000000000000000000000000
245 0
246 0
247 1070414815110395291608559997725662493860358664685052951691354994106395654082710017401327201359649939344068562182187600892832330612032650884242809865316740117011205880741747004209772178775226744816322411084303504724344675215239047187803262895594317901911380097041101913817699548416068357079441647972207290500985375659228513754514995866070897540142776691930916957890028292857886034032768356408184194469244384752954670745568201932800000000000000000000000000000000000000000000000000000000000
248 0
249 0
250 18257328389339583174844243902765077545879168035470440525805163656482837165699446373688682668632528897170073465832286773254773543979857789875932674201243495905719681889391108585503783910850724316417916293545954730963127366837052472849865660148876871192071752778037502130095752482074986662146765915273216377797417652510473865224045103502394064891813447307801147224681366164608227610078284535727529893790260973100928718385385920108953600000000000000000000000000000000000000000000000000000000000000
251 0
252 0
253 322864100926515664724540280133002925926465051864137935165230989896913866577536683850025654170172753833363296967996680230171748123374534264260350782241338382964937304047177768892178562365805259000706976555826079419417404701819070790343535251248113294133332021097550950376814104701003525199241299987407204108124951231542745659423768403996869570276293082959923845382149563258132602542851102464070234514259724762886720462992327311302957465600000000000000000000000000000000000000000000000000000000000000000
254 0
255 0
256 5917153442638480179894136702208434124996682418947234723206030331149352015806246449294448888616471514652358081345549784586811965740565061059406888578213943399508852168197224867116341230918568307302705020370353247410810071894307335063332256143931945715569886668689726955757099015926069544683593748914361807270924021304719247806580897813470647478539415700975538574141433925007613524626648900292159638714679064599586934253781879208930207185082777600000000000000000000000000000000000000000000000000000000000000000
257 0
258 0
259 112339883145769476232590142087145840651290956392393496099169764859116363229178717829838396470221017205782043507715534120741536155035116021204427785817084220996314435114206652884282425512564451361391446841294063608937742012948384081344988118774117349791476095422477170578320311404598030663117241376787502870772069937872553818983147858938396859914324623223643305744001591253111584421596085755695113613499544329922780942705308325393565034781437283690086400000000000000000000000000000000000000000000000000000000000000000
260 0
261 0
262 2208538293592201105670222082232581728366890269411225253803893248703787722991339419022895526395350112727902091160975018390398019615454321030979006154181531680950015887746157926326154213159325977156582574558035435523586131337101876357084262461847683398245738477583701206536888836277519471155468314874540291137748296442849696470639504478745005256499190756190836361529408691132341982348627579380256698816868573785102477194010905062108665038863301140969962654924800000000000000000000000000000000000000000000000000000000000000000
263 0
264 0
265 44941916976621712174782764141647424940186851425032868212137705075691919083875219509030598686388183272455045398271783852103241280347414491680219334100821921994981463499451088363509799196026734607725035257269313574358128850400000246530286832822120973443785618756814319518882131092038934943955424474246643575096571586327920879614344082863162924737207648472715880351602877589931591490364933502876953796356840240056109863570378273263950131023041567914022610227855097856000000000000000000000000000000000000000000000000000000000000000000
266 0
267 0
268 946245368358934413891187525211928340381841389259882730841941863099322864989412991939443105868378175846423418561672085398449962630270487753218927606602039489881204064786434870152828592065378840893334181870073783900848434298718643939261823357544823924098280441334803393169737161776316011233776960340925184297581710981427717682455151433324961682444848413141031282002047896411783136057403880885603945424817232855717706608262231938629647567849396780652089143024647327721717760000000000000000000000000000000000000000000000000000000000000000000
269 0
270 0
271 20606066648443876743063746914373176473694339268234776805289627055733560093770824960157487014248590379888208197125785564023842305283535191020810873755286166900724977785535816674789980581968917260771981430563964545994794857434849176595678578892014480593045002629178799450913287908439207587627524886628885606583456592642900431912707702331872727080210209860028034937903169510556106713004834126989367758262385179999130351764733259513067855466368113637717343183542987564508975474933760000000000000000000000000000000000000000000000000000000000000000000
272 0
273 0
274 463941193728017226747134561486458994841867694435454928560359926114172950953575033468803501931528693392488177641600278544080394186549851047242633431217763149331324844737882247937981018272091567086493191284388641743850991981541295243889693870108085400052745954298350482895449511892026525315336008726319451865422340096944905847596224150732384095204118514078997794743238193535837145950107504780296813542675281947262340055545943604033348633182544467940630432122734676563671391853792922173440000000000000000000000000000000000000000000000000000000000000000000
275 0
276 0
277 10795634937440511558836493984809825269387188311512806938292511617410050678399679859922411395966635820870281737762762324797902697756238256677748788306597450055224196100445465057433166086915472711502727756970623373800805185775044514519196465104144626728575002040100542565152005253758372978271253528448142174019005397829465017263151633509290536456910636718166471443436057555669609186068933413350365897125924479199065964568838554087997536592692415447699444745795800576777128261408497128534179840000000000000000000000000000000000000000000000000000000000000000000000
278 0
279 0
280 259534585047511875146332444905182964310485631409266402264401822856941448155799864850139853872175179322570465918623200580524867863490254763902492513201514910641991784459350509580627443172644773330968647873146931001428783237687699930107534148993870879827510956804796638446389971023583690894066652358169734783002083325441885660473807212851117706964717836746174608408757106256363461713764330704242749566207104509042604902212761344483089572838418159169563776200489774619193513801425491820260642888089600000000000000000000000000000000000000000000000000000000000000000000000
281 0
282 0
283 6443944705213392893422849332834174476347147146114560980159377056326408770728802239273584132725592540733916329233683390126652464286046982016376481453086737485726949624258468323466495957689469685552457955037077793023867263738210609103650604571837251008225562469838426561386008640071192537913611481255026267978641758792490372910198064941671334209420474539300064656712861302657518255564104805151969360916366675217999127298294425701832637467036774625923536521240472317243152610274048208302607751481625935872000000000000000000000000000000000000000000000000000000000000000000000000
284 0
285 0
286 165184331472966345260331838633884835463708291923683940326395561905276472495669160492123273432039980084679417159685161151777250051638749741239088938961645179170821972266222642142371323373410289166911198848869828889489711380597274950761544209976318346229846516827316100342870014325243410111952198388144031770521072310324519729692244080718440691953191427669617577793866841185245989040391224400027987933658569682824040069590962177629338357298347659335073652058932525069114063303241216767782813783928717074006802432000000000000000000000000000000000000000000000000000000000000000000000000
287 0
288 0
289 4370191558010922300952911040535649706700076309087115572759664445955067523248650109592891446683579762975395339046395794795835477493639960597688875018221979055294193359845406153248953584574988697487603269035273677251861936189498032875964923494417829323222333476676047536207453291944434372997175444502965817826541477932936456086310494156221369638588876444144336520783765427507417536338538908944670336072302526211306347334849111052399343405270073448836478966858943081528039480514340747070848073661403724148970761452781568000000000000000000000000000000000000000000000000000000000000000000000000
290 0
291 0
292 119289938804244239639498765401313671024851568953621458088596075271569421648366868793092792531422782431127232166879667633294323444250267709509939826237199794586068435907608964261989783298073460368159242378938552207252782763401931445615906314459719087600200215122465349948955427701888625514383240164004765771008284332182962935720742443807396430550962017928795522821412397611520421091748961014533541811351854059382494058734315594198071361719148436864056597659038839634813104833947215860218532926521734621230574162807090514493440000000000000000000000000000000000000000000000000000000000000000000000000
293 0
294 0
295 3358450573571479414720080929208676463436575745055532354947769420940187678404321167741991402788200730827981860589812737870900832189209801176229465145863385667573196123396848533304492753071823911610832341770133878782207584499234346806333490358291049996850377411458249443212911334508200519311288567180534386065518393281914339245496033587128426833646213301505147327989433725692559753304012594822339388072833306311134269821427793764105950768545870996804570657062403407800938998244915627380060473753630176503298538974462274856624219750400000000000000000000000000000000000000000000000000000000000000000000000000
296 0
297 0
298 97491970927630197243369631002775446000258363656871992375593462434368381781435782908736248647066351975621302125973704360848263243569314724269296778127075048135664656856321948332816981964855346537993316154750248148609935193561152055778717564083697126018198206837145517027259720559279721224478845202253915557719316427149150459138482956866797767404909280543047154097349503116934627934754512867930567314308965697184572357919763067790077573498066082563583665136956431265299192595599047897233643773204297451173887881248894636295593567434309632000000000000000000000000000000000000000000000000000000000000000000000000000
299 0
300 0
301 2917152898111343027702425741880504446860307274810433541829279596849807510158584746622950806747591781827496648407849932938138863192591972901064542889326690320401568354391136677736264681993289795930813480452962964148355532324836203943616053433792191542691388891073414119010456876936356275773118366996064713931968522387065793042201229854248748414191899597457007203756935844663556360196292731356887643455788552171966523960510336683701373299821894564508023415527041945455684248470587014366314746869690141735795237775356402427160503037760528294346752000000000000000000000000000000000000000000000000000000000000000000000000000
302 0
303 0
304 89945281057285424027724146700056939596912791166845272222868021748485683865874514962645521763167812619567938702307003515906790533722848963399277322245675756995813554912444482985157110927244237551079884132026167693867503537220460574497198893118283313767385094464137604120189381623318279446623966340571140717424142233213953653891017557469453639483015873749342791332835587679955783581912401964885647742524276215755555506278970622710708334292548873397553975222403330432727847504841446298042541006242260890003030371134054711226964926649108745722576616030208000000000000000000000000000000000000000000000000000000000000000000000000000
305 0
306 0
307 2856915684320472897591473151800530171868160276249324479373008348438092879954350638541411589964194776011686749340275618091208655322986163245443723083130104852040540360865011909690136781070764079475374042301638392895330868587459192256596899924657814903432766072600965551351951625935320826608641580684579507537686364213687725822293759669358928552215985296003223370775303365623299327768035384829624306038329084706177345979552197792525582152479584726393809113757583564224690453451681641117614706184827412708292989715273569678410445402234769471193682481345766359040000000000000000000000000000000000000000000000000000000000000000000000000000
308 0
309 0
310 93452267524500005575684323689930546685897489344119028478361637890095026785807545365260743773284355907423077068111274624446748005443957612888833874608442117972151407698837620559226201286246833439045067823482111500035395897310416526269024845240823065786008095195966002483183633951798731600708061544168825434270840190855801871160819487057872478059944919186069339631197046302925458258169391686240078940545174587856569179249034389237682149873265927124534438515336661546044464556966637463433840505677671735600036966678268416133277429870725772155959297067468548918686515200000000000000000000000000000000000000000000000000000000000000000000000000000
311 0
312 0
313 3147252812171132023069010632717766757971875242404431657111716812372136968003581534052786440859034636224830612759370207777679125811121664015030074313676616194488267207587071916943211447629156591533226923998032085357055370039792978889186438301599932873625215617061552010541355358712752252313373509565070732693558039135287447942929455734201578987000473205441333838861655478297584411501389785337177269002910865067741600476137795429364553917914147166774266576593629241863230674659879192181958560383765124519324305577668311769987430331427882055020903812774250792591389725032448000000000000000000000000000000000000000000000000000000000000000000000000000000
314 0
315 0
316 109094072584453565644100566145065363613579710619295558580012870606617566080496735206356716429267382517044099375888150469259007003763230776984089451008463848908895989698513416616729306475967063254166008107370939312517803504396578071148036815909329287405969049444931762141547377813881847656047956840877411845096104105840468137945712549023275486213157898639236806426619948183172218945972145944523764477790798887209769717547343932888693108467883842886608522975677341686803554511317629193527089962824537653512969499448214489285445054948367757626837747008759046447709462550088849031168000000000000000000000000000000000000000000000000000000000000000000000000000000
317 0
318 0
319 3891160142320093365862120551603499707637781068030770215806878358365378617728822266549915063761206206961041080275063624049123773371043891007268638143564202635091062585791823449565702573641655067349100354975619426434165279178305749285661794355467481687276766456725883344550184423559947866176421233869082041557265274377449611706988550378114042878154922264060629546207848258183641762768829508946744833486032991153314155789349939940002527783913692285533301546612632121651716414259743355576820995412042301048079670759849732706108479237762411295083257492243260510050875544612934229658238451712000000000000000000000000000000000000000000000000000000000000000000000000000000
320 0
321 0
322 142773767441444441429001036973701935497812871410658704679501727987345846482468613563704263627403399441845301944686967784809220436465790117441947971690196336975044619914370210325131253388260682492891644521633581095697118355635989416528232135777009277244854735265447633105148133906776370575327721245969039768890049293158234212727706761313322242271250088526507369636570287288834612838907938351624954929777712860976624564165815533219308823423897591969485872198830918110120247953240939638405322063800853818007211801401240948964393949592818674929126534461288745580855665422842538818215270620143288320000000000000000000000000000000000000000000000000000000000000000000000000000000
323 0
324 0
325 5387586133834038728012937709769002523391344031483122163086870562070584242519964831486076129687533155867074927584177522513371354656325547255989148376937276127145838244148611982536501945832754969027984058880591275916648080987845558239421619214778710481634503773762689856637749474652009900516439173142750581932875551442418209358936701643084138630598295841062960753238679890239303714360795319095625762424715632076745462478590832976781383630796635181333987471728529144110132906369421600970590481652446980785100942268333020188371819339218166953388191720076281775532849344337123423964486342246148962516992000000000000000000000000000000000000000000000000000000000000000000000000000000000
326 0
327 0
328 209027670144062724537311973950094385609435074608573188428253011212677361671672328791596289631761864292925543093902681406809830019598536648955211614136737476334245026774197598493749497715004489834333432902444830087778307907910450913556388683531517295433505810130955570753253312238771481665632159409658771322363413946585846061851767280641286634121378474337645374429429022027420208729293425901415194274061889622106514390828579056013522580928703784851550208497746219211826056421677927729117810039023888829346553195679101992148289075771576508655277456101662157132527403190209277232738436315793199017714358681600000000000000000000000000000000000000000000000000000000000000000000000000000000000
329 0
330 0
331 8336166935076533985847457068450312129846749692041598229003780582280118803035230462504871370980107902729969531188544273164563556112267254373272302706273858259495147367330704913238300796979901425050028227291737752396526941923338289882620886777273454950495131246901238123212565001208242912877620018465739426160338819545226449946326383270238699843777092348384794787102453895204897158121403440408767196685130103245225107963309793420204390694476341024894452609975739218448541595303182048355711315857527793288653625942944921685257212515575747056225685362504681010575164160045148900386589747548413189004377224520505753600000000000000000000000000000000000000000000000000000000000000000000000000000000000
332 0
333 0
334 341643711543840424657481716245064307936609938031159334556808458657991397031994478966086049838471198670914437101433106606879254510435810260525980533669932419810942090245085383793100739840262497393189571662190182902475982642498579093104109974944977734424843042814199567395188473140884071566420802934135279913780483092197547561743795029492198204879021550473148608143432131398372657149031655501314819539091123950924582367322465361202349191175553699783012900685176869467072529427507936710140789618739774158446371524590344600277257973199306652582878732361930054517060080339466044283758170415377705904319714260432641023436390400000000000000000000000000000000000000000000000000000000000000000000000000000000000
335 0
336 0
337 14385274659671557486498429706651294687098351497220543512461175957660999362477846329616091611679915021418627815946674173067415817909525893135410650800307843092038350737866381108625702222783904574093702848525744241953125553003131657442173175916933099366593030678626595804744063737775385337548188516239044198100581494311438727158617418774408116137540465213937104282329038294534651218352998758645615302627507756456700939907646445829214561412388096860337642276010089817652345975451346392437308432800044543522653301145422232812361344135894414063849235774953701540804247884922661645589435906805135189439160015615917824010859504363110400000000000000000000000000000000000000000000000000000000000000000000000000000000000
338 0
339 0
340 622150970622001008493614972087014230382648342388188256986728676022497972033608770057231644393100743581659576484923756976765537144856492139613748709283082728872616209157335225045508753614573637939986191732533512696674173001444478630013651288603253363532705957736653126270286050949231541023272536607300222699921305674936691501882482426583608917480950457447026694251137920999473051016750662362780422421230185737068818811171652918469931573571456639516811731609035171856492973221976237660936263630514186346358630797612825398607811483447980048339531032665973218876886722331278678894812165572083860673475186987103881703475335574697885564928000000000000000000000000000000000000000000000000000000000000000000000000000000000000
341 0
342 0
343 27631429855929944517607537612748734267306133955205401550345343537331343065478139605091692141035062518436262413346444002228650175087234136226529596177443416505045190786026256203720948504581457581274863636994799327886578442185402359926938164287726644149694553486512550387377379239223796533416443273685179401432242940946761435268782394207950480762845126325130199980819878479810109698940213198520126308957570633493840467422295176220730322446942126165883278518816292964946605367259743630309129037961753560125512065294036159594329314844530725721418140984912544397398636985476942295797160728418269588825232254111432995874524857442217345747811041280000000000000000000000000000000000000000000000000000000000000000000000000000000000000
344 0
345 0
346 1259910648765788626212301292039878157643436003922247777030606706268671893125939177484910094961151307541183939746056735816563789587672961442597663343086985656226422353920070740445686244058764050704138234836184104162072371098752167516017776755535684805186677497002628593259323877836667135482946704371703599820233126358807660142092052333645882824185756838404887202862461943726035504140296815382830835558372713469019203353263808553058819241642661288979339719724819106596837931543517980068035695111355637335450626102088610404378788753401232851281202802931527645806916382100849412849113340316765935249360849657226879326971386191645567236022851113089761280000000000000000000000000000000000000000000000000000000000000000000000000000000000000
347 0
348 0
349 58966529005926308898999819143039413762698667641126381293903740567195656054941889795938907559370928523650076475937615454704752379972624680427755533131828973361594492837916758787199071792055054979827469613954325573975902646296588169040095560714009508563715689808088398847738935464889321528370200522586977995671468617256558338051405041720499879166648761951308573311574718202930133063615044338974143411334167620729276948271541759330181318101014889220611733255303641462154918095757175734808402357733265818336694749546130670566409312976022324595820387007721159677960264906395826099672162805802374187855916881879437894277901980304198456133324205813729820221112320000000000000000000000000000000000000000000000000000000000000000000000000000000000000
350 0
351 0
352 2832064528808630781268022547782881828676172528163385032743198266000614993059874169720135448485316953747831370884706582331906129774220527981262686236500803406303719568229793892481396917585174922717529822098015865033067495156807871591396106218248436425215946074593017054207749503634671105197424712469198047083512076526148539284047962673128073047638501768363218817246033655116099641037367558889046406276463388588001280685014806439836528833012768976896636703248108076362746501594292276932053627893335072260374634731541834869170507814442349489883668634998153634429136185142219211089897076824414572983429203549078197888640958149022061901709553109742943883816253521920000000000000000000000000000000000000000000000000000000000000000000000000000000000000000
353 0
354 0
355 139552136327957346648599546285501180819041352699165915326947294947150969567809888093086894013336535638556510667879010818429903499976200277124356241052994656052361645417804419424179968314497619938720847636969572466396051321832829816483194252761787778598532717399189238332238516768941946073333339125536216642881988508630068173172391567369454348598014338335672097488710276980968490629260651122895011859548702992135249867235699656826178129962838293212298863447032391363810713395546548308148211278320719394971063723080590363264272080123103946452566017578205937917795017887856246005033655273284316144273799107423682790132213347477141152956662366782774472982692099707948236800000000000000000000000000000000000000000000000000000000000000000000000000000000000000000
356 0
357 0
358 7053606489433963463543300079099827814315447305806571384087729719490987139309600285512687408826139693536559728096616023966819676723012031678335554329575337800437452156455950978449239523500014198084015546772784392158256350180603902161306552831072906301066875486835995407538827791534140603656358381467489276706574534302040891008954849911786270778577609790837347456535772612873852330048375383450593825287992490933826821831197426005363083631367150984037394133990807794036380867373238112505087569875648260347297254323033933122641211307869328900758245127700406024122144819241597894434822738249762777314281450142763406254319144004760848537550763823934212235499135807758980576444416000000000000000000000000000000000000000000000000000000000000000000000000000000000000000000
359 0
360 0
361 365623897505125185750745939862457435216216466821846460662467741291366102816666516074793309577871020549737457949783752868433807368064732451381892826369523190191712570562605582127801942574047304214321905501087443104699203144556127089122396939928023088051335976450172243070413369843361294236271821041905549458494402180681657452061559027999290336488395099197590084179447329948325916965377268889289642608022279692431978495202196601665008546202752912073668248695068244305022791903342872189665162283700217091620130953904202193052440341798715589720976254302902320070726646664110076047816767535330648680187126715625424671729283175527113676750611790633249227504800826983955673859728129130496000000000000000000000000000000000000000000000000000000000000000000000000000000000000000000
362 0
363 0
364 19431901048495790588503681348636132539342063279624882289057569602248798085193710728144800002914264612170767901053853108702241360523258121404183392234716801199105492279779959605481337903476366271841321166914819809602037781268242298125774707893343531461663415735171700463563188516664668807454214152781911506348425091031947322359623058956803473861512964958712453511806035209873350536725936262691376430105978251717464332039941521943143576790546009836838781727044046633251173072684071882570391859514228329953781142545742531649311648223971472437344262452402876341005223352095948791420955691721550787493966181067589613185893954956678584025157736921916865495407274284398759803982508268450851323904000000000000000000000000000000000000000000000000000000000000000000000000000000000000000000
365 0
366 0
367 1058677409742317011388818754000858110481948664087609171673774582512731409591220809016549805779916108571876479255228476981809469557856927083604208402209119925838674813372581574292437600842131843615714770239195805083378720629703531341194630840741859265575494109661374551577648556404817903808842970601687145893753663842566897379192482091100622970595100767473314020552187684327907222679408369859991431377318209095712917828810616232883091774157028694097724992968984207779662435834945876455371978266839630579745081378262633790672406230333779240958664439554671846262626116312592357078585551248849039406890474381090832572556980174860527367376749033824526996220562888857801760083918817192950042507052318720000000000000000000000000000000000000000000000000000000000000000000000000000000000000000000
368 0
369 0
370 59114140833466284880760739157860363846234072883841654473081884200880667879648363658011733020843680881951480484890191455718652318495048889579092659648620447206070570277513417608141461139621400561423842209888516201922761691912786728561655612372133552601198820989022042667349703071500339861264537116525581421196082135299131679418638592046621163367662266458305938220616121702168073857875873906059512556487572434915130620036416572295693089115280713626330230121217820545185003984100359771950008225189711158828626075663092388882912230265526646808604027652195899189985729432925262758384893017775386417206115103669016468736171551175416116547351021426503672365667006298685002076722059537666824061853484237140787200000000000000000000000000000000000000000000000000000000000000000000000000000000000000000000
371 0
372 0
373 3382296477596219680460293963469633498570521537955804918768371309188928744614476280346544428617697712435039400437712602186832430694260629853309695062444827711044167770379254901919980312240054262521350423027140717868454532257429918245189239421892157420534330033116551657677499015388219416455733494791622949415702531273799762647655613741425176564258043260383363769754559927803590569255602334498633723278173786736531095366663847521411986376551945291302408636626048031980211621979399720028276262180246216894089730425012752914913028929782332874153003230542693897271150742683468353204877309672368755888585955869568133396612219167111582568610665443259716100949106689307973795782886622203855866354133687500817968398336000000000000000000000000000000000000000000000000000000000000000000000000000000000000000000000
374 0
375 0
376 198261823551859652604761769538597663719167505051258029773915442094848674361096079736985598392191462782593401584379850895710965945617884461423010649055159676420879417395457884182914943630152357214941706807094124409718772845254500200701991140854461049604586698247237462431453242587848163843860218679289722761834718457844064083316670488289992506227839034276397933584749998764153821734088338439493406640549971314462547591228880418822732071521444276158454046693621442519178022337906367872092774816013925374057106136463261399992193081077158656272291673809453214851539201746199180472335958715001930953190825203512299451424680690780371260167648328460562887830653678931176583337537452564624386171529858307306439308918176874496000000000000000000000000000000000000000000000000000000000000000000000000000000000000000000000
377 0
378 0
379 11903908881113242706216269827818887358597012927689069281277330786704692123840440005126096264820832739403262291901718253297767674179610924116232804371174616902036270512559947491497313594010396433740208042390271216687314050029888127821878351918573746493393019234855891170178243773918898579068440142731370331493341764624480439456109052033710404617032786766107437011114074386092585105014095012362636377330044184693664736994027278401256461750654765700257623268832763210762918888386490241726807948214617955237249322750908817823257296778312908914820286717592832602806715526792272328456629202299547669579074592606392324830076543847351825052558521321801935033328741451577791761357881496964404818055040090724126373510491046545650089984000000000000000000000000000000000000000000000000000000000000000000000000000000000000000000000
380 0
381 0
382 731948361548614719952857717459574820605962305752745263691907943748410613866163542971099639264930845372544127556468064076018657891750154640216097665177906641869794810810038673094780355732262376627221626148218242025470234383784704419407436889762687556476687162942366826438611465333241573825192701578064473554014629733609286461118984514184100600507956449029275774270378258341842512195855016258401687960928445231459012916000214769138983523506356160408512051250635523480174149843573837179102696713774542299676696663732257334682837310096919604705901624487382938592309868769639186757782452255104861664448533357624640881804499639191313896956251357145824045461355222688737838071693604258437704553132360618827743630095030656446814671412920320000000000000000000000000000000000000000000000000000000000000000000000000000000000000000000000
383 0
384 0
385 46081883683609732868973966398390086127512025622390390056606716811965840299564477308887133688083186191785376958974081220436511081119209403184214595088712906622184673172952900133146303453271166962944320129199884681586637353070097671446966184779048256445914383687997592220698160206513782436430802953647302814573486731695042395737439150415352206098829267925317017566205995801019205124851686732207524513064875636863220494519150739337614253018940517092993577234614701466509936510618784035032249162409828020345945217642600982334601497600577698513562600523011998971836014702148992405061937747822569344766663922438946793309226890497890056790846195687186172058345513274037580039919629526262894880176863537298973238567591382204112508027360660527513600000000000000000000000000000000000000000000000000000000000000000000000000000000000000000000000
386 0
387 0
388 2970015987645309938257379723929728135374048168188838521696517862749761507353754360057965747910519642414843802059344102685138791154167993957041837328282569759525400977379919767117661010873623530782099594895516422118189468054697473617347819987723294044560389986194327363634996350418007813081475537559203909465239476252852182740775789618995932591484274472671014925958306187801361164214928180303071273491610011818732669589892243617603959668950676509811531753879639897717955475077842765380244817951882374194325096773899216224395680735340899315066675824501750439457213511870677494986909693761527500843138540375468962952337962818239490501628398944880834979095783669538782295308756250268257727040463392255469785284895611177136691234403899642167525638144000000000000000000000000000000000000000000000000000000000000000000000000000000000000000000000000
389 0
390 0
391 195923815051834864050005909102360076161102950294189105214994643568319364181673348952410992332792940017809545639645086596754289665114126219537967717093931076484678370064750552710202290390001845122484593397639865233032649940103602843930378154788230618140695747303428531672606530121158513166261993448908878991723623818009378078116019859626699304586705111444689126296482780855011243796977579204354368208874243226234116329091072612863419700223713521114884406206305674119353148147462422458754544802208913315598175191463796913727727525520269363025909646754830322170733397196622664904663878315390352652614854887286959391813509949676861012571290136278321732167195161955477156061989714741932362120737169541024311293551289520904445472081888562554672345318009339904000000000000000000000000000000000000000000000000000000000000000000000000000000000000000000000000
392 0
393 0
394 13226284401580449384530997605543325626315507575664494212120944368695525182504771068277082881305448519395933654863274566123905922708474402999223061463009853285652862759114369770640771330547157573958329240691706462989203600513776746794420074858375361928375828887881878392015531875067712285288656241801942839452940484123511440876237419610395245275703016841059558861495459467205986871490962947926571514639058307711797464443852003679132912241094772557720991261787124669359618169402901593320601427324302380874714811051092710782698333369882673714422988316141605788199193456715464228895142865966469610737236534823931623372215740852045652425248741797861646226301715972966754518218160827223776569807352719717397748579568231982487423767130755054940796689090510110993678336000000000000000000000000000000000000000000000000000000000000000000000000000000000000000000000000
395 0
396 0
397 913553879643278021982194134697975203350425658837634864262691716161909709615056997013495976807717250225193065930036700965451739868934516860346436055593544612132490003446547201932794405815190992179059416461829215552496381910486421780302301111254295327614054302242516071034814876370126754980159947233513933312202865233494267390136073629945421166802834999136990634489274997455667924946835506175591961463666397158951789383476994879412475046803885514944312039043386045964071416238820695732121716959684904251503102566994207382783051990121436739443003311108684725191151684449827884300727946057313673335002781485034720272923717720137768128997335795161168206221383633278803703573170465838338448610801330581979460131644382881291558215109918755906886040381004873669028397145128960000000000000000000000000000000000000000000000000000000000000000000000000000000000000000000000000
398 0
399 0
400 64550678352980318294657066793192282530644683086313634917248275490948005415527870737421965431425964485342223055040302057475699672666163116710435721583421591880756487374001016405685459470026468571098085324350763189853844765639359987424428387612549193976319700116732736785765089689420025531307045779535150352446420806500259657159375841673388959908961574444616245160515426212018141491417502262398508110432778600337011124116421448382860806554637420674570567730734296314924077686858403296899045343767331737643678304754824403624898345252751503274233269783893772806791167410298250410510883481127301010168807750052932148937693041518043932600180348068307580168204432650809620088471218320056738151299902770668119256032718808869054911280887430935323289221554539680271352096501878751232000000000000000000000000000000000000000000000000000000000000000000000000000000000000000000000000000
401 0
402 0
403 4665128133261577727872815448279272742699303562497934364040551634270964919909352135769465078504282660552373756376767492146199750752732178310095584509219313179845794210709340358294501386617780276132223847900847892072583978966886930458529044821632340979616615827156552281314633804558532080401777866353008676429330084288554772503806586175747005700396284211863532653237826628191577534008685416203269325547521482951957322102146849276426614227042316923868762390616652397144592155722878213096839419665674732078257586667361541778100490738780714730075085752250766615753061431780198170182534473884884801431602504131843942327110759974681734471711633673243828990015084066316561636912315537507019796923351442193412985720291641478292957113663002809008766750263667868389933921695072384214840115200000000000000000000000000000000000000000000000000000000000000000000000000000000000000000000000000000
404 0
405 0
406 344785790479546928614823961834106655810495486683214012091620491013933263928355506188830968321503822642086589321858940721001969030014292372742930415537412888603215649251770236978615202393768898368381519910071881818276841144456050913991580983585499523734735041411378106272119670562210990004425728663370863357834574349248868932112975049377032348761205944813242319167165371926879853242177577363523078481018657196126546210587165470816413962616475584194654747176807320485984748624221717406037768329481426501671708419171380956565238054692759804276518567127112513965560319657172198408645905528389889052808584893867318407235270942973038803990307134165440532311390087406779824589524631916974886550042058340577754834003286916199018449536301899097791040183327567331494191138926537651516913891881779200000000000000000000000000000000000000000000000000000000000000000000000000000000000000000000000000000
407 0
408 0
409 26054703511929395035447901307584959553603544918754766226192769209772498365221110020118242075728019201862592154442815039830057674842404068928147213202469856956023088207398225153588266862037725268450724018252763835067538368503516249296157606762646510161970373697671144015874932187521956258751792961230837678164498588425310299159759250811593491926741834120563310120757999745049183250923519589769956559316619248988327420371177713770990600160341857928949776152122839504371547312245760555579100428552607632966269961386382442969330960799503126582977951813805742325222143984513737399947403502284224503646029366893000827298100335272552602782046929764980312602991207869242250218055584461130538251577662408174394671500558847563015106460515395231437404148069451634261992866131399637781072377649480344587468800000000000000000000000000000000000000000000000000000000000000000000000000000000000000000000000000000
410 0
411 0
412 2012810746732244093509773157335889859633168332743266404231628844511248688298003747733003392919895155627546295090087811668898107071329991700285432266137162752539395535982758891476730453077632720644593189296545120083231353589194870261440881619983242937422233701424624904725075331583282897079497706188436970469638073072891903957578955071612514592897590516204626386036552612099855000945155170367563300054746304702562905733496731524624697261211149188061879778276616323627174274756608651740426796948939943252825812969870401309588616058030607200359523165044203963080492919397229933273515440072468695246938376617632215065292221182388098508139863477994774235337883682158497022000868080019554512935564380097959134100927740613454921402572629801067328165194209084330773356806131859644825716151450035526061182366515200000000000000000000000000000000000000000000000000000000000000000000000000000000000000000000000000000
413 0
414 0
415 158938771889966017076338797108943512073211089388088594922561505607066364362983908941942619267674709334578079583992812406435385497813163904014414445485774763593976898106852472658618617631555317149405513718217947842148278635024628635158326419238939106435399050968567855474878981858291784515598819429586699504232265483315435619386279493643149172670240198510928283880298080121383457037525719779950099754601880174970637478679654371357759748021165361042484406479087786289134823087969506060498712591305352120454664052947036542663745199858480217269804938218779449580247629554620573772442878203813145354196044128362441238237869948619178776489749008251936657256314456051720774849471076429969644091290530367649399219147923370915097078665778757417483342951402642265900118462773082170351923195830977624892750642007332880384000000000000000000000000000000000000000000000000000000000000000000000000000000000000000000000000000000
416 0
417 0
418 12826198380450839238186091359596854628881748720226111660994421814569754360297737242488663705537890763637002596909569115984913970841200234448007707752801808110573755609370626849096413868021697366264695148825259196994039907713913321038767113322718999640295021556401415529371269313018167109716333275912583996412861700908134224530565521165281246142334650805214233515759172941110860033097304463493567319945092674113829011816845983111167363054603376379669253859470378805953736400160596966006878342257195944091969312706719905061006313123749560969565667330601764938481848470032420411347014380347496075991022201024821741253956370436948648625403520049513492306274366785592013007608510896678138420651306510275627703742499110947224717625558149057559759001602171771329520061675615433858395476606500190614667235657945555611460567040000000000000000000000000000000000000000000000000000000000000000000000000000000000000000000000000000000
419 0
420 0
421 1057643536858913421736196427885027409893667538790450824623727371718572058512882215400271996476449955714511572434178929954375441360688551310545847422152132447749472971820483053556306951726181743416705804294061984013078459949727753546946361084139071374349809973749310286242752367261891621477092012753577946320697742319707626507235656945797924472253280040345129124802550177856385128721342312686814685886355787359025216452036776737360277892700146624244047253955870747339879673334512564523062172089891150980617678243293253045694514660939403928970727603149643180301274512832612707577864053940422729727028642463349499514268368035481605216145045697148191946179808547664101823676043247896051721699264517902842695721803817965903467144420849021883382181866798887331778262432147259631094262577464015935746605713605890865992937247908823040000000000000000000000000000000000000000000000000000000000000000000000000000000000000000000000000000000
422 0
423 0
424 89101907600820823218076503995537114587686833153601227663461237943339572805621082027340132130338235994723003789179434700348996776604195969173701104859691058739447509893914856269874563946375228950631171614515788511589959222621111874521714475390942210166828707225054841621682745082836819325956224058325060253201322109238653262592094552468221440583305563821470517234140357564791157701696934506357524352191116590733516621058214464953910089476319467691437516304179477447951293596836828111287655356985455457759435869875050130564630342021155445377036384761766313750306489827625588917353080207179934085667873561293701986726992385266503471411450522035187985292765682794337787037207926163789500092663742049818235955573388131241270789694926334856299488916480426054138117805098596366572446662745966574704964029872607909130868050946597895022837760000000000000000000000000000000000000000000000000000000000000000000000000000000000000000000000000000000
425 0
426 0
427 7667874517028906296338889810470356937205379847337554891575890509656085066518409137200687884734827037265928293942023925754471897484661086115117612953671370437448344425819145729452375436549351921635804459862406158340447290938197271559670604796755623720322495220496742880183517591411020221182785837182668852007467708803394855445704854409032951485684049922234593297723223616606578044667274485145605152823320251503332526765627401313045926827595412070932928719706407670289543087338343687751489714512605743056000608242896223643283620251462397468035635689527383763600536888191045646130400977773041401534271682335122571476417963025121623391804251642730790214492206162567003874853765720482580671533607095910620367054710647692855612905504193533084369329346092142987062184600484876756307903719875621060141892598073420946779671510803158711758844067840000000000000000000000000000000000000000000000000000000000000000000000000000000000000000000000000000000000
428 0
429 0
430 673966379388737373933466242091659602264695332078134013062722441982554403477242493483647030474182609214688543405703437097953603656196615896526597875619615336554776023571941024705561403619081198787034840466859639719729011664549978929814630661198805721930914749050368262899468078109351882108741049490436616856701457729922675835398319430241214341670698862836092589112065902410531156088575783114555776373357296701857323028835364309906898830306811374696657807878915069942940329982229139275233848175129759400039707252613754677743597414663430075496788492674108158523669054661545801883358082431322754017091982544497917430867204250254209601588548834698975303684937229938831158752221277874450795323811978602598995054614076658119005155852311902479674624283216336574310523895885167028772667857230836829305088071832381357294112714996899151250248398156700057600000000000000000000000000000000000000000000000000000000000000000000000000000000000000000000000000000000000
431 0
432 0
433 60494033893436992716986206353037834339286731234005712459664425879583389396375245194359031872415465438041603124409239988897958922680571417934148898146422880075793870580718356276053210951807466707733413631496597414077248108408410057093488137357982850699319417175479950665309118373776355020877594440263923866924671777834235801414792612338198544161036996131850025116174895360503990915736968505322372870473175979603301008276292522685100175393804011612020925277388100898612052566550233839875660662124936135642458636028768496229631378912024700321329814843596267385665894469277372974195746810398545975853657099395186985558096035110327373183193467080874704493679317186982341017356558770544265635804677340122618689398275294146371870003941221506983041380151591121746015862836590040578765241852231398566114502464646305894859801606634567357954949511112373873672192000000000000000000000000000000000000000000000000000000000000000000000000000000000000000000000000000000000000
434 0
435 0
436 5544146074890480437060518158301612306681342360883498945667549743383588199275269250615079101422704779357013678946222697179838473070261685017528923089771693182423251555261268325517725290519773524337412368987701524947592926059319108814865854972934532791225490940769045369339626495737101749531621599582365222021977739610051771159760854783876403072883223060573781989514735203679569744132990737120596652542832337181689479757202400616004933685110587824362004238276777492077782379184605530755086910235573457801021165987641806461675002686142864476726087020052594987814026998606906110832903113683488331273185485916039663932829849837544320712653067063802543050743733473284109166873443402048283000444470568269880300832047957164287969478486429497313776758129953842212065837489913400284417882438084216456296235330808460948835680898109431351423406223732180814424861889789952000000000000000000000000000000000000000000000000000000000000000000000000000000000000000000000000000000000000
437 0
438 0
439 518730985807186682748648306353814639307716093850022919233813856384858972531868919322793966065291001521410301399130548217422724628283595014657423114607712373953991304682342995470313532872865579428934877390848859085446451675974723156224999861758089892434096592201126820033965626941822802013163799721726277151589354288996911362773690907260283584858111421016581027518055673796091561109382490320149771630664758661666019158233273041715093968629500552143138361539543324152721072464831040046000622147631581442588359575088401392969617984279385001235815027334286226031896057027558437939736539937381130035036129009985837323968552698347417666946473063338895436550419221317909761678931179749343952335287795182250914654296667655343078302419000412860421478549090903412398894607552754093370869599930188770840644987567009303786742624675989609453571232809295633174819805068441732251648000000000000000000000000000000000000000000000000000000000000000000000000000000000000000000000000000000000000
440 0
441 0
442 49542005230822949024579180860727022438593346978854076250076678810399337367195088320573471590803833943343379767901113319795870159778318470551643708571318263841456673917826097174630423209281882226911314797718085049054284295972759795849347671746198369487417201551702474933949119867600109650307783980280365263506785805142783614080795879814858900291047396989520233001450984027162987394493391939521441849118029863258065657260165727338302054867837238255783528334775317198774625084192422212184203858254122926622883419428954809904435336405963390364387271440572411869586533019939469095166193005155457863911888224413269668703132529273142849113223573852050699873092066286628746419262767073900694592317491623283007296137791590316214322217022935276137760022046353572921526218854639500275698083717349411042772714808681259006923963990098062206931791075907238648679557663621583395091843645440000000000000000000000000000000000000000000000000000000000000000000000000000000000000000000000000000000000000
443 0
444 0
445 4829121448408875495579255999134052069768726429833279923614028613963304279431130362490268854459424246435499424181239103240874074025712814955057012376468767071905927368668902921693852507247256184549949850815062066751085379367783944447162531255364385376980866311621167690306948289012431462832182056973946675446943054237262766079925443781344384838216417511955114399539121279255944988565036703243540715904852047686328596195434066645515343931477218244009172157488831241752285847984007366052898687882938875732101248672798996527900831973384183431880361656624102747722842803129683182349092115694730091278688121936742221817343733467107213163456305746132904106471952956218926588720473611490729873162512991658058844284654886068204492373206977165097422929648938398329130010713036302349476011439124076533907636192915857220125685086561752283460535387575382584293443680179627538445600150214043238400000000000000000000000000000000000000000000000000000000000000000000000000000000000000000000000000000000000000
446 0
447 0
448 480359014495584500904076067461963095845460007705616997900950252410356639741657840029158170718093219433313270546502657683807125340556963791291672385144441181342026094764741722939243346837391692239169978337583488445368905105931779433855566738082130844307485244163241001573470542990528655709082944047668302130675186310040493523919536122024696308821567827947898528052097624784102958983961982494130011796380823758112459737063729625366177406513013260563782995509014414990378404242822674633573196254337516820918183960531416408390579268943480750432273793190960749546039639112269176709935545583053123139521970022652278400238136838896388210049406626431581879815684351634286833035631227109096736810177818758725119841423053579060923403444714440509655644852707998045797344192467799631256001090213501053060410347455690882627006107792414512288499322280292129817964165332140620520825338870388310841229312000000000000000000000000000000000000000000000000000000000000000000000000000000000000000000000000000000000000000
449 0
450 0
