0 0
1 0
2 1
3 4
4 10
5 22
6 43
7 80
8 141
9 240
10 397
11 640
12 1011
13 1568
14 2395
15 3604
16 5360
17 7876
18 11460
19 16510
20 23588
21 33418
22 47006
23 65640
24 91085
25 125596
26 172215
27 234820
28 318579
29 430060
30 577920
31 773130
32 1030007
33 1366644
34 1806445
35 2378892
36 3121835
37 4082796
38 5322360
39 6916360
40 8960863
41 11575730
42 14911952
43 19157308
44 24547130
45 31373182
46 39999365
47 50875462
48 64560029
49 81741350
50 103270704
51 130194042
52 163800102
53 205667848
54 257735920
55 322372960
56 402477562
57 501581822
58 623994565
59 774952790
60 960826360
61 1189337862
62 1469854228
63 1813704172
64 2234592055
65 2749053724
66 3377042117
67 4142578162
68 5074576780
69 6207772010
70 7583877961
71 9252897806
72 11274750559
73 13721114722
74 16677700795
75 20246837606
76 24550636471
77 29734605394
78 35972041697
79 43469063080
80 52470687690
81 63267812948
82 76205605815
83 91693150692
84 110214994960
85 132344441950
86 158759394085
87 190260610864
88 227793388317
89 272472560610
90 325612086742
91 388759184592
92 463734603246
93 552679093916
94 658108084530
95 782974773338
96 930744170719
97 1105478531560
98 1311937379153
99 1555692888370
100 1843264682182
101 2182275276558
102 2581631313037
103 3051732462940
104 3604714534755
105 4254729560572
106 5018271168277
107 5914549242192
108 6965924444177
109 8198408255740
110 9642242019944
111 11332562869406
112 13310173733033
113 15622428295654
114 18324252849670
115 21479319881224
116 25161401416222
117 29455922215808
118 34461748626814
119 40293240109060
120 47082609188929
121 54982625957178
122 64169725592751
123 74847566925418
124 87251116783440
125 101651323676762
126 118360476328347
127 137738330803740
128 160199128286520
129 186219613440220
130 216348209246850
131 251215492177292
132 291546166715262
133 338172726855176
134 392051058572085
135 454278227235572
136 526112773927925
137 608997837100878
138 704587512488303
139 814776860639430
140 941736088062646
141 1087949430300160
142 1256259406446385
143 1449917125499266
144 1672639496059425
145 1928674213749414
146 2222873608529435
147 2560778473322724
148 2948713248079956
149 3393893994904990
150 3904550907539226
151 4490067189748136
152 5161136512358903
153 5929941389218082
154 6810355270482155
155 7818171333844452
156 8971361514263536
157 10290369562311652
158 11798442606575516
159 13522006032247710
160 15491087327630572
161 17739794999481566
162 20306859687498631
163 23236245201831340
164 26577838470794775
165 30388228163914272
166 34731583306935817
167 39680644218378556
168 45317840003685778
169 51736548154298460
170 59042514143156269
171 67355450596781374
172 76810838507773484
173 87561955116842860
174 99782156641846835
175 113667446796858116
176 129439366412021791
177 147348242984452070
178 167676844367817285
179 190744485273384720
180 216911641876223257
181 246585135468794142
182 280223954256986069
183 318345789520079936
184 361534372395133045
185 410447706516077452
186 465827304097971903
187 528508544321750964
188 599432288091210708
189 679657897351567420
190 770377825888084543
191 872933966182589206
192 988835959952535154
193 1119781702047229332
194 1267680295728366880
195 1434677744847269192
196 1623185703299674408
197 1835913636345652460
198 2075904791248014829
199 2346576417190709150
200 2651764727116263378
201 2995775146869617170
202 3383438461743671074
203 3820173535889605704
204 4312057359504477225
205 4865903259610483350
206 5489348207744570852
207 6190950257880374660
208 6980297267507650401
209 7868128178264301210
210 8866468279150732115
211 9988780027626670696
212 11250131183572523852
213 12667382198680038984
214 14259395023895005915
215 16047265728377046516
216 18054583592797725456
217 20307719623587700052
218 22836147764257407398
219 25672802428451782030
220 28854476382275168806
221 32422263431070320690
222 36422050858117907113
223 40905067086953375270
224 45928490640177093120
225 51556127109678893438
226 57859161586927223854
227 64916994787623100550
228 72818171999986375481
229 81661414946494558130
230 91556767739879397119
231 102626869287596806552
232 115008365828119183636
233 128853478714670431062
234 144331744180309887390
235 161631943565116095620
236 180964244455375507767
237 202562575313524538468
238 226687258572239222221
239 253627929758463547670
240 283706773123479996250
241 317282107409648096536
242 354752358919327532627
243 396560462887212118024
244 443198738448222380140
245 495214287153732641494
246 553214970194423700425
247 617876025146989116438
248 689947389373196601756
249 770261804066091113960
250 859743780585479391878
251 959419519050345942458
252 1070427878416619925492
253 1194032507356743021966
254 1331635256465445965105
255 1484791004531682435984
256 1655224045173260954024
257 1844846194912758151996
258 2055776800161090041578
259 2290364838451332754850
260 2551213329064151384162
261 2841206289790477322252
262 3163538500482967574894
263 3521748360141216133380
264 3919754153124135733345
265 4361894071578784830550
266 4852970375967963004724
267 5398298113572428647972
268 6003758856782456017895
269 6675859968797460336720
270 7421799954876292642740
271 8249540512467983358782
272 9167885954385027078294
273 10186570745634627073570
274 11316355967726754477040
275 12569135604250677196270
276 13958053629553590620235
277 15497632978542299035362
278 17203917581459482758557
279 19094628763109570622890
280 21189337433153711791621
281 23509653633002182915962
282 26079435157501419423624
283 28925017136403615284190
284 32075464643826446921540
285 35562850604069371958326
286 39422561481920638943061
287 43693633485661003992354
288 48419122274438148556201
289 53646509449474347563520
290 59428149424263657375239
291 65821760613720308118206
292 72890965260316621782901
293 80705882628149210831230
294 89343780748427198321520
295 98889792394061234058862
296 109437701502462082258999
297 121090806856823032742062
298 133962870483592892399270
299 148179158930661702537390
300 163877586364583001801141
301 181209969269817620171390
302 200343403457361988653792
303 221461775099006831327082
304 244767418607184816362255
305 270482935384799056626126
306 298853188786621310275692
307 330147492071026725258382
308 364662007692046062528184
309 402722377995776745116870
310 444686609258512815562247
311 490948233047250502175046
312 541939771115674005204973
313 598136532483330124575416
314 660060774004869860456575
315 728286258635705925591892
316 803443248766409443566476
317 886223975449642151914712
318 977388628111040219496087
319 1077771913442112743300980
320 1188290236654751936330446
321 1309949563160878932892548
322 1443854024069039113877423
323 1591215334695420852943644
324 1753363101618935320453785
325 1931756100708204850935728
326 2127994616070095883303508
327 2343833938062098504314152
328 2581199127441777618064625
329 2842201162452196889149360
330 3129154596241569392277161
331 3444596863555810786456228
332 3791309388216618430220357
333 4172340656585463572157554
334 4591031437123783979416730
335 5051042342387246895003546
336 5556383947464131142721035
337 6111449698098228480854376
338 6721051862673893213498115
339 7390460805019845269986550
340 8125447879783296185374288
341 8932332279096919990195768
342 9818032188612291041510572
343 10790120642894298046232224
344 11856886504900925355519735
345 13027401032036242875419750
346 14311590532341723283426991
347 15720315659047832797150540
348 17265457940272551196814538
349 18960014193440232913007740
350 20818199531387640905301380
351 22855559729495226223395650
352 25089093790981293625801812
353 27537387621162760915315954
354 30220759801546403502883725
355 33161420541585709485002488
356 36383644980438599021552351
357 39913962113699730673229166
358 43781360731581323362106460
359 48017513876096422293102400
360 52657023456305176144896348
361 57737686803463475638790930
362 63300787102955421995150013
363 69391409808191531214661042
364 76058787324373268386751585
365 83356674448331664542074742
366 91343757265900534864702309
367 100084098441858747368766706
368 109647622090958639469731322
369 120110641693565101329740630
370 131556434817818743060799149
371 144075868733904552080815248
372 157768081357125541277832595
373 172741222337276190403786530
374 189113259524820958317900650
375 207012856492221306245254208
376 226580327274386783246151907
377 247968675018714939717514098
378 271344721805997169965101705
379 296890337522192893178922600
380 324803776331761761060128693
381 355301130030098025241251976
382 388617908340361683744502478
383 425010757073571375159241858
384 464759325995735735363504205
385 508168299247815820689802392
386 555569602249876656331364123
387 607324800196642721741688282
388 663827704525342204733475963
389 725507205116091881355252730
390 792830347478914549461145087
391 866305675799009482094547700
392 946486864463349870979711573
393 1033976662587827422093896572
394 1129431178116939974461592320
395 1233564530289999780306143748
396 1347153901672943777765781710
397 1471045023557736332800493284
398 1606158131348288168627262831
399 1753494429599909511786758230
400 1914143109677468218622091700
401 2089288966565627673478040926
402 2280220665224807055584083907
403 2488339711062154258427970948
404 2715170183603483422572638905
405 2962369297336986560099707532
406 3231738858982425489973685247
407 3525237696152123451675307438
408 3844995138547139591242448937
409 4193325639510426945443309150
410 4572744632978961125564192638
411 4985985728681758404659946148
412 5436019356867391390708192012
413 5926072982963088730944154954
414 6459653022422444743091221910
415 7040568596668389754301669672
416 7672957282545944246688403471
417 8361313020133136457498126256
418 9110516357192180402049666207
419 9925867223055366771928191020
420 10813120440416953891541280999
421 11778524200435247429310772264
422 12828861744837741554921972553
423 13971496518473107004591512572
424 15214421077082753911839623645
425 16566310058095345341940025796
426 18036577547114434774954403634
427 19635439199615996494059288972
428 21373979506355056404560982777
429 23264224622265707784653031920
430 25319221212407577952997509065
431 27553121804957909239265443132
432 29981277180581873203608897263
433 32620336369959220167785235140
434 35488354877046465477037629300
435 38604911795071159654103388368
436 41991236535570797446996330285
437 45670345948305846308195318270
438 49667192671921560439199121101
439 54008825622157116501105698140
440 58724563596582474273788352135
441 63846183052689378963894425320
442 69408121200112496880309747153
443 75447695638280409668673170776
444 82005341868402987995971809745
445 89124870113936635998082178328
446 96853742997121265357824750889
447 105243375741483867360245357222
448 114349460702035237305735100892
449 124232318166979545555728719000
450 134957275527900298732089311401
451 146595077080426556544477497540
452 159222326895233153707991327969
453 172921967390866688623412220320
454 187783796446371253711812838270
455 203905026114146201629253572166
456 221390886233123791222946898430
457 240355276500516245333344435642
458 260921470838461179533249214301
459 283222878191404700071881429460
460 307403864212634081049874328572
461 333620638645755652294485759316
462 362042213580993202697533561998
463 392851438168978483230749343226
464 426246115808395424772596469175
465 462440210290757557911967576154
466 501665147888257964861954559127
467 544171222911728329152858249854
468 590229114848180804394399644381
469 640131525814295361292239651440
470 694194947736906062143042266357
471 752761569397624047588086259524
472 816201334260078535835347412084
473 884914160839004253786883954234
474 959332338275013854382300832245
475 1039923110752147993318397839514
476 1127191465442336939334344356653
477 1221683139787249727099153224394
478 1323987865139580043739850587141
479 1434742865088979712982801254940
480 1554636628199436656460688534307
481 1684412976392232797356911295594
482 1824875451829586496046742609570
483 1976892046897128874764962342732
484 2141400303757560507138874570035
485 2319412811962914162740018825050
486 2512023134779265883851419129340
487 2720412197206697618133451716844
488 2945855171180860207902118281133
489 3189728896133521040931452048440
490 3453519875981868263660519880762
491 3738832896724940431181196709778
492 4047400312166312687210834122496
493 4381092048872198340519274300324
494 4741926385331779395096595486450
495 5132081564431538344502708484508
496 5553908302808750788267399612906
497 6009943265433750940338721498706
498 6502923578910397360381921243999
499 7035802462505379497255587911400
500 7611766061847557393872080973711
501 8234251576608353903591119944122
502 8906966780315443139853791956363
503 9633911037799015273482038176760
504 10419397933659667091766075887375
505 11268079633619022893686187101968
506 12184973109710957902489934441732
507 13175488370038224114036930511918
508 14245458844305108301293704045683
509 15401174087593692410005027881890
510 16649414976935322157535654591474
511 17997491588199981659184856713000
512 19453283954748708398658099749254
513 21025285924236813156855765717466
514 22722652345992300011766439927875
515 24555249838603548659802961422152
516 26533711405817739727347383976574
517 28669495188667383433663917551800
518 30974947663003865889187551912225
519 33463371614428239367019406742170
520 36149099247082083019595493224294
521 39047570809014551158775673290972
522 42175419145003634026172226715959
523 45550560617917125423334778456058
524 49192292872098523692369019599550
525 53121399947012115693545678263558
526 57360265286648000849588919557561
527 61932993230151821395752312854978
528 66865539611998266995138578547018
529 72185852145978342900815280871780
530 77924021316538868890034567109608
531 84112442553835138488548901180864
532 90785990525487252946751611140569
533 97982206438738212232900398526166
534 105741499311787364351965306498280
535 114107362242826524533318737400178
536 123126604780070061864785918634034
537 132849602576199780324102121379482
538 143330565596520729503101339928497
539 154627826242151909719854600586470
540 166804148848191461240548127111971
541 179927062122464922238108364785304
542 194069216203685678438772897932094
543 209308766139161610773292628339560
544 225729783712141215777321513310885
545 243422699688115733123178684398876
546 262484778698533200975812398387299
547 283020629140133206819189025772448
548 305142750639223305402588175593898
549 328972121813487154439011522213530
550 354638831260193331114655874418787
551 382282754909874441455303037990300
552 412054283109643703684137172088037
553 444115101041353151765216773404886
554 478639026337888657092849685611705
555 515812908037233601451882147777430
556 555837591309789144330297705427340
557 598928952711176150010268915517048
558 645319011051817503485243145305931
559 695257119337565273614205002222090
560 749011243624157700771388137705302
561 806869335044143079684489963843226
562 869140801709990300965457464802977
563 936158087673448210756267563679312
564 1008278366630986514143186585199930
565 1085885358610666467295915800864550
566 1169391278459525713951100308208137
567 1259238925575163036713701983026088
568 1355903924993501264712591504529519
569 1459897130659708558616395496588510
570 1571767202474194515453311305027495
571 1692103369523912315758541312794652
572 1821538392784570789317414903389981
573 1960751741515720284731659664773268
574 2110472998572220736127755766506755
575 2271485510926811424595687324651092
576 2444630302844166538437064059866966
577 2630810270372050164080116840739684
578 2830994677125437253216012290832885
579 3046223972740571368604064078264560
580 3277614956874108628982475203518160
581 3526366313224393895357233783599774
582 3793764539764623144062258844117796
583 4081190303208737174131162613057996
584 4390125247688449967795069672804660
585 4722159289712468613806378254643236
586 5078998433715921280294095437482997
587 5462473144899105665233561905467148
588 5874547318610395197961792883365309
589 6317327888259691596851726124380620
590 6793075116668140863398859604555860
591 7304213618879687910853147061590066
592 7853344167794041598657248739588929
593 8443256337543277544802468953857416
594 9076942043341114815823647244345340
595 9757610040601395098831700384557806
596 10488701450468106474680451946217856
597 11273906383542243872026553059416592
598 12117181738550957720475428339778471
599 13022770258003223233124229450108590
600 13995220928536506089784040301391704
601 15039410819704968396941381297922324
602 16160568461417637384823329662636221
603 17364298867132362411396665269097896
604 18656610317277871447553733237154265
605 20043943025243327359472943407905752
606 21533199816676092080744485624326562
607 23131778961799777568883751267430772
608 24847609310044318352609507795960011
609 26689187886508494741103232216637560
610 28665620120696520900201538258575270
611 30786662889630313902412834871099002
612 33062770569887268230238709662686355
613 35505144306402426052297711042703440
614 38125784720059984847379401785581500
615 40937548291241949485224259609571640
616 43954207672665189667872990965182877
617 47190516202090178725146786644819882
618 50662276903897714723844522825487561
619 54386416288181171667261256662153840
620 58381063276973585614738713749799440
621 62665633609608838858873220092779700
622 67260920103097812823905416268331177
623 72189189168883211644121344321924448
624 77474284014526915581608125769715425
625 83141734987894255028444250072612524
626 89218877552350950403064127067793007
627 95734978414508963809839807484893332
628 102721370361283865738515282849400228
629 110211596400604170148008511177847870
630 118241563840197575598154956096482588
631 126849708981635424166234078529641264
632 136077173152420980108921667981838283
633 145967990847546822297549751635839366
634 156569290803821426377065164417193660
635 167931510885587553829035201368133330
636 180108627719451856760458412256357102
637 193158402078557343678592787024342392
638 207142641084014880391266691615982982
639 222127478362640219834774067867412120
640 238183673376410388045332826379145015
641 255386931220367676506361437182135010
642 273818244272391146330278303053520521
643 293564257170675922535779287959580782
644 314717656693283847041325958662598850
645 337377588219153624342830106714570200
646 361650100561908499236073993867619102
647 387648621087126155253161599434549560
648 415494463150919409816640758525188987
649 445317368033228835624349765914296400
650 477256083683693998160955665935239267
651 511458982751927903503241649041990848
652 548084722538086066785642906092733393
653 587302949674453493441847642048074712
654 629295052535068075557531823466176650
655 674254964568900476653685666699735080
656 722390021963609161325435035350807332
657 773921879272226096533041777207465002
658 829087486875198925201405183588038926
659 888140134405971440891039719795065570
660 951350564540739191731340273651201963
661 1019008161843248927787809372472638798
662 1091422221664666091027524891926141581
663 1168923304427833466872030143119497168
664 1251864680975984055977671769866520775
665 1340623875039532401908105605855365776
666 1435604309272419094344311406873916983
667 1537237061733184391530834701518055000
668 1645982740137159554915515900367319654
669 1762333481686654719948306740330133720
670 1886815086797668209982884573060515185
671 2019989295586441536145811873421992972
672 2162456216559260938075580806529324244
673 2314856917566518769755353665087946258
674 2477876189739597868398413177381449620
675 2652245495829182723770947379123130448
676 2838746115108847691115437572268520575
677 3038212497801111071473549084000457912
678 3251535842827643273371110240825178610
679 3479667913584239722922225871521013120
680 3723625107397982661724017804676650256
681 3984492795342406921061136913578011664
682 4263429950170371787594568491555896226
683 4561674081277889349815693526228790870
684 4880546496839796347739178440953831860
685 5221457914564586852397764876039580662
686 5585914443905947908859580116000262831
687 5975523964047874259898638493797050564
688 6392002923554329453247221014286774100
689 6837183589249271043846309976741962220
690 7313021773674845226049797463621403541
691 7821605072371458285916012606812957222
692 8365161644240449943314443842021766473
693 8946069570395878315958771460923205840
694 9566866829194607278830926985727575910
695 10230261927562101340003781428574494332
696 10939145231314256647197082853257163694
697 11696601039922977339336844049930426850
698 12505920454095399573236859841357966631
699 13370615087644671432068035159643841130
700 14294431678435700403490458275213248394
701 15281367656704692728906621429704259756
702 16335687732789813633673932915040565642
703 17461941570285896013799398514379083540
704 18664982614863688496877563428765581570
705 19949988153489455290799634461372793784
706 21322480683560592374340414549668553664
707 22788350676555118946358725535224425204
708 24353880826196354033965126598347180449
709 26025771876878880452580426457476574670
710 27811170134209358578746008914770020423
711 29717696766008525173588979333926063900
712 31753479009022840806489908160222534936
713 33927183403931260141321584590213208620
714 36248051189031593829750870185834017875
715 38725935991280680852544877062585712956
716 41371343962173640114194352523025088620
717 44195476515312244499531004679121057320
718 47210275832465378920246548252694702656
719 50428473315502141806018975099587003960
720 53863641172819207734649899007667824837
721 57530247340829749521046916372235546236
722 61443713953775209288086776829274713761
723 65620479588609877377599623586668669716
724 70078065526040795001614873596010436085
725 74835146284034165077626733107516764998
726 79911624696279656507362677200326434969
727 85328711825294531466908484054832987696
728 91109012018112820054634224037243383788
729 97276613431907031974714285859213370230
730 103857184377501394616006007467077078080
731 110878075850630892564838967143929742042
732 118368430644058553757810858656434676311
733 126359299458368401655823605241601908122
734 134883764455492302388664962517366423645
735 143977070726900031917664292053538158716
736 153676766177983468334169344517279293871
737 164022850361604167885752389357384488010
738 175057932827161458224360724742737179571
739 186827401586995173391112434375379855330
740 199379602339590115055385386172918249278
741 212766029129032800150029614370588063186
742 227041527162627748557182547410371284028
743 242264508553661822677349892408493984106
744 258497181804171463135308045723519704870
745 275805795893389292523143701853059757622
746 294260899891503995888481706148018176481
747 313937619075652055075897790079341832788
748 334915948585874797384912163145908668774
749 357281065723334552171880529515627669850
750 381123662061617710209549565586803414172
751 406540296614702126012046860188313754314
752 433633771382388147960972806433890523935
753 462513530675958607575564307656106536746
754 493296085713831718493444171731517506035
755 526105466069307740961342017920273915894
756 561073699650509546876168890366926840171
757 598341322996622428787192073069392978724
758 638057923784913813338165569323314482434
759 680382717560144994146514086763422080980
760 725485160822283766408850089289979761164
761 773545602740322620388916682768707780232
762 824755977899961601876770024250394193321
763 879320542641415255688160104730674310924
764 937456657701165556560192368623401892945
765 999395620038654590447515056557429308496
766 1065383546906271861407261618185075296286
767 1135682315409155973674575732405405055176
768 1210570561000950255691199893684768074290
769 1290344738573416670159638415718441325250
770 1375320250022453238429914712439121587891
771 1465832642411351900259620891503427023482
772 1562238881104897055558456256510643170052
773 1664918702516009656993540290800696658226
774 1774276051391009020847549995326343532760
775 1890740607861170636236921984380164711008
776 2014769409808137297034127114952805305516
777 2146848576429988360596058852226936890508
778 2287495139254548350023873661618051849159
779 2437258987228050767981198375139499214950
780 2596724932911868032390466470741014707669
781 2766514907249053147645216341877515091344
782 2947290290817373997498515809570061797886
783 3139754389967904315083490681888877303104
784 3344655066759705258367709630984803629745
785 3562787532143423733226382176238634528588
786 3794997312421586292310086898126188754030
787 4042183399622927209666922523925618212004
788 4305301597074317621978081490254928279347
789 4585368072138942391919383521778853472350
790 4883463128815614154078846454953936587329
791 5200735213663967525628148556392692980278
792 5538405169336332421941424458088574984039
793 5897770750862087962117480248501392123660
794 6280211420747153036411700475512166728840
795 6687193439923052380485834287013259057380
796 7120275272609964717110858770378557490711
797 7581113324249760049317179949033851127916
798 8071468032821916592791152372929030130681
799 8593210335081238136380240875306197883620
800 9148328530555560191238643609807718688118
801 9738935567518467984160485963253927870368
802 10367276776611034379524899090235245296081
803 11035738079332572417148155988375357084124
804 11746854700258520115428478408506646436995
805 12503320413579269242483277249981338837854
806 13307997356392766924907131164383299013969
807 14163926443132146890382161212369595131154
808 15074338417573928481207750077876580963226
809 16042665581059274483852485946748061539990
810 17072554237877638609954325053350298798752
811 18167877901216495511524057964054538282596
812 19332751305680810159414522566265685899465
813 20571545275140018753603714781682459650822
814 21888902497577606459998390950126567367705
815 23289754261708450058562355170946652827304
816 24779338213402073618656777654678567307452
817 26363217193416557798244465074676705358516
818 28047299221619384886674988282167789260728
819 29837858696759985919743138802325161470290
820 31741558884976871483189184394092205419862
821 33765475774583397162879064245932332700182
822 35917123379294637656219604467445790434252
823 38204480576948541156869491238214923501174
824 40636019575953396768430188738354561149740
825 43220736107177479245235811635871011085182
826 45968181444803314488115247027517473268748
827 48888496365817138918400290973704597894420
828 51992447164313693479461028444995852206972
829 55291463843688532227933409198022377717010
830 58797680617086781633156074590207234379654
831 62523978854202285957829997642287829464522
832 66484032620699196403108138176137811394046
833 70692356965185617945449658852431868221366
834 75164359117833741242886637177809447211725
835 79916392774442379370000360381862039682142
836 84965815650007111545792566381544084562107
837 90331050496733204931062909175463558658944
838 96031649792931924305313842480578769237580
839 102088364321418525264703500618359195936420
840 108523215868919043917733619017357722233535
841 115359574291634055943234710618979433262172
842 122622239206544344242913775248690220448675
843 130337526583321837384571875322949214786370
844 138533360527877837695629078730253590883050
845 147239370565690801003652681423483973195534
846 156486994751162045099320293055750727946143
847 166309588948407134989035910914173584988674
848 176742542649163977484190271822989978094386
849 187823401714949971707045660682691729520680
850 199591998453297675470760819861321867546129
851 212090589461912989867240089827470940772804
852 225364001700007542950685365299227899563309
853 239459787272937782645059316159395793552790
854 254428387444721833405539094225527302953590
855 270323306423090801329165166870397601460120
856 287201295493558375516953430622125139919159
857 305122548112661078800163410177869956747178
858 324150906606136841218851141354789564126783
859 344354081155483159322788301752199560953300
860 365803881796185735467849993912010733397438
861 388576464193058607946533754343320839522730
862 412752590002718875559002034834521033323632
863 438417902680372121081973658306924411034946
864 465663219637955337438139218851516554865915
865 494584841713427647158405577492525190620852
866 525284880966779231983102580134494292633533
867 557871607877318760517630781042164307238338
868 592459819079182093864113383647179339730445
869 629171226837973355054878313393436977639380
870 668134871541207654026820340646434433653836
871 709487558548988453224678696141758810808570
872 753374320829349470257377931951868311013715
873 799948908885161694282205850763499307477118
874 849374309566704627935636693594590455791635
875 901823295456195631800518181825818205792470
876 957479006608045703615305873034036309524677
877 1016535566531663554180649042289973474997768
878 1079198734412578641044008589527478381346496
879 1145686595682831829398501364736637379374410
880 1216230293173342238229583209908747392044667
881 1291074801209673041138874802065756189401034
882 1370479745148680837207544480324562866107338
883 1454720268997358026607109057766327460831358
884 1544087953907204006041474258387631071074985
885 1638891790498152065539831680476478567040452
886 1739459208135923642491017966768480922736159
887 1846137164466196423825038685989967644085988
888 1959293298698702879102879635469837873238152
889 2079317152334896791182029822076025970485820
890 2206621461244744984272539018402208608759572
891 2341643523222161385835208265347245087790764
892 2484846645385278222463028903225115700407563
893 2636721676037859708137215132413751789193072
894 2797788625872462030135270855966547354981640
895 2968598383675226790418299648784859746835286
896 3149734531987304674902984546026516138002604
897 3341815268489730138124074142584381327891970
898 3545495439208043803156429315933875453385402
899 3761468689981076657840700164720506846434600
900 3990469743006113489380574127175159530995536
901 4233276805661244811479222441754782555061230
902 4490714119216260418011925749184548093237465
903 4763654655477161765419755595717526318347802
904 5053022969867570808461119350943411650591850
905 5359798219934357635654136971342987778043298
906 5685017358776141932504967321984537940386249
907 6029778513433467469659623865188391288851134
908 6395244558850012238995081374122925334875045
909 6782646898616876168627191580675239336325050
910 7193289464348573882429032991269016179100742
911 7628552946211740922052078544272452641979350
912 8089899267837731662426226847869819441238724
913 8578876319600349217542090468893983744699358
914 9097122965032121299986323392692351886331535
915 9646374335989162900124180442695258704037984
916 10228467433058217384474375419284318456570170
917 10845347048632548768013251447986098490133784
918 11499072031068719491429891846359900514212593
919 12191821909376831255211327425511745840990050
920 12925903898995592011830655713025668657177399
921 13703760310363828920494049455302036801464024
922 14527976383225201041385237673400068888969921
923 15401288570896469835850674983614737695842986
924 16326593300095550286871371956300248141402135
925 17306956233367688603958296697374404032219292
926 18345622062670711058733253112348725232341715
927 19446024864287810521071497756747884701667018
928 20611799046933474249852202113286397817908763
929 21846790926709856670562439027642309989745180
930 23155070964462383105955633155228204901107774
931 24540946703080138866366373772766686070623608
932 26008976444394457640306354381673807394220407
933 27563983707554195653196467972913525012801760
934 29211072513104919643094562791370349334328825
935 30955643539478455625922290971328991994783614
936 32803411201216121241218998061564813995370875
937 34760421701011068052394286089868968634814950
938 36833072110570474836707046187277330321062598
939 39028130538375276654813545282895193220750730
940 41352757445662563500569450974901681211241539
941 43814528175383095608790558194471594348299158
942 46421456762503427917345425778243070049276114
943 49182021097839317888364205088432037224344786
944 52105189521635378181726113160929888346389515
945 55200448927356893383567882091658564661491074
946 58477834460645540545487552689621647491176800
947 61947960903124290425651413051857269689540556
948 65622055835731570630360302985153713607872811
949 69511994681535128196938512788019654299439060
950 73630337733536996088300209833425308509082091
951 77990369278848419338431434920467219089442616
952 82606138936804264865926769308691662633868538
953 87492505335117961886443303987853806074397210
954 92665182255068988473179888577300921019323325
955 98140787383984929705714361773612373662729216
956 103936893820949837846700059445059364489421190
957 110072084489761793812055022535955404316068362
958 116566009621698145075019646754910964795264131
959 123439447479651058568775203438992384182667300
960 130714368504694262007538641187476146023206277
961 138414003076161010193171010718502333292026810
962 146562913086881707435497054268252873092485880
963 155187067546377069729143172421510592725857906
964 164313922436560651988736375005462665077344345
965 173972505056906117815741374025514244929891064
966 184193503109114693540760131184303690980615932
967 195009358785113601253947151274272295850596006
968 206454368136765658609713501628142332992662171
969 218564786021014497640349808091384943131043580
970 231378936930372012364628029175624906361790456
971 244937332035720024237440577143011937933575542
972 259282792786394513488621514056314327889565137
973 274460581431498419604769233610418093429981274
974 290518538846400976293455512573563692385462960
975 307507230069483663052325749936347058758341328
976 325480097976443962344334954527290848978303900
977 344493625542930189675121963225463989168286214
978 364607507171019007479019396422309891540160093
979 385884829581130624529276719939642394872342810
980 408392262798477575068068282145129567455003907
981 432200261792137687350931674151029354022873580
982 457383279355410782512629176757207376918736193
983 484019990848346470809241983548929537337053756
984 512193531457306325575531907511041338113759120
985 541991746662241659140124133342446868479224010
986 573507456640127045000084320596318353958908367
987 606838735372793838245335301773331958644713984
988 642089205269366996633398975212426323759480686
989 679368348157738088740559621694410176569415920
990 718791833546129227399788748224816664185910607
991 760481865104944987063828601698116874096071446
992 804567546370907160803559551547563085554041866
993 851185266730062659604759835162614745392674040
994 900479108793797668727981196626539947785398355
995 952601278342639006867744247277620620969141892
996 1007712558076542492934677022740558034005249729
997 1065982786477732816040510567723846378529934552
998 1127591363163153986165176127577741933496787515
999 1192727782178407717045537023378524520130132770
1000 1261592194763903112477632900492430681265276993
