0 0
1 13
2 21
3 29
4 37
5 45
6 53
7 61
8 69
9 77
10 85
11 93
12 101
13 109
14 117
15 125
16 133
17 141
18 149
19 157
20 165
21 173
22 181
23 189
24 197
25 205
26 213
27 221
28 229
29 237
30 245
31 253
32 261
33 269
34 277
35 285
36 293
37 301
38 309
39 317
40 325
41 333
42 341
43 349
44 357
45 365
46 373
47 381
48 389
49 397
50 405
51 413
52 421
53 429
54 437
55 445
56 453
57 461
58 469
59 477
60 485
61 493
62 501
63 509
64 517
65 525
66 533
67 541
68 549
69 557
70 565
71 573
72 581
73 589
74 597
75 605
76 613
77 621
78 629
79 637
80 645
81 653
82 661
83 669
84 677
85 685
86 693
87 701
88 709
89 717
90 725
91 733
92 741
93 749
94 757
95 765
96 773
97 781
98 789
99 797
100 805
101 813
102 821
103 829
104 837
105 845
106 853
107 861
108 869
109 877
110 885
111 893
112 901
113 909
114 917
115 925
116 933
117 941
118 949
119 957
120 965
121 973
122 981
123 989
124 997
125 1005
126 1013
127 1021
128 1029
129 1037
130 1045
131 1053
132 1061
133 1069
134 1077
135 1085
136 1093
137 1101
138 1109
139 1117
140 1125
141 1133
142 1141
143 1149
144 1157
145 1165
146 1173
147 1181
148 1189
149 1197
150 1205
151 1213
152 1221
153 1229
154 1237
155 1245
156 1253
157 1261
158 1269
159 1277
160 1285
161 1293
162 1301
163 1309
164 1317
165 1325
166 1333
167 1341
168 1349
169 1357
170 1365
171 1373
172 1381
173 1389
174 1397
175 1405
176 1413
177 1421
178 1429
179 1437
180 1445
181 1453
182 1461
183 1469
184 1477
185 1485
186 1493
187 1501
188 1509
189 1517
190 1525
191 1533
192 1541
193 1549
194 1557
195 1565
196 1573
197 1581
198 1589
199 1597
200 1605
201 1613
202 1621
203 1629
204 1637
205 1645
206 1653
207 1661
208 1669
209 1677
210 1685
211 1693
212 1701
213 1709
214 1717
215 1725
216 1733
217 1741
218 1749
219 1757
220 1765
221 1773
222 1781
223 1789
224 1797
225 1805
226 1813
227 1821
228 1829
229 1837
230 1845
231 1853
232 1861
233 1869
234 1877
235 1885
236 1893
237 1901
238 1909
239 1917
240 1925
241 1933
242 1941
243 1949
244 1957
245 1965
246 1973
247 1981
248 1989
249 1997
250 2005
251 2013
252 2021
253 2029
254 2037
255 2045
256 2053
257 2061
258 2069
259 2077
260 2085
261 2093
262 2101
263 2109
264 2117
265 2125
266 2133
267 2141
268 2149
269 2157
270 2165
271 2173
272 2181
273 2189
274 2197
275 2205
276 2213
277 2221
278 2229
279 2237
280 2245
281 2253
282 2261
283 2269
284 2277
285 2285
286 2293
287 2301
288 2309
289 2317
290 2325
291 2333
292 2341
293 2349
294 2357
295 2365
296 2373
297 2381
298 2389
299 2397
300 2405
301 2413
302 2421
303 2429
304 2437
305 2445
306 2453
307 2461
308 2469
309 2477
310 2485
311 2493
312 2501
313 2509
314 2517
315 2525
316 2533
317 2541
318 2549
319 2557
320 2565
321 2573
322 2581
323 2589
324 2597
325 2605
326 2613
327 2621
328 2629
329 2637
330 2645
331 2653
332 2661
333 2669
334 2677
335 2685
336 2693
337 2701
338 2709
339 2717
340 2725
341 2733
342 2741
343 2749
344 2757
345 2765
346 2773
347 2781
348 2789
349 2797
350 2805
351 2813
352 2821
353 2829
354 2837
355 2845
356 2853
357 2861
358 2869
359 2877
360 2885
361 2893
362 2901
363 2909
364 2917
365 2925
366 2933
367 2941
368 2949
369 2957
370 2965
371 2973
372 2981
373 2989
374 2997
375 3005
376 3013
377 3021
378 3029
379 3037
380 3045
381 3053
382 3061
383 3069
384 3077
385 3085
386 3093
387 3101
388 3109
389 3117
390 3125
391 3133
392 3141
393 3149
394 3157
395 3165
396 3173
397 3181
398 3189
399 3197
400 3205
401 3213
402 3221
403 3229
404 3237
405 3245
406 3253
407 3261
408 3269
409 3277
410 3285
411 3293
412 3301
413 3309
414 3317
415 3325
416 3333
417 3341
418 3349
419 3357
420 3365
421 3373
422 3381
423 3389
424 3397
425 3405
426 3413
427 3421
428 3429
429 3437
430 3445
431 3453
432 3461
433 3469
434 3477
435 3485
436 3493
437 3501
438 3509
439 3517
440 3525
441 3533
442 3541
443 3549
444 3557
445 3565
446 3573
447 3581
448 3589
449 3597
450 3605
451 3613
452 3621
453 3629
454 3637
455 3645
456 3653
457 3661
458 3669
459 3677
460 3685
461 3693
462 3701
463 3709
464 3717
465 3725
466 3733
467 3741
468 3749
469 3757
470 3765
471 3773
472 3781
473 3789
474 3797
475 3805
476 3813
477 3821
478 3829
479 3837
480 3845
481 3853
482 3861
483 3869
484 3877
485 3885
486 3893
487 3901
488 3909
489 3917
490 3925
491 3933
492 3941
493 3949
494 3957
495 3965
496 3973
497 3981
498 3989
499 3997
500 4005
501 4013
502 4021
503 4029
504 4037
505 4045
506 4053
507 4061
508 4069
509 4077
510 4085
511 4093
512 4101
513 4109
514 4117
515 4125
516 4133
517 4141
518 4149
519 4157
520 4165
521 4173
522 4181
523 4189
524 4197
525 4205
526 4213
527 4221
528 4229
529 4237
530 4245
531 4253
532 4261
533 4269
534 4277
535 4285
536 4293
537 4301
538 4309
539 4317
540 4325
541 4333
542 4341
543 4349
544 4357
545 4365
546 4373
547 4381
548 4389
549 4397
550 4405
551 4413
552 4421
553 4429
554 4437
555 4445
556 4453
557 4461
558 4469
559 4477
560 4485
561 4493
562 4501
563 4509
564 4517
565 4525
566 4533
567 4541
568 4549
569 4557
570 4565
571 4573
572 4581
573 4589
574 4597
575 4605
576 4613
577 4621
578 4629
579 4637
580 4645
581 4653
582 4661
583 4669
584 4677
585 4685
586 4693
587 4701
588 4709
589 4717
590 4725
591 4733
592 4741
593 4749
594 4757
595 4765
596 4773
597 4781
598 4789
599 4797
600 4805
601 4813
602 4821
603 4829
604 4837
605 4845
606 4853
607 4861
608 4869
609 4877
610 4885
611 4893
612 4901
613 4909
614 4917
615 4925
616 4933
617 4941
618 4949
619 4957
620 4965
621 4973
622 4981
623 4989
624 4997
625 5005
626 5013
627 5021
628 5029
629 5037
630 5045
631 5053
632 5061
633 5069
634 5077
635 5085
636 5093
637 5101
638 5109
639 5117
640 5125
641 5133
642 5141
643 5149
644 5157
645 5165
646 5173
647 5181
648 5189
649 5197
650 5205
651 5213
652 5221
653 5229
654 5237
655 5245
656 5253
657 5261
658 5269
659 5277
660 5285
661 5293
662 5301
663 5309
664 5317
665 5325
666 5333
667 5341
668 5349
669 5357
670 5365
671 5373
672 5381
673 5389
674 5397
675 5405
676 5413
677 5421
678 5429
679 5437
680 5445
681 5453
682 5461
683 5469
684 5477
685 5485
686 5493
687 5501
688 5509
689 5517
690 5525
691 5533
692 5541
693 5549
694 5557
695 5565
696 5573
697 5581
698 5589
699 5597
700 5605
701 5613
702 5621
703 5629
704 5637
705 5645
706 5653
707 5661
708 5669
709 5677
710 5685
711 5693
712 5701
713 5709
714 5717
715 5725
716 5733
717 5741
718 5749
719 5757
720 5765
721 5773
722 5781
723 5789
724 5797
725 5805
726 5813
727 5821
728 5829
729 5837
730 5845
731 5853
732 5861
733 5869
734 5877
735 5885
736 5893
737 5901
738 5909
739 5917
740 5925
741 5933
742 5941
743 5949
744 5957
745 5965
746 5973
747 5981
748 5989
749 5997
750 6005
751 6013
752 6021
753 6029
754 6037
755 6045
756 6053
757 6061
758 6069
759 6077
760 6085
761 6093
762 6101
763 6109
764 6117
765 6125
766 6133
767 6141
768 6149
769 6157
770 6165
771 6173
772 6181
773 6189
774 6197
775 6205
776 6213
777 6221
778 6229
779 6237
780 6245
781 6253
782 6261
783 6269
784 6277
785 6285
786 6293
787 6301
788 6309
789 6317
790 6325
791 6333
792 6341
793 6349
794 6357
795 6365
796 6373
797 6381
798 6389
799 6397
800 6405
801 6413
802 6421
803 6429
804 6437
805 6445
806 6453
807 6461
808 6469
809 6477
810 6485
811 6493
812 6501
813 6509
814 6517
815 6525
816 6533
817 6541
818 6549
819 6557
820 6565
821 6573
822 6581
823 6589
824 6597
825 6605
826 6613
827 6621
828 6629
829 6637
830 6645
831 6653
832 6661
833 6669
834 6677
835 6685
836 6693
837 6701
838 6709
839 6717
840 6725
841 6733
842 6741
843 6749
844 6757
845 6765
846 6773
847 6781
848 6789
849 6797
850 6805
851 6813
852 6821
853 6829
854 6837
855 6845
856 6853
857 6861
858 6869
859 6877
860 6885
861 6893
862 6901
863 6909
864 6917
865 6925
866 6933
867 6941
868 6949
869 6957
870 6965
871 6973
872 6981
873 6989
874 6997
875 7005
876 7013
877 7021
878 7029
879 7037
880 7045
881 7053
882 7061
883 7069
884 7077
885 7085
886 7093
887 7101
888 7109
889 7117
890 7125
891 7133
892 7141
893 7149
894 7157
895 7165
896 7173
897 7181
898 7189
899 7197
900 7205
901 7213
902 7221
903 7229
904 7237
905 7245
906 7253
907 7261
908 7269
909 7277
910 7285
911 7293
912 7301
913 7309
914 7317
915 7325
916 7333
917 7341
918 7349
919 7357
920 7365
921 7373
922 7381
923 7389
924 7397
925 7405
926 7413
927 7421
928 7429
929 7437
930 7445
931 7453
932 7461
933 7469
934 7477
935 7485
936 7493
937 7501
938 7509
939 7517
940 7525
941 7533
942 7541
943 7549
944 7557
945 7565
946 7573
947 7581
948 7589
949 7597
950 7605
951 7613
952 7621
953 7629
954 7637
955 7645
956 7653
957 7661
958 7669
959 7677
960 7685
961 7693
962 7701
963 7709
964 7717
965 7725
966 7733
967 7741
968 7749
969 7757
970 7765
971 7773
972 7781
973 7789
974 7797
975 7805
976 7813
977 7821
978 7829
979 7837
980 7845
981 7853
982 7861
983 7869
984 7877
985 7885
986 7893
987 7901
988 7909
989 7917
990 7925
991 7933
992 7941
993 7949
994 7957
995 7965
996 7973
997 7981
998 7989
999 7997
1000 8005
