0 0
1 5
2 9
3 13
4 17
5 21
6 25
7 29
8 33
9 37
10 41
11 45
12 49
13 53
14 57
15 61
16 65
17 69
18 73
19 77
20 81
21 85
22 89
23 93
24 97
25 101
26 105
27 109
28 113
29 117
30 121
31 125
32 129
33 133
34 137
35 141
36 145
37 149
38 153
39 157
40 161
41 165
42 169
43 173
44 177
45 181
46 185
47 189
48 193
49 197
50 201
51 205
52 209
53 213
54 217
55 221
56 225
57 229
58 233
59 237
60 241
61 245
62 249
63 253
64 257
65 261
66 265
67 269
68 273
69 277
70 281
71 285
72 289
73 293
74 297
75 301
76 305
77 309
78 313
79 317
80 321
81 325
82 329
83 333
84 337
85 341
86 345
87 349
88 353
89 357
90 361
91 365
92 369
93 373
94 377
95 381
96 385
97 389
98 393
99 397
100 401
101 405
102 409
103 413
104 417
105 421
106 425
107 429
108 433
109 437
110 441
111 445
112 449
113 453
114 457
115 461
116 465
117 469
118 473
119 477
120 481
121 485
122 489
123 493
124 497
125 501
126 505
127 509
128 513
129 517
130 521
131 525
132 529
133 533
134 537
135 541
136 545
137 549
138 553
139 557
140 561
141 565
142 569
143 573
144 577
145 581
146 585
147 589
148 593
149 597
150 601
151 605
152 609
153 613
154 617
155 621
156 625
157 629
158 633
159 637
160 641
161 645
162 649
163 653
164 657
165 661
166 665
167 669
168 673
169 677
170 681
171 685
172 689
173 693
174 697
175 701
176 705
177 709
178 713
179 717
180 721
181 725
182 729
183 733
184 737
185 741
186 745
187 749
188 753
189 757
190 761
191 765
192 769
193 773
194 777
195 781
196 785
197 789
198 793
199 797
200 801
201 805
202 809
203 813
204 817
205 821
206 825
207 829
208 833
209 837
210 841
211 845
212 849
213 853
214 857
215 861
216 865
217 869
218 873
219 877
220 881
221 885
222 889
223 893
224 897
225 901
226 905
227 909
228 913
229 917
230 921
231 925
232 929
233 933
234 937
235 941
236 945
237 949
238 953
239 957
240 961
241 965
242 969
243 973
244 977
245 981
246 985
247 989
248 993
249 997
250 1001
251 1005
252 1009
253 1013
254 1017
255 1021
256 1025
257 1029
258 1033
259 1037
260 1041
261 1045
262 1049
263 1053
264 1057
265 1061
266 1065
267 1069
268 1073
269 1077
270 1081
271 1085
272 1089
273 1093
274 1097
275 1101
276 1105
277 1109
278 1113
279 1117
280 1121
281 1125
282 1129
283 1133
284 1137
285 1141
286 1145
287 1149
288 1153
289 1157
290 1161
291 1165
292 1169
293 1173
294 1177
295 1181
296 1185
297 1189
298 1193
299 1197
300 1201
301 1205
302 1209
303 1213
304 1217
305 1221
306 1225
307 1229
308 1233
309 1237
310 1241
311 1245
312 1249
313 1253
314 1257
315 1261
316 1265
317 1269
318 1273
319 1277
320 1281
321 1285
322 1289
323 1293
324 1297
325 1301
326 1305
327 1309
328 1313
329 1317
330 1321
331 1325
332 1329
333 1333
334 1337
335 1341
336 1345
337 1349
338 1353
339 1357
340 1361
341 1365
342 1369
343 1373
344 1377
345 1381
346 1385
347 1389
348 1393
349 1397
350 1401
351 1405
352 1409
353 1413
354 1417
355 1421
356 1425
357 1429
358 1433
359 1437
360 1441
361 1445
362 1449
363 1453
364 1457
365 1461
366 1465
367 1469
368 1473
369 1477
370 1481
371 1485
372 1489
373 1493
374 1497
375 1501
376 1505
377 1509
378 1513
379 1517
380 1521
381 1525
382 1529
383 1533
384 1537
385 1541
386 1545
387 1549
388 1553
389 1557
390 1561
391 1565
392 1569
393 1573
394 1577
395 1581
396 1585
397 1589
398 1593
399 1597
400 1601
401 1605
402 1609
403 1613
404 1617
405 1621
406 1625
407 1629
408 1633
409 1637
410 1641
411 1645
412 1649
413 1653
414 1657
415 1661
416 1665
417 1669
418 1673
419 1677
420 1681
421 1685
422 1689
423 1693
424 1697
425 1701
426 1705
427 1709
428 1713
429 1717
430 1721
431 1725
432 1729
433 1733
434 1737
435 1741
436 1745
437 1749
438 1753
439 1757
440 1761
441 1765
442 1769
443 1773
444 1777
445 1781
446 1785
447 1789
448 1793
449 1797
450 1801
451 1805
452 1809
453 1813
454 1817
455 1821
456 1825
457 1829
458 1833
459 1837
460 1841
461 1845
462 1849
463 1853
464 1857
465 1861
466 1865
467 1869
468 1873
469 1877
470 1881
471 1885
472 1889
473 1893
474 1897
475 1901
476 1905
477 1909
478 1913
479 1917
480 1921
481 1925
482 1929
483 1933
484 1937
485 1941
486 1945
487 1949
488 1953
489 1957
490 1961
491 1965
492 1969
493 1973
494 1977
495 1981
496 1985
497 1989
498 1993
499 1997
500 2001
501 2005
502 2009
503 2013
504 2017
505 2021
506 2025
507 2029
508 2033
509 2037
510 2041
511 2045
512 2049
513 2053
514 2057
515 2061
516 2065
517 2069
518 2073
519 2077
520 2081
521 2085
522 2089
523 2093
524 2097
525 2101
526 2105
527 2109
528 2113
529 2117
530 2121
531 2125
532 2129
533 2133
534 2137
535 2141
536 2145
537 2149
538 2153
539 2157
540 2161
541 2165
542 2169
543 2173
544 2177
545 2181
546 2185
547 2189
548 2193
549 2197
550 2201
551 2205
552 2209
553 2213
554 2217
555 2221
556 2225
557 2229
558 2233
559 2237
560 2241
561 2245
562 2249
563 2253
564 2257
565 2261
566 2265
567 2269
568 2273
569 2277
570 2281
571 2285
572 2289
573 2293
574 2297
575 2301
576 2305
577 2309
578 2313
579 2317
580 2321
581 2325
582 2329
583 2333
584 2337
585 2341
586 2345
587 2349
588 2353
589 2357
590 2361
591 2365
592 2369
593 2373
594 2377
595 2381
596 2385
597 2389
598 2393
599 2397
600 2401
601 2405
602 2409
603 2413
604 2417
605 2421
606 2425
607 2429
608 2433
609 2437
610 2441
611 2445
612 2449
613 2453
614 2457
615 2461
616 2465
617 2469
618 2473
619 2477
620 2481
621 2485
622 2489
623 2493
624 2497
625 2501
626 2505
627 2509
628 2513
629 2517
630 2521
631 2525
632 2529
633 2533
634 2537
635 2541
636 2545
637 2549
638 2553
639 2557
640 2561
641 2565
642 2569
643 2573
644 2577
645 2581
646 2585
647 2589
648 2593
649 2597
650 2601
651 2605
652 2609
653 2613
654 2617
655 2621
656 2625
657 2629
658 2633
659 2637
660 2641
661 2645
662 2649
663 2653
664 2657
665 2661
666 2665
667 2669
668 2673
669 2677
670 2681
671 2685
672 2689
673 2693
674 2697
675 2701
676 2705
677 2709
678 2713
679 2717
680 2721
681 2725
682 2729
683 2733
684 2737
685 2741
686 2745
687 2749
688 2753
689 2757
690 2761
691 2765
692 2769
693 2773
694 2777
695 2781
696 2785
697 2789
698 2793
699 2797
700 2801
701 2805
702 2809
703 2813
704 2817
705 2821
706 2825
707 2829
708 2833
709 2837
710 2841
711 2845
712 2849
713 2853
714 2857
715 2861
716 2865
717 2869
718 2873
719 2877
720 2881
721 2885
722 2889
723 2893
724 2897
725 2901
726 2905
727 2909
728 2913
729 2917
730 2921
731 2925
732 2929
733 2933
734 2937
735 2941
736 2945
737 2949
738 2953
739 2957
740 2961
741 2965
742 2969
743 2973
744 2977
745 2981
746 2985
747 2989
748 2993
749 2997
750 3001
751 3005
752 3009
753 3013
754 3017
755 3021
756 3025
757 3029
758 3033
759 3037
760 3041
761 3045
762 3049
763 3053
764 3057
765 3061
766 3065
767 3069
768 3073
769 3077
770 3081
771 3085
772 3089
773 3093
774 3097
775 3101
776 3105
777 3109
778 3113
779 3117
780 3121
781 3125
782 3129
783 3133
784 3137
785 3141
786 3145
787 3149
788 3153
789 3157
790 3161
791 3165
792 3169
793 3173
794 3177
795 3181
796 3185
797 3189
798 3193
799 3197
800 3201
801 3205
802 3209
803 3213
804 3217
805 3221
806 3225
807 3229
808 3233
809 3237
810 3241
811 3245
812 3249
813 3253
814 3257
815 3261
816 3265
817 3269
818 3273
819 3277
820 3281
821 3285
822 3289
823 3293
824 3297
825 3301
826 3305
827 3309
828 3313
829 3317
830 3321
831 3325
832 3329
833 3333
834 3337
835 3341
836 3345
837 3349
838 3353
839 3357
840 3361
841 3365
842 3369
843 3373
844 3377
845 3381
846 3385
847 3389
848 3393
849 3397
850 3401
851 3405
852 3409
853 3413
854 3417
855 3421
856 3425
857 3429
858 3433
859 3437
860 3441
861 3445
862 3449
863 3453
864 3457
865 3461
866 3465
867 3469
868 3473
869 3477
870 3481
871 3485
872 3489
873 3493
874 3497
875 3501
876 3505
877 3509
878 3513
879 3517
880 3521
881 3525
882 3529
883 3533
884 3537
885 3541
886 3545
887 3549
888 3553
889 3557
890 3561
891 3565
892 3569
893 3573
894 3577
895 3581
896 3585
897 3589
898 3593
899 3597
900 3601
901 3605
902 3609
903 3613
904 3617
905 3621
906 3625
907 3629
908 3633
909 3637
910 3641
911 3645
912 3649
913 3653
914 3657
915 3661
916 3665
917 3669
918 3673
919 3677
920 3681
921 3685
922 3689
923 3693
924 3697
925 3701
926 3705
927 3709
928 3713
929 3717
930 3721
931 3725
932 3729
933 3733
934 3737
935 3741
936 3745
937 3749
938 3753
939 3757
940 3761
941 3765
942 3769
943 3773
944 3777
945 3781
946 3785
947 3789
948 3793
949 3797
950 3801
951 3805
952 3809
953 3813
954 3817
955 3821
956 3825
957 3829
958 3833
959 3837
960 3841
961 3845
962 3849
963 3853
964 3857
965 3861
966 3865
967 3869
968 3873
969 3877
970 3881
971 3885
972 3889
973 3893
974 3897
975 3901
976 3905
977 3909
978 3913
979 3917
980 3921
981 3925
982 3929
983 3933
984 3937
985 3941
986 3945
987 3949
988 3953
989 3957
990 3961
991 3965
992 3969
993 3973
994 3977
995 3981
996 3985
997 3989
998 3993
999 3997
1000 4001
