0 0
1 16
2 25
3 34
4 43
5 52
6 61
7 70
8 79
9 88
10 97
11 106
12 115
13 124
14 133
15 142
16 151
17 160
18 169
19 178
20 187
21 196
22 205
23 214
24 223
25 232
26 241
27 250
28 259
29 268
30 277
31 286
32 295
33 304
34 313
35 322
36 331
37 340
38 349
39 358
40 367
41 376
42 385
43 394
44 403
45 412
46 421
47 430
48 439
49 448
50 457
51 466
52 475
53 484
54 493
55 502
56 511
57 520
58 529
59 538
60 547
61 556
62 565
63 574
64 583
65 592
66 601
67 610
68 619
69 628
70 637
71 646
72 655
73 664
74 673
75 682
76 691
77 700
78 709
79 718
80 727
81 736
82 745
83 754
84 763
85 772
86 781
87 790
88 799
89 808
90 817
91 826
92 835
93 844
94 853
95 862
96 871
97 880
98 889
99 898
100 907
101 916
102 925
103 934
104 943
105 952
106 961
107 970
108 979
109 988
110 997
111 1006
112 1015
113 1024
114 1033
115 1042
116 1051
117 1060
118 1069
119 1078
120 1087
121 1096
122 1105
123 1114
124 1123
125 1132
126 1141
127 1150
128 1159
129 1168
130 1177
131 1186
132 1195
133 1204
134 1213
135 1222
136 1231
137 1240
138 1249
139 1258
140 1267
141 1276
142 1285
143 1294
144 1303
145 1312
146 1321
147 1330
148 1339
149 1348
150 1357
151 1366
152 1375
153 1384
154 1393
155 1402
156 1411
157 1420
158 1429
159 1438
160 1447
161 1456
162 1465
163 1474
164 1483
165 1492
166 1501
167 1510
168 1519
169 1528
170 1537
171 1546
172 1555
173 1564
174 1573
175 1582
176 1591
177 1600
178 1609
179 1618
180 1627
181 1636
182 1645
183 1654
184 1663
185 1672
186 1681
187 1690
188 1699
189 1708
190 1717
191 1726
192 1735
193 1744
194 1753
195 1762
196 1771
197 1780
198 1789
199 1798
200 1807
201 1816
202 1825
203 1834
204 1843
205 1852
206 1861
207 1870
208 1879
209 1888
210 1897
211 1906
212 1915
213 1924
214 1933
215 1942
216 1951
217 1960
218 1969
219 1978
220 1987
221 1996
222 2005
223 2014
224 2023
225 2032
226 2041
227 2050
228 2059
229 2068
230 2077
231 2086
232 2095
233 2104
234 2113
235 2122
236 2131
237 2140
238 2149
239 2158
240 2167
241 2176
242 2185
243 2194
244 2203
245 2212
246 2221
247 2230
248 2239
249 2248
250 2257
251 2266
252 2275
253 2284
254 2293
255 2302
256 2311
257 2320
258 2329
259 2338
260 2347
261 2356
262 2365
263 2374
264 2383
265 2392
266 2401
267 2410
268 2419
269 2428
270 2437
271 2446
272 2455
273 2464
274 2473
275 2482
276 2491
277 2500
278 2509
279 2518
280 2527
281 2536
282 2545
283 2554
284 2563
285 2572
286 2581
287 2590
288 2599
289 2608
290 2617
291 2626
292 2635
293 2644
294 2653
295 2662
296 2671
297 2680
298 2689
299 2698
300 2707
301 2716
302 2725
303 2734
304 2743
305 2752
306 2761
307 2770
308 2779
309 2788
310 2797
311 2806
312 2815
313 2824
314 2833
315 2842
316 2851
317 2860
318 2869
319 2878
320 2887
321 2896
322 2905
323 2914
324 2923
325 2932
326 2941
327 2950
328 2959
329 2968
330 2977
331 2986
332 2995
333 3004
334 3013
335 3022
336 3031
337 3040
338 3049
339 3058
340 3067
341 3076
342 3085
343 3094
344 3103
345 3112
346 3121
347 3130
348 3139
349 3148
350 3157
351 3166
352 3175
353 3184
354 3193
355 3202
356 3211
357 3220
358 3229
359 3238
360 3247
361 3256
362 3265
363 3274
364 3283
365 3292
366 3301
367 3310
368 3319
369 3328
370 3337
371 3346
372 3355
373 3364
374 3373
375 3382
376 3391
377 3400
378 3409
379 3418
380 3427
381 3436
382 3445
383 3454
384 3463
385 3472
386 3481
387 3490
388 3499
389 3508
390 3517
391 3526
392 3535
393 3544
394 3553
395 3562
396 3571
397 3580
398 3589
399 3598
400 3607
401 3616
402 3625
403 3634
404 3643
405 3652
406 3661
407 3670
408 3679
409 3688
410 3697
411 3706
412 3715
413 3724
414 3733
415 3742
416 3751
417 3760
418 3769
419 3778
420 3787
421 3796
422 3805
423 3814
424 3823
425 3832
426 3841
427 3850
428 3859
429 3868
430 3877
431 3886
432 3895
433 3904
434 3913
435 3922
436 3931
437 3940
438 3949
439 3958
440 3967
441 3976
442 3985
443 3994
444 4003
445 4012
446 4021
447 4030
448 4039
449 4048
450 4057
451 4066
452 4075
453 4084
454 4093
455 4102
456 4111
457 4120
458 4129
459 4138
460 4147
461 4156
462 4165
463 4174
464 4183
465 4192
466 4201
467 4210
468 4219
469 4228
470 4237
471 4246
472 4255
473 4264
474 4273
475 4282
476 4291
477 4300
478 4309
479 4318
480 4327
481 4336
482 4345
483 4354
484 4363
485 4372
486 4381
487 4390
488 4399
489 4408
490 4417
491 4426
492 4435
493 4444
494 4453
495 4462
496 4471
497 4480
498 4489
499 4498
500 4507
501 4516
502 4525
503 4534
504 4543
505 4552
506 4561
507 4570
508 4579
509 4588
510 4597
511 4606
512 4615
513 4624
514 4633
515 4642
516 4651
517 4660
518 4669
519 4678
520 4687
521 4696
522 4705
523 4714
524 4723
525 4732
526 4741
527 4750
528 4759
529 4768
530 4777
531 4786
532 4795
533 4804
534 4813
535 4822
536 4831
537 4840
538 4849
539 4858
540 4867
541 4876
542 4885
543 4894
544 4903
545 4912
546 4921
547 4930
548 4939
549 4948
550 4957
551 4966
552 4975
553 4984
554 4993
555 5002
556 5011
557 5020
558 5029
559 5038
560 5047
561 5056
562 5065
563 5074
564 5083
565 5092
566 5101
567 5110
568 5119
569 5128
570 5137
571 5146
572 5155
573 5164
574 5173
575 5182
576 5191
577 5200
578 5209
579 5218
580 5227
581 5236
582 5245
583 5254
584 5263
585 5272
586 5281
587 5290
588 5299
589 5308
590 5317
591 5326
592 5335
593 5344
594 5353
595 5362
596 5371
597 5380
598 5389
599 5398
600 5407
601 5416
602 5425
603 5434
604 5443
605 5452
606 5461
607 5470
608 5479
609 5488
610 5497
611 5506
612 5515
613 5524
614 5533
615 5542
616 5551
617 5560
618 5569
619 5578
620 5587
621 5596
622 5605
623 5614
624 5623
625 5632
626 5641
627 5650
628 5659
629 5668
630 5677
631 5686
632 5695
633 5704
634 5713
635 5722
636 5731
637 5740
638 5749
639 5758
640 5767
641 5776
642 5785
643 5794
644 5803
645 5812
646 5821
647 5830
648 5839
649 5848
650 5857
651 5866
652 5875
653 5884
654 5893
655 5902
656 5911
657 5920
658 5929
659 5938
660 5947
661 5956
662 5965
663 5974
664 5983
665 5992
666 6001
667 6010
668 6019
669 6028
670 6037
671 6046
672 6055
673 6064
674 6073
675 6082
676 6091
677 6100
678 6109
679 6118
680 6127
681 6136
682 6145
683 6154
684 6163
685 6172
686 6181
687 6190
688 6199
689 6208
690 6217
691 6226
692 6235
693 6244
694 6253
695 6262
696 6271
697 6280
698 6289
699 6298
700 6307
701 6316
702 6325
703 6334
704 6343
705 6352
706 6361
707 6370
708 6379
709 6388
710 6397
711 6406
712 6415
713 6424
714 6433
715 6442
716 6451
717 6460
718 6469
719 6478
720 6487
721 6496
722 6505
723 6514
724 6523
725 6532
726 6541
727 6550
728 6559
729 6568
730 6577
731 6586
732 6595
733 6604
734 6613
735 6622
736 6631
737 6640
738 6649
739 6658
740 6667
741 6676
742 6685
743 6694
744 6703
745 6712
746 6721
747 6730
748 6739
749 6748
750 6757
751 6766
752 6775
753 6784
754 6793
755 6802
756 6811
757 6820
758 6829
759 6838
760 6847
761 6856
762 6865
763 6874
764 6883
765 6892
766 6901
767 6910
768 6919
769 6928
770 6937
771 6946
772 6955
773 6964
774 6973
775 6982
776 6991
777 7000
778 7009
779 7018
780 7027
781 7036
782 7045
783 7054
784 7063
785 7072
786 7081
787 7090
788 7099
789 7108
790 7117
791 7126
792 7135
793 7144
794 7153
795 7162
796 7171
797 7180
798 7189
799 7198
800 7207
801 7216
802 7225
803 7234
804 7243
805 7252
806 7261
807 7270
808 7279
809 7288
810 7297
811 7306
812 7315
813 7324
814 7333
815 7342
816 7351
817 7360
818 7369
819 7378
820 7387
821 7396
822 7405
823 7414
824 7423
825 7432
826 7441
827 7450
828 7459
829 7468
830 7477
831 7486
832 7495
833 7504
834 7513
835 7522
836 7531
837 7540
838 7549
839 7558
840 7567
841 7576
842 7585
843 7594
844 7603
845 7612
846 7621
847 7630
848 7639
849 7648
850 7657
851 7666
852 7675
853 7684
854 7693
855 7702
856 7711
857 7720
858 7729
859 7738
860 7747
861 7756
862 7765
863 7774
864 7783
865 7792
866 7801
867 7810
868 7819
869 7828
870 7837
871 7846
872 7855
873 7864
874 7873
875 7882
876 7891
877 7900
878 7909
879 7918
880 7927
881 7936
882 7945
883 7954
884 7963
885 7972
886 7981
887 7990
888 7999
889 8008
890 8017
891 8026
892 8035
893 8044
894 8053
895 8062
896 8071
897 8080
898 8089
899 8098
900 8107
901 8116
902 8125
903 8134
904 8143
905 8152
906 8161
907 8170
908 8179
909 8188
910 8197
911 8206
912 8215
913 8224
914 8233
915 8242
916 8251
917 8260
918 8269
919 8278
920 8287
921 8296
922 8305
923 8314
924 8323
925 8332
926 8341
927 8350
928 8359
929 8368
930 8377
931 8386
932 8395
933 8404
934 8413
935 8422
936 8431
937 8440
938 8449
939 8458
940 8467
941 8476
942 8485
943 8494
944 8503
945 8512
946 8521
947 8530
948 8539
949 8548
950 8557
951 8566
952 8575
953 8584
954 8593
955 8602
956 8611
957 8620
958 8629
959 8638
960 8647
961 8656
962 8665
963 8674
964 8683
965 8692
966 8701
967 8710
968 8719
969 8728
970 8737
971 8746
972 8755
973 8764
974 8773
975 8782
976 8791
977 8800
978 8809
979 8818
980 8827
981 8836
982 8845
983 8854
984 8863
985 8872
986 8881
987 8890
988 8899
989 8908
990 8917
991 8926
992 8935
993 8944
994 8953
995 8962
996 8971
997 8980
998 8989
999 8998
1000 9007
