0 1
1 1
2 1
3 2
4 2
5 3
6 4
7 4
8 5
9 6
10 7
11 8
12 9
13 10
14 11
15 13
16 14
17 15
18 17
19 18
20 20
21 22
22 23
23 25
24 27
25 29
26 31
27 33
28 35
29 37
30 40
31 42
32 44
33 47
34 49
35 52
36 55
37 57
38 60
39 63
40 66
41 69
42 72
43 75
44 78
45 82
46 85
47 88
48 92
49 95
50 99
51 103
52 106
53 110
54 114
55 118
56 122
57 126
58 130
59 134
60 139
61 143
62 147
63 152
64 156
65 161
66 166
67 170
68 175
69 180
70 185
71 190
72 195
73 200
74 205
75 211
76 216
77 221
78 227
79 232
80 238
81 244
82 249
83 255
84 261
85 267
86 273
87 279
88 285
89 291
90 298
91 304
92 310
93 317
94 323
95 330
96 337
97 343
98 350
99 357
100 364
101 371
102 378
103 385
104 392
105 400
106 407
107 414
108 422
109 429
110 437
111 445
112 452
113 460
114 468
115 476
116 484
117 492
118 500
119 508
120 517
121 525
122 533
123 542
124 550
125 559
126 568
127 576
128 585
129 594
130 603
131 612
132 621
133 630
134 639
135 649
136 658
137 667
138 677
139 686
140 696
141 706
142 715
143 725
144 735
145 745
146 755
147 765
148 775
149 785
150 796
151 806
152 816
153 827
154 837
155 848
156 859
157 869
158 880
159 891
160 902
161 913
162 924
163 935
164 946
165 958
166 969
167 980
168 992
169 1003
170 1015
171 1027
172 1038
173 1050
174 1062
175 1074
176 1086
177 1098
178 1110
179 1122
180 1135
181 1147
182 1159
183 1172
184 1184
185 1197
186 1210
187 1222
188 1235
189 1248
190 1261
191 1274
192 1287
193 1300
194 1313
195 1327
196 1340
197 1353
198 1367
199 1380
200 1394
201 1408
202 1421
203 1435
204 1449
205 1463
206 1477
207 1491
208 1505
209 1519
210 1534
211 1548
212 1562
213 1577
214 1591
215 1606
216 1621
217 1635
218 1650
219 1665
220 1680
221 1695
222 1710
223 1725
224 1740
225 1756
226 1771
227 1786
228 1802
229 1817
230 1833
231 1849
232 1864
233 1880
234 1896
235 1912
236 1928
237 1944
238 1960
239 1976
240 1993
241 2009
242 2025
243 2042
244 2058
245 2075
246 2092
247 2108
248 2125
249 2142
250 2159
251 2176
252 2193
253 2210
254 2227
255 2245
256 2262
257 2279
258 2297
259 2314
260 2332
261 2350
262 2367
263 2385
264 2403
265 2421
266 2439
267 2457
268 2475
269 2493
270 2512
271 2530
272 2548
273 2567
274 2585
275 2604
276 2623
277 2641
278 2660
279 2679
280 2698
281 2717
282 2736
283 2755
284 2774
285 2794
286 2813
287 2832
288 2852
289 2871
290 2891
291 2911
292 2930
293 2950
294 2970
295 2990
296 3010
297 3030
298 3050
299 3070
300 3091
301 3111
302 3131
303 3152
304 3172
305 3193
306 3214
307 3234
308 3255
309 3276
310 3297
311 3318
312 3339
313 3360
314 3381
315 3403
316 3424
317 3445
318 3467
319 3488
320 3510
321 3532
322 3553
323 3575
324 3597
325 3619
326 3641
327 3663
328 3685
329 3707
330 3730
331 3752
332 3774
333 3797
334 3819
335 3842
336 3865
337 3887
338 3910
339 3933
340 3956
341 3979
342 4002
343 4025
344 4048
345 4072
346 4095
347 4118
348 4142
349 4165
350 4189
351 4213
352 4236
353 4260
354 4284
355 4308
356 4332
357 4356
358 4380
359 4404
360 4429
361 4453
362 4477
363 4502
364 4526
365 4551
366 4576
367 4600
368 4625
369 4650
370 4675
371 4700
372 4725
373 4750
374 4775
375 4801
376 4826
377 4851
378 4877
379 4902
380 4928
381 4954
382 4979
383 5005
384 5031
385 5057
386 5083
387 5109
388 5135
389 5161
390 5188
391 5214
392 5240
393 5267
394 5293
395 5320
396 5347
397 5373
398 5400
399 5427
400 5454
401 5481
402 5508
403 5535
404 5562
405 5590
406 5617
407 5644
408 5672
409 5699
410 5727
411 5755
412 5782
413 5810
414 5838
415 5866
416 5894
417 5922
418 5950
419 5978
420 6007
421 6035
422 6063
423 6092
424 6120
425 6149
426 6178
427 6206
428 6235
429 6264
430 6293
431 6322
432 6351
433 6380
434 6409
435 6439
436 6468
437 6497
438 6527
439 6556
440 6586
441 6616
442 6645
443 6675
444 6705
445 6735
446 6765
447 6795
448 6825
449 6855
450 6886
451 6916
452 6946
453 6977
454 7007
455 7038
456 7069
457 7099
458 7130
459 7161
460 7192
461 7223
462 7254
463 7285
464 7316
465 7348
466 7379
467 7410
468 7442
469 7473
470 7505
471 7537
472 7568
473 7600
474 7632
475 7664
476 7696
477 7728
478 7760
479 7792
480 7825
481 7857
482 7889
483 7922
484 7954
485 7987
486 8020
487 8052
488 8085
489 8118
490 8151
491 8184
492 8217
493 8250
494 8283
495 8317
496 8350
497 8383
498 8417
499 8450
500 8484
501 8518
502 8551
503 8585
504 8619
505 8653
506 8687
507 8721
508 8755
509 8789
510 8824
511 8858
512 8892
513 8927
514 8961
515 8996
516 9031
517 9065
518 9100
519 9135
520 9170
521 9205
522 9240
523 9275
524 9310
525 9346
526 9381
527 9416
528 9452
529 9487
530 9523
531 9559
532 9594
533 9630
534 9666
535 9702
536 9738
537 9774
538 9810
539 9846
540 9883
541 9919
542 9955
543 9992
544 10028
545 10065
546 10102
547 10138
548 10175
549 10212
550 10249
551 10286
552 10323
553 10360
554 10397
555 10435
556 10472
557 10509
558 10547
559 10584
560 10622
561 10660
562 10697
563 10735
564 10773
565 10811
566 10849
567 10887
568 10925
569 10963
570 11002
571 11040
572 11078
573 11117
574 11155
575 11194
576 11233
577 11271
578 11310
579 11349
580 11388
581 11427
582 11466
583 11505
584 11544
585 11584
586 11623
587 11662
588 11702
589 11741
590 11781
591 11821
592 11860
593 11900
594 11940
595 11980
596 12020
597 12060
598 12100
599 12140
600 12181
601 12221
602 12261
603 12302
604 12342
605 12383
606 12424
607 12464
608 12505
609 12546
610 12587
611 12628
612 12669
613 12710
614 12751
615 12793
616 12834
617 12875
618 12917
619 12958
620 13000
621 13042
622 13083
623 13125
624 13167
625 13209
626 13251
627 13293
628 13335
629 13377
630 13420
631 13462
632 13504
633 13547
634 13589
635 13632
636 13675
637 13717
638 13760
639 13803
640 13846
641 13889
642 13932
643 13975
644 14018
645 14062
646 14105
647 14148
648 14192
649 14235
650 14279
651 14323
652 14366
653 14410
654 14454
655 14498
656 14542
657 14586
658 14630
659 14674
660 14719
661 14763
662 14807
663 14852
664 14896
665 14941
666 14986
667 15030
668 15075
669 15120
670 15165
671 15210
672 15255
673 15300
674 15345
675 15391
676 15436
677 15481
678 15527
679 15572
680 15618
681 15664
682 15709
683 15755
684 15801
685 15847
686 15893
687 15939
688 15985
689 16031
690 16078
691 16124
692 16170
693 16217
694 16263
695 16310
696 16357
697 16403
698 16450
699 16497
700 16544
701 16591
702 16638
703 16685
704 16732
705 16780
706 16827
707 16874
708 16922
709 16969
710 17017
711 17065
712 17112
713 17160
714 17208
715 17256
716 17304
717 17352
718 17400
719 17448
720 17497
721 17545
722 17593
723 17642
724 17690
725 17739
726 17788
727 17836
728 17885
729 17934
730 17983
731 18032
732 18081
733 18130
734 18179
735 18229
736 18278
737 18327
738 18377
739 18426
740 18476
741 18526
742 18575
743 18625
744 18675
745 18725
746 18775
747 18825
748 18875
749 18925
750 18976
751 19026
752 19076
753 19127
754 19177
755 19228
756 19279
757 19329
758 19380
759 19431
760 19482
761 19533
762 19584
763 19635
764 19686
765 19738
766 19789
767 19840
768 19892
769 19943
770 19995
771 20047
772 20098
773 20150
774 20202
775 20254
776 20306
777 20358
778 20410
779 20462
780 20515
781 20567
782 20619
783 20672
784 20724
785 20777
786 20830
787 20882
788 20935
789 20988
790 21041
791 21094
792 21147
793 21200
794 21253
795 21307
796 21360
797 21413
798 21467
799 21520
800 21574
801 21628
802 21681
803 21735
804 21789
805 21843
806 21897
807 21951
808 22005
809 22059
810 22114
811 22168
812 22222
813 22277
814 22331
815 22386
816 22441
817 22495
818 22550
819 22605
820 22660
821 22715
822 22770
823 22825
824 22880
825 22936
826 22991
827 23046
828 23102
829 23157
830 23213
831 23269
832 23324
833 23380
834 23436
835 23492
836 23548
837 23604
838 23660
839 23716
840 23773
841 23829
842 23885
843 23942
844 23998
845 24055
846 24112
847 24168
848 24225
849 24282
850 24339
851 24396
852 24453
853 24510
854 24567
855 24625
856 24682
857 24739
858 24797
859 24854
860 24912
861 24970
862 25027
863 25085
864 25143
865 25201
866 25259
867 25317
868 25375
869 25433
870 25492
871 25550
872 25608
873 25667
874 25725
875 25784
876 25843
877 25901
878 25960
879 26019
880 26078
881 26137
882 26196
883 26255
884 26314
885 26374
886 26433
887 26492
888 26552
889 26611
890 26671
891 26731
892 26790
893 26850
894 26910
895 26970
896 27030
897 27090
898 27150
899 27210
900 27271
901 27331
902 27391
903 27452
904 27512
905 27573
906 27634
907 27694
908 27755
909 27816
910 27877
911 27938
912 27999
913 28060
914 28121
915 28183
916 28244
917 28305
918 28367
919 28428
920 28490
921 28552
922 28613
923 28675
924 28737
925 28799
926 28861
927 28923
928 28985
929 29047
930 29110
931 29172
932 29234
933 29297
934 29359
935 29422
936 29485
937 29547
938 29610
939 29673
940 29736
941 29799
942 29862
943 29925
944 29988
945 30052
946 30115
947 30178
948 30242
949 30305
950 30369
951 30433
952 30496
953 30560
954 30624
955 30688
956 30752
957 30816
958 30880
959 30944
960 31009
961 31073
962 31137
963 31202
964 31266
965 31331
966 31396
967 31460
968 31525
969 31590
970 31655
971 31720
972 31785
973 31850
974 31915
975 31981
976 32046
977 32111
978 32177
979 32242
980 32308
981 32374
982 32439
983 32505
984 32571
985 32637
986 32703
987 32769
988 32835
989 32901
990 32968
991 33034
992 33100
993 33167
994 33233
995 33300
996 33367
997 33433
998 33500
999 33567
1000 33634
