0 0
1 9
2 16
3 23
4 30
5 37
6 44
7 51
8 58
9 65
10 72
11 79
12 86
13 93
14 100
15 107
16 114
17 121
18 128
19 135
20 142
21 149
22 156
23 163
24 170
25 177
26 184
27 191
28 198
29 205
30 212
31 219
32 226
33 233
34 240
35 247
36 254
37 261
38 268
39 275
40 282
41 289
42 296
43 303
44 310
45 317
46 324
47 331
48 338
49 345
50 352
51 359
52 366
53 373
54 380
55 387
56 394
57 401
58 408
59 415
60 422
61 429
62 436
63 443
64 450
65 457
66 464
67 471
68 478
69 485
70 492
71 499
72 506
73 513
74 520
75 527
76 534
77 541
78 548
79 555
80 562
81 569
82 576
83 583
84 590
85 597
86 604
87 611
88 618
89 625
90 632
91 639
92 646
93 653
94 660
95 667
96 674
97 681
98 688
99 695
100 702
101 709
102 716
103 723
104 730
105 737
106 744
107 751
108 758
109 765
110 772
111 779
112 786
113 793
114 800
115 807
116 814
117 821
118 828
119 835
120 842
121 849
122 856
123 863
124 870
125 877
126 884
127 891
128 898
129 905
130 912
131 919
132 926
133 933
134 940
135 947
136 954
137 961
138 968
139 975
140 982
141 989
142 996
143 1003
144 1010
145 1017
146 1024
147 1031
148 1038
149 1045
150 1052
151 1059
152 1066
153 1073
154 1080
155 1087
156 1094
157 1101
158 1108
159 1115
160 1122
161 1129
162 1136
163 1143
164 1150
165 1157
166 1164
167 1171
168 1178
169 1185
170 1192
171 1199
172 1206
173 1213
174 1220
175 1227
176 1234
177 1241
178 1248
179 1255
180 1262
181 1269
182 1276
183 1283
184 1290
185 1297
186 1304
187 1311
188 1318
189 1325
190 1332
191 1339
192 1346
193 1353
194 1360
195 1367
196 1374
197 1381
198 1388
199 1395
200 1402
201 1409
202 1416
203 1423
204 1430
205 1437
206 1444
207 1451
208 1458
209 1465
210 1472
211 1479
212 1486
213 1493
214 1500
215 1507
216 1514
217 1521
218 1528
219 1535
220 1542
221 1549
222 1556
223 1563
224 1570
225 1577
226 1584
227 1591
228 1598
229 1605
230 1612
231 1619
232 1626
233 1633
234 1640
235 1647
236 1654
237 1661
238 1668
239 1675
240 1682
241 1689
242 1696
243 1703
244 1710
245 1717
246 1724
247 1731
248 1738
249 1745
250 1752
251 1759
252 1766
253 1773
254 1780
255 1787
256 1794
257 1801
258 1808
259 1815
260 1822
261 1829
262 1836
263 1843
264 1850
265 1857
266 1864
267 1871
268 1878
269 1885
270 1892
271 1899
272 1906
273 1913
274 1920
275 1927
276 1934
277 1941
278 1948
279 1955
280 1962
281 1969
282 1976
283 1983
284 1990
285 1997
286 2004
287 2011
288 2018
289 2025
290 2032
291 2039
292 2046
293 2053
294 2060
295 2067
296 2074
297 2081
298 2088
299 2095
300 2102
301 2109
302 2116
303 2123
304 2130
305 2137
306 2144
307 2151
308 2158
309 2165
310 2172
311 2179
312 2186
313 2193
314 2200
315 2207
316 2214
317 2221
318 2228
319 2235
320 2242
321 2249
322 2256
323 2263
324 2270
325 2277
326 2284
327 2291
328 2298
329 2305
330 2312
331 2319
332 2326
333 2333
334 2340
335 2347
336 2354
337 2361
338 2368
339 2375
340 2382
341 2389
342 2396
343 2403
344 2410
345 2417
346 2424
347 2431
348 2438
349 2445
350 2452
351 2459
352 2466
353 2473
354 2480
355 2487
356 2494
357 2501
358 2508
359 2515
360 2522
361 2529
362 2536
363 2543
364 2550
365 2557
366 2564
367 2571
368 2578
369 2585
370 2592
371 2599
372 2606
373 2613
374 2620
375 2627
376 2634
377 2641
378 2648
379 2655
380 2662
381 2669
382 2676
383 2683
384 2690
385 2697
386 2704
387 2711
388 2718
389 2725
390 2732
391 2739
392 2746
393 2753
394 2760
395 2767
396 2774
397 2781
398 2788
399 2795
400 2802
401 2809
402 2816
403 2823
404 2830
405 2837
406 2844
407 2851
408 2858
409 2865
410 2872
411 2879
412 2886
413 2893
414 2900
415 2907
416 2914
417 2921
418 2928
419 2935
420 2942
421 2949
422 2956
423 2963
424 2970
425 2977
426 2984
427 2991
428 2998
429 3005
430 3012
431 3019
432 3026
433 3033
434 3040
435 3047
436 3054
437 3061
438 3068
439 3075
440 3082
441 3089
442 3096
443 3103
444 3110
445 3117
446 3124
447 3131
448 3138
449 3145
450 3152
451 3159
452 3166
453 3173
454 3180
455 3187
456 3194
457 3201
458 3208
459 3215
460 3222
461 3229
462 3236
463 3243
464 3250
465 3257
466 3264
467 3271
468 3278
469 3285
470 3292
471 3299
472 3306
473 3313
474 3320
475 3327
476 3334
477 3341
478 3348
479 3355
480 3362
481 3369
482 3376
483 3383
484 3390
485 3397
486 3404
487 3411
488 3418
489 3425
490 3432
491 3439
492 3446
493 3453
494 3460
495 3467
496 3474
497 3481
498 3488
499 3495
500 3502
501 3509
502 3516
503 3523
504 3530
505 3537
506 3544
507 3551
508 3558
509 3565
510 3572
511 3579
512 3586
513 3593
514 3600
515 3607
516 3614
517 3621
518 3628
519 3635
520 3642
521 3649
522 3656
523 3663
524 3670
525 3677
526 3684
527 3691
528 3698
529 3705
530 3712
531 3719
532 3726
533 3733
534 3740
535 3747
536 3754
537 3761
538 3768
539 3775
540 3782
541 3789
542 3796
543 3803
544 3810
545 3817
546 3824
547 3831
548 3838
549 3845
550 3852
551 3859
552 3866
553 3873
554 3880
555 3887
556 3894
557 3901
558 3908
559 3915
560 3922
561 3929
562 3936
563 3943
564 3950
565 3957
566 3964
567 3971
568 3978
569 3985
570 3992
571 3999
572 4006
573 4013
574 4020
575 4027
576 4034
577 4041
578 4048
579 4055
580 4062
581 4069
582 4076
583 4083
584 4090
585 4097
586 4104
587 4111
588 4118
589 4125
590 4132
591 4139
592 4146
593 4153
594 4160
595 4167
596 4174
597 4181
598 4188
599 4195
600 4202
601 4209
602 4216
603 4223
604 4230
605 4237
606 4244
607 4251
608 4258
609 4265
610 4272
611 4279
612 4286
613 4293
614 4300
615 4307
616 4314
617 4321
618 4328
619 4335
620 4342
621 4349
622 4356
623 4363
624 4370
625 4377
626 4384
627 4391
628 4398
629 4405
630 4412
631 4419
632 4426
633 4433
634 4440
635 4447
636 4454
637 4461
638 4468
639 4475
640 4482
641 4489
642 4496
643 4503
644 4510
645 4517
646 4524
647 4531
648 4538
649 4545
650 4552
651 4559
652 4566
653 4573
654 4580
655 4587
656 4594
657 4601
658 4608
659 4615
660 4622
661 4629
662 4636
663 4643
664 4650
665 4657
666 4664
667 4671
668 4678
669 4685
670 4692
671 4699
672 4706
673 4713
674 4720
675 4727
676 4734
677 4741
678 4748
679 4755
680 4762
681 4769
682 4776
683 4783
684 4790
685 4797
686 4804
687 4811
688 4818
689 4825
690 4832
691 4839
692 4846
693 4853
694 4860
695 4867
696 4874
697 4881
698 4888
699 4895
700 4902
701 4909
702 4916
703 4923
704 4930
705 4937
706 4944
707 4951
708 4958
709 4965
710 4972
711 4979
712 4986
713 4993
714 5000
715 5007
716 5014
717 5021
718 5028
719 5035
720 5042
721 5049
722 5056
723 5063
724 5070
725 5077
726 5084
727 5091
728 5098
729 5105
730 5112
731 5119
732 5126
733 5133
734 5140
735 5147
736 5154
737 5161
738 5168
739 5175
740 5182
741 5189
742 5196
743 5203
744 5210
745 5217
746 5224
747 5231
748 5238
749 5245
750 5252
751 5259
752 5266
753 5273
754 5280
755 5287
756 5294
757 5301
758 5308
759 5315
760 5322
761 5329
762 5336
763 5343
764 5350
765 5357
766 5364
767 5371
768 5378
769 5385
770 5392
771 5399
772 5406
773 5413
774 5420
775 5427
776 5434
777 5441
778 5448
779 5455
780 5462
781 5469
782 5476
783 5483
784 5490
785 5497
786 5504
787 5511
788 5518
789 5525
790 5532
791 5539
792 5546
793 5553
794 5560
795 5567
796 5574
797 5581
798 5588
799 5595
800 5602
801 5609
802 5616
803 5623
804 5630
805 5637
806 5644
807 5651
808 5658
809 5665
810 5672
811 5679
812 5686
813 5693
814 5700
815 5707
816 5714
817 5721
818 5728
819 5735
820 5742
821 5749
822 5756
823 5763
824 5770
825 5777
826 5784
827 5791
828 5798
829 5805
830 5812
831 5819
832 5826
833 5833
834 5840
835 5847
836 5854
837 5861
838 5868
839 5875
840 5882
841 5889
842 5896
843 5903
844 5910
845 5917
846 5924
847 5931
848 5938
849 5945
850 5952
851 5959
852 5966
853 5973
854 5980
855 5987
856 5994
857 6001
858 6008
859 6015
860 6022
861 6029
862 6036
863 6043
864 6050
865 6057
866 6064
867 6071
868 6078
869 6085
870 6092
871 6099
872 6106
873 6113
874 6120
875 6127
876 6134
877 6141
878 6148
879 6155
880 6162
881 6169
882 6176
883 6183
884 6190
885 6197
886 6204
887 6211
888 6218
889 6225
890 6232
891 6239
892 6246
893 6253
894 6260
895 6267
896 6274
897 6281
898 6288
899 6295
900 6302
901 6309
902 6316
903 6323
904 6330
905 6337
906 6344
907 6351
908 6358
909 6365
910 6372
911 6379
912 6386
913 6393
914 6400
915 6407
916 6414
917 6421
918 6428
919 6435
920 6442
921 6449
922 6456
923 6463
924 6470
925 6477
926 6484
927 6491
928 6498
929 6505
930 6512
931 6519
932 6526
933 6533
934 6540
935 6547
936 6554
937 6561
938 6568
939 6575
940 6582
941 6589
942 6596
943 6603
944 6610
945 6617
946 6624
947 6631
948 6638
949 6645
950 6652
951 6659
952 6666
953 6673
954 6680
955 6687
956 6694
957 6701
958 6708
959 6715
960 6722
961 6729
962 6736
963 6743
964 6750
965 6757
966 6764
967 6771
968 6778
969 6785
970 6792
971 6799
972 6806
973 6813
974 6820
975 6827
976 6834
977 6841
978 6848
979 6855
980 6862
981 6869
982 6876
983 6883
984 6890
985 6897
986 6904
987 6911
988 6918
989 6925
990 6932
991 6939
992 6946
993 6953
994 6960
995 6967
996 6974
997 6981
998 6988
999 6995
1000 7002
