0 0
1 16
2 26
3 36
4 46
5 56
6 66
7 76
8 86
9 96
10 106
11 116
12 126
13 136
14 146
15 156
16 166
17 176
18 186
19 196
20 206
21 216
22 226
23 236
24 246
25 256
26 266
27 276
28 286
29 296
30 306
31 316
32 326
33 336
34 346
35 356
36 366
37 376
38 386
39 396
40 406
41 416
42 426
43 436
44 446
45 456
46 466
47 476
48 486
49 496
50 506
51 516
52 526
53 536
54 546
55 556
56 566
57 576
58 586
59 596
60 606
61 616
62 626
63 636
64 646
65 656
66 666
67 676
68 686
69 696
70 706
71 716
72 726
73 736
74 746
75 756
76 766
77 776
78 786
79 796
80 806
81 816
82 826
83 836
84 846
85 856
86 866
87 876
88 886
89 896
90 906
91 916
92 926
93 936
94 946
95 956
96 966
97 976
98 986
99 996
100 1006
101 1016
102 1026
103 1036
104 1046
105 1056
106 1066
107 1076
108 1086
109 1096
110 1106
111 1116
112 1126
113 1136
114 1146
115 1156
116 1166
117 1176
118 1186
119 1196
120 1206
121 1216
122 1226
123 1236
124 1246
125 1256
126 1266
127 1276
128 1286
129 1296
130 1306
131 1316
132 1326
133 1336
134 1346
135 1356
136 1366
137 1376
138 1386
139 1396
140 1406
141 1416
142 1426
143 1436
144 1446
145 1456
146 1466
147 1476
148 1486
149 1496
150 1506
151 1516
152 1526
153 1536
154 1546
155 1556
156 1566
157 1576
158 1586
159 1596
160 1606
161 1616
162 1626
163 1636
164 1646
165 1656
166 1666
167 1676
168 1686
169 1696
170 1706
171 1716
172 1726
173 1736
174 1746
175 1756
176 1766
177 1776
178 1786
179 1796
180 1806
181 1816
182 1826
183 1836
184 1846
185 1856
186 1866
187 1876
188 1886
189 1896
190 1906
191 1916
192 1926
193 1936
194 1946
195 1956
196 1966
197 1976
198 1986
199 1996
200 2006
201 2016
202 2026
203 2036
204 2046
205 2056
206 2066
207 2076
208 2086
209 2096
210 2106
211 2116
212 2126
213 2136
214 2146
215 2156
216 2166
217 2176
218 2186
219 2196
220 2206
221 2216
222 2226
223 2236
224 2246
225 2256
226 2266
227 2276
228 2286
229 2296
230 2306
231 2316
232 2326
233 2336
234 2346
235 2356
236 2366
237 2376
238 2386
239 2396
240 2406
241 2416
242 2426
243 2436
244 2446
245 2456
246 2466
247 2476
248 2486
249 2496
250 2506
251 2516
252 2526
253 2536
254 2546
255 2556
256 2566
257 2576
258 2586
259 2596
260 2606
261 2616
262 2626
263 2636
264 2646
265 2656
266 2666
267 2676
268 2686
269 2696
270 2706
271 2716
272 2726
273 2736
274 2746
275 2756
276 2766
277 2776
278 2786
279 2796
280 2806
281 2816
282 2826
283 2836
284 2846
285 2856
286 2866
287 2876
288 2886
289 2896
290 2906
291 2916
292 2926
293 2936
294 2946
295 2956
296 2966
297 2976
298 2986
299 2996
300 3006
301 3016
302 3026
303 3036
304 3046
305 3056
306 3066
307 3076
308 3086
309 3096
310 3106
311 3116
312 3126
313 3136
314 3146
315 3156
316 3166
317 3176
318 3186
319 3196
320 3206
321 3216
322 3226
323 3236
324 3246
325 3256
326 3266
327 3276
328 3286
329 3296
330 3306
331 3316
332 3326
333 3336
334 3346
335 3356
336 3366
337 3376
338 3386
339 3396
340 3406
341 3416
342 3426
343 3436
344 3446
345 3456
346 3466
347 3476
348 3486
349 3496
350 3506
351 3516
352 3526
353 3536
354 3546
355 3556
356 3566
357 3576
358 3586
359 3596
360 3606
361 3616
362 3626
363 3636
364 3646
365 3656
366 3666
367 3676
368 3686
369 3696
370 3706
371 3716
372 3726
373 3736
374 3746
375 3756
376 3766
377 3776
378 3786
379 3796
380 3806
381 3816
382 3826
383 3836
384 3846
385 3856
386 3866
387 3876
388 3886
389 3896
390 3906
391 3916
392 3926
393 3936
394 3946
395 3956
396 3966
397 3976
398 3986
399 3996
400 4006
401 4016
402 4026
403 4036
404 4046
405 4056
406 4066
407 4076
408 4086
409 4096
410 4106
411 4116
412 4126
413 4136
414 4146
415 4156
416 4166
417 4176
418 4186
419 4196
420 4206
421 4216
422 4226
423 4236
424 4246
425 4256
426 4266
427 4276
428 4286
429 4296
430 4306
431 4316
432 4326
433 4336
434 4346
435 4356
436 4366
437 4376
438 4386
439 4396
440 4406
441 4416
442 4426
443 4436
444 4446
445 4456
446 4466
447 4476
448 4486
449 4496
450 4506
451 4516
452 4526
453 4536
454 4546
455 4556
456 4566
457 4576
458 4586
459 4596
460 4606
461 4616
462 4626
463 4636
464 4646
465 4656
466 4666
467 4676
468 4686
469 4696
470 4706
471 4716
472 4726
473 4736
474 4746
475 4756
476 4766
477 4776
478 4786
479 4796
480 4806
481 4816
482 4826
483 4836
484 4846
485 4856
486 4866
487 4876
488 4886
489 4896
490 4906
491 4916
492 4926
493 4936
494 4946
495 4956
496 4966
497 4976
498 4986
499 4996
500 5006
501 5016
502 5026
503 5036
504 5046
505 5056
506 5066
507 5076
508 5086
509 5096
510 5106
511 5116
512 5126
513 5136
514 5146
515 5156
516 5166
517 5176
518 5186
519 5196
520 5206
521 5216
522 5226
523 5236
524 5246
525 5256
526 5266
527 5276
528 5286
529 5296
530 5306
531 5316
532 5326
533 5336
534 5346
535 5356
536 5366
537 5376
538 5386
539 5396
540 5406
541 5416
542 5426
543 5436
544 5446
545 5456
546 5466
547 5476
548 5486
549 5496
550 5506
551 5516
552 5526
553 5536
554 5546
555 5556
556 5566
557 5576
558 5586
559 5596
560 5606
561 5616
562 5626
563 5636
564 5646
565 5656
566 5666
567 5676
568 5686
569 5696
570 5706
571 5716
572 5726
573 5736
574 5746
575 5756
576 5766
577 5776
578 5786
579 5796
580 5806
581 5816
582 5826
583 5836
584 5846
585 5856
586 5866
587 5876
588 5886
589 5896
590 5906
591 5916
592 5926
593 5936
594 5946
595 5956
596 5966
597 5976
598 5986
599 5996
600 6006
601 6016
602 6026
603 6036
604 6046
605 6056
606 6066
607 6076
608 6086
609 6096
610 6106
611 6116
612 6126
613 6136
614 6146
615 6156
616 6166
617 6176
618 6186
619 6196
620 6206
621 6216
622 6226
623 6236
624 6246
625 6256
626 6266
627 6276
628 6286
629 6296
630 6306
631 6316
632 6326
633 6336
634 6346
635 6356
636 6366
637 6376
638 6386
639 6396
640 6406
641 6416
642 6426
643 6436
644 6446
645 6456
646 6466
647 6476
648 6486
649 6496
650 6506
651 6516
652 6526
653 6536
654 6546
655 6556
656 6566
657 6576
658 6586
659 6596
660 6606
661 6616
662 6626
663 6636
664 6646
665 6656
666 6666
667 6676
668 6686
669 6696
670 6706
671 6716
672 6726
673 6736
674 6746
675 6756
676 6766
677 6776
678 6786
679 6796
680 6806
681 6816
682 6826
683 6836
684 6846
685 6856
686 6866
687 6876
688 6886
689 6896
690 6906
691 6916
692 6926
693 6936
694 6946
695 6956
696 6966
697 6976
698 6986
699 6996
700 7006
701 7016
702 7026
703 7036
704 7046
705 7056
706 7066
707 7076
708 7086
709 7096
710 7106
711 7116
712 7126
713 7136
714 7146
715 7156
716 7166
717 7176
718 7186
719 7196
720 7206
721 7216
722 7226
723 7236
724 7246
725 7256
726 7266
727 7276
728 7286
729 7296
730 7306
731 7316
732 7326
733 7336
734 7346
735 7356
736 7366
737 7376
738 7386
739 7396
740 7406
741 7416
742 7426
743 7436
744 7446
745 7456
746 7466
747 7476
748 7486
749 7496
750 7506
751 7516
752 7526
753 7536
754 7546
755 7556
756 7566
757 7576
758 7586
759 7596
760 7606
761 7616
762 7626
763 7636
764 7646
765 7656
766 7666
767 7676
768 7686
769 7696
770 7706
771 7716
772 7726
773 7736
774 7746
775 7756
776 7766
777 7776
778 7786
779 7796
780 7806
781 7816
782 7826
783 7836
784 7846
785 7856
786 7866
787 7876
788 7886
789 7896
790 7906
791 7916
792 7926
793 7936
794 7946
795 7956
796 7966
797 7976
798 7986
799 7996
800 8006
801 8016
802 8026
803 8036
804 8046
805 8056
806 8066
807 8076
808 8086
809 8096
810 8106
811 8116
812 8126
813 8136
814 8146
815 8156
816 8166
817 8176
818 8186
819 8196
820 8206
821 8216
822 8226
823 8236
824 8246
825 8256
826 8266
827 8276
828 8286
829 8296
830 8306
831 8316
832 8326
833 8336
834 8346
835 8356
836 8366
837 8376
838 8386
839 8396
840 8406
841 8416
842 8426
843 8436
844 8446
845 8456
846 8466
847 8476
848 8486
849 8496
850 8506
851 8516
852 8526
853 8536
854 8546
855 8556
856 8566
857 8576
858 8586
859 8596
860 8606
861 8616
862 8626
863 8636
864 8646
865 8656
866 8666
867 8676
868 8686
869 8696
870 8706
871 8716
872 8726
873 8736
874 8746
875 8756
876 8766
877 8776
878 8786
879 8796
880 8806
881 8816
882 8826
883 8836
884 8846
885 8856
886 8866
887 8876
888 8886
889 8896
890 8906
891 8916
892 8926
893 8936
894 8946
895 8956
896 8966
897 8976
898 8986
899 8996
900 9006
901 9016
902 9026
903 9036
904 9046
905 9056
906 9066
907 9076
908 9086
909 9096
910 9106
911 9116
912 9126
913 9136
914 9146
915 9156
916 9166
917 9176
918 9186
919 9196
920 9206
921 9216
922 9226
923 9236
924 9246
925 9256
926 9266
927 9276
928 9286
929 9296
930 9306
931 9316
932 9326
933 9336
934 9346
935 9356
936 9366
937 9376
938 9386
939 9396
940 9406
941 9416
942 9426
943 9436
944 9446
945 9456
946 9466
947 9476
948 9486
949 9496
950 9506
951 9516
952 9526
953 9536
954 9546
955 9556
956 9566
957 9576
958 9586
959 9596
960 9606
961 9616
962 9626
963 9636
964 9646
965 9656
966 9666
967 9676
968 9686
969 9696
970 9706
971 9716
972 9726
973 9736
974 9746
975 9756
976 9766
977 9776
978 9786
979 9796
980 9806
981 9816
982 9826
983 9836
984 9846
985 9856
986 9866
987 9876
988 9886
989 9896
990 9906
991 9916
992 9926
993 9936
994 9946
995 9956
996 9966
997 9976
998 9986
999 9996
1000 10006
