0 1
1 3
2 2
3 4
4 3
5 5
6 4
7 6
8 5
9 7
10 6
11 8
12 7
13 9
14 8
15 10
16 9
17 11
18 10
19 12
20 11
21 13
22 12
23 14
24 13
25 15
26 14
27 16
28 15
29 17
30 16
31 18
32 17
33 19
34 18
35 20
36 19
37 21
38 20
39 22
40 21
41 23
42 22
43 24
44 23
45 25
46 24
47 26
48 25
49 27
50 26
51 28
52 27
53 29
54 28
55 30
56 29
57 31
58 30
59 32
60 31
61 33
62 32
63 34
64 33
65 35
66 34
67 36
68 35
69 37
70 36
71 38
72 37
73 39
74 38
75 40
76 39
77 41
78 40
79 42
80 41
81 43
82 42
83 44
84 43
85 45
86 44
87 46
88 45
89 47
90 46
91 48
92 47
93 49
94 48
95 50
96 49
97 51
98 50
99 52
100 51
101 53
102 52
103 54
104 53
105 55
106 54
107 56
108 55
109 57
110 56
111 58
112 57
113 59
114 58
115 60
116 59
117 61
118 60
119 62
120 61
121 63
122 62
123 64
124 63
125 65
126 64
127 66
128 65
129 67
130 66
131 68
132 67
133 69
134 68
135 70
136 69
137 71
138 70
139 72
140 71
141 73
142 72
143 74
144 73
145 75
146 74
147 76
148 75
149 77
150 76
151 78
152 77
153 79
154 78
155 80
156 79
157 81
158 80
159 82
160 81
161 83
162 82
163 84
164 83
165 85
166 84
167 86
168 85
169 87
170 86
171 88
172 87
173 89
174 88
175 90
176 89
177 91
178 90
179 92
180 91
181 93
182 92
183 94
184 93
185 95
186 94
187 96
188 95
189 97
190 96
191 98
192 97
193 99
194 98
195 100
196 99
197 101
198 100
199 102
200 101
201 103
202 102
203 104
204 103
205 105
206 104
207 106
208 105
209 107
210 106
211 108
212 107
213 109
214 108
215 110
216 109
217 111
218 110
219 112
220 111
221 113
222 112
223 114
224 113
225 115
226 114
227 116
228 115
229 117
230 116
231 118
232 117
233 119
234 118
235 120
236 119
237 121
238 120
239 122
240 121
241 123
242 122
243 124
244 123
245 125
246 124
247 126
248 125
249 127
250 126
251 128
252 127
253 129
254 128
255 130
256 129
257 131
258 130
259 132
260 131
261 133
262 132
263 134
264 133
265 135
266 134
267 136
268 135
269 137
270 136
271 138
272 137
273 139
274 138
275 140
276 139
277 141
278 140
279 142
280 141
281 143
282 142
283 144
284 143
285 145
286 144
287 146
288 145
289 147
290 146
291 148
292 147
293 149
294 148
295 150
296 149
297 151
298 150
299 152
300 151
301 153
302 152
303 154
304 153
305 155
306 154
307 156
308 155
309 157
310 156
311 158
312 157
313 159
314 158
315 160
316 159
317 161
318 160
319 162
320 161
321 163
322 162
323 164
324 163
325 165
326 164
327 166
328 165
329 167
330 166
331 168
332 167
333 169
334 168
335 170
336 169
337 171
338 170
339 172
340 171
341 173
342 172
343 174
344 173
345 175
346 174
347 176
348 175
349 177
350 176
351 178
352 177
353 179
354 178
355 180
356 179
357 181
358 180
359 182
360 181
361 183
362 182
363 184
364 183
365 185
366 184
367 186
368 185
369 187
370 186
371 188
372 187
373 189
374 188
375 190
376 189
377 191
378 190
379 192
380 191
381 193
382 192
383 194
384 193
385 195
386 194
387 196
388 195
389 197
390 196
391 198
392 197
393 199
394 198
395 200
396 199
397 201
398 200
399 202
400 201
401 203
402 202
403 204
404 203
405 205
406 204
407 206
408 205
409 207
410 206
411 208
412 207
413 209
414 208
415 210
416 209
417 211
418 210
419 212
420 211
421 213
422 212
423 214
424 213
425 215
426 214
427 216
428 215
429 217
430 216
431 218
432 217
433 219
434 218
435 220
436 219
437 221
438 220
439 222
440 221
441 223
442 222
443 224
444 223
445 225
446 224
447 226
448 225
449 227
450 226
451 228
452 227
453 229
454 228
455 230
456 229
457 231
458 230
459 232
460 231
461 233
462 232
463 234
464 233
465 235
466 234
467 236
468 235
469 237
470 236
471 238
472 237
473 239
474 238
475 240
476 239
477 241
478 240
479 242
480 241
481 243
482 242
483 244
484 243
485 245
486 244
487 246
488 245
489 247
490 246
491 248
492 247
493 249
494 248
495 250
496 249
497 251
498 250
499 252
500 251
501 253
502 252
503 254
504 253
505 255
506 254
507 256
508 255
509 257
510 256
511 258
512 257
513 259
514 258
515 260
516 259
517 261
518 260
519 262
520 261
521 263
522 262
523 264
524 263
525 265
526 264
527 266
528 265
529 267
530 266
531 268
532 267
533 269
534 268
535 270
536 269
537 271
538 270
539 272
540 271
541 273
542 272
543 274
544 273
545 275
546 274
547 276
548 275
549 277
550 276
551 278
552 277
553 279
554 278
555 280
556 279
557 281
558 280
559 282
560 281
561 283
562 282
563 284
564 283
565 285
566 284
567 286
568 285
569 287
570 286
571 288
572 287
573 289
574 288
575 290
576 289
577 291
578 290
579 292
580 291
581 293
582 292
583 294
584 293
585 295
586 294
587 296
588 295
589 297
590 296
591 298
592 297
593 299
594 298
595 300
596 299
597 301
598 300
599 302
600 301
601 303
602 302
603 304
604 303
605 305
606 304
607 306
608 305
609 307
610 306
611 308
612 307
613 309
614 308
615 310
616 309
617 311
618 310
619 312
620 311
621 313
622 312
623 314
624 313
625 315
626 314
627 316
628 315
629 317
630 316
631 318
632 317
633 319
634 318
635 320
636 319
637 321
638 320
639 322
640 321
641 323
642 322
643 324
644 323
645 325
646 324
647 326
648 325
649 327
650 326
651 328
652 327
653 329
654 328
655 330
656 329
657 331
658 330
659 332
660 331
661 333
662 332
663 334
664 333
665 335
666 334
667 336
668 335
669 337
670 336
671 338
672 337
673 339
674 338
675 340
676 339
677 341
678 340
679 342
680 341
681 343
682 342
683 344
684 343
685 345
686 344
687 346
688 345
689 347
690 346
691 348
692 347
693 349
694 348
695 350
696 349
697 351
698 350
699 352
700 351
701 353
702 352
703 354
704 353
705 355
706 354
707 356
708 355
709 357
710 356
711 358
712 357
713 359
714 358
715 360
716 359
717 361
718 360
719 362
720 361
721 363
722 362
723 364
724 363
725 365
726 364
727 366
728 365
729 367
730 366
731 368
732 367
733 369
734 368
735 370
736 369
737 371
738 370
739 372
740 371
741 373
742 372
743 374
744 373
745 375
746 374
747 376
748 375
749 377
750 376
751 378
752 377
753 379
754 378
755 380
756 379
757 381
758 380
759 382
760 381
761 383
762 382
763 384
764 383
765 385
766 384
767 386
768 385
769 387
770 386
771 388
772 387
773 389
774 388
775 390
776 389
777 391
778 390
779 392
780 391
781 393
782 392
783 394
784 393
785 395
786 394
787 396
788 395
789 397
790 396
791 398
792 397
793 399
794 398
795 400
796 399
797 401
798 400
799 402
800 401
801 403
802 402
803 404
804 403
805 405
806 404
807 406
808 405
809 407
810 406
811 408
812 407
813 409
814 408
815 410
816 409
817 411
818 410
819 412
820 411
821 413
822 412
823 414
824 413
825 415
826 414
827 416
828 415
829 417
830 416
831 418
832 417
833 419
834 418
835 420
836 419
837 421
838 420
839 422
840 421
841 423
842 422
843 424
844 423
845 425
846 424
847 426
848 425
849 427
850 426
851 428
852 427
853 429
854 428
855 430
856 429
857 431
858 430
859 432
860 431
861 433
862 432
863 434
864 433
865 435
866 434
867 436
868 435
869 437
870 436
871 438
872 437
873 439
874 438
875 440
876 439
877 441
878 440
879 442
880 441
881 443
882 442
883 444
884 443
885 445
886 444
887 446
888 445
889 447
890 446
891 448
892 447
893 449
894 448
895 450
896 449
897 451
898 450
899 452
900 451
901 453
902 452
903 454
904 453
905 455
906 454
907 456
908 455
909 457
910 456
911 458
912 457
913 459
914 458
915 460
916 459
917 461
918 460
919 462
920 461
921 463
922 462
923 464
924 463
925 465
926 464
927 466
928 465
929 467
930 466
931 468
932 467
933 469
934 468
935 470
936 469
937 471
938 470
939 472
940 471
941 473
942 472
943 474
944 473
945 475
946 474
947 476
948 475
949 477
950 476
951 478
952 477
953 479
954 478
955 480
956 479
957 481
958 480
959 482
960 481
961 483
962 482
963 484
964 483
965 485
966 484
967 486
968 485
969 487
970 486
971 488
972 487
973 489
974 488
975 490
976 489
977 491
978 490
979 492
980 491
981 493
982 492
983 494
984 493
985 495
986 494
987 496
988 495
989 497
990 496
991 498
992 497
993 499
994 498
995 500
996 499
997 501
998 500
999 502
1000 501
