0 0
1 13
2 20
3 27
4 34
5 41
6 48
7 55
8 62
9 69
10 76
11 83
12 90
13 97
14 104
15 111
16 118
17 125
18 132
19 139
20 146
21 153
22 160
23 167
24 174
25 181
26 188
27 195
28 202
29 209
30 216
31 223
32 230
33 237
34 244
35 251
36 258
37 265
38 272
39 279
40 286
41 293
42 300
43 307
44 314
45 321
46 328
47 335
48 342
49 349
50 356
51 363
52 370
53 377
54 384
55 391
56 398
57 405
58 412
59 419
60 426
61 433
62 440
63 447
64 454
65 461
66 468
67 475
68 482
69 489
70 496
71 503
72 510
73 517
74 524
75 531
76 538
77 545
78 552
79 559
80 566
81 573
82 580
83 587
84 594
85 601
86 608
87 615
88 622
89 629
90 636
91 643
92 650
93 657
94 664
95 671
96 678
97 685
98 692
99 699
100 706
101 713
102 720
103 727
104 734
105 741
106 748
107 755
108 762
109 769
110 776
111 783
112 790
113 797
114 804
115 811
116 818
117 825
118 832
119 839
120 846
121 853
122 860
123 867
124 874
125 881
126 888
127 895
128 902
129 909
130 916
131 923
132 930
133 937
134 944
135 951
136 958
137 965
138 972
139 979
140 986
141 993
142 1000
143 1007
144 1014
145 1021
146 1028
147 1035
148 1042
149 1049
150 1056
151 1063
152 1070
153 1077
154 1084
155 1091
156 1098
157 1105
158 1112
159 1119
160 1126
161 1133
162 1140
163 1147
164 1154
165 1161
166 1168
167 1175
168 1182
169 1189
170 1196
171 1203
172 1210
173 1217
174 1224
175 1231
176 1238
177 1245
178 1252
179 1259
180 1266
181 1273
182 1280
183 1287
184 1294
185 1301
186 1308
187 1315
188 1322
189 1329
190 1336
191 1343
192 1350
193 1357
194 1364
195 1371
196 1378
197 1385
198 1392
199 1399
200 1406
201 1413
202 1420
203 1427
204 1434
205 1441
206 1448
207 1455
208 1462
209 1469
210 1476
211 1483
212 1490
213 1497
214 1504
215 1511
216 1518
217 1525
218 1532
219 1539
220 1546
221 1553
222 1560
223 1567
224 1574
225 1581
226 1588
227 1595
228 1602
229 1609
230 1616
231 1623
232 1630
233 1637
234 1644
235 1651
236 1658
237 1665
238 1672
239 1679
240 1686
241 1693
242 1700
243 1707
244 1714
245 1721
246 1728
247 1735
248 1742
249 1749
250 1756
251 1763
252 1770
253 1777
254 1784
255 1791
256 1798
257 1805
258 1812
259 1819
260 1826
261 1833
262 1840
263 1847
264 1854
265 1861
266 1868
267 1875
268 1882
269 1889
270 1896
271 1903
272 1910
273 1917
274 1924
275 1931
276 1938
277 1945
278 1952
279 1959
280 1966
281 1973
282 1980
283 1987
284 1994
285 2001
286 2008
287 2015
288 2022
289 2029
290 2036
291 2043
292 2050
293 2057
294 2064
295 2071
296 2078
297 2085
298 2092
299 2099
300 2106
301 2113
302 2120
303 2127
304 2134
305 2141
306 2148
307 2155
308 2162
309 2169
310 2176
311 2183
312 2190
313 2197
314 2204
315 2211
316 2218
317 2225
318 2232
319 2239
320 2246
321 2253
322 2260
323 2267
324 2274
325 2281
326 2288
327 2295
328 2302
329 2309
330 2316
331 2323
332 2330
333 2337
334 2344
335 2351
336 2358
337 2365
338 2372
339 2379
340 2386
341 2393
342 2400
343 2407
344 2414
345 2421
346 2428
347 2435
348 2442
349 2449
350 2456
351 2463
352 2470
353 2477
354 2484
355 2491
356 2498
357 2505
358 2512
359 2519
360 2526
361 2533
362 2540
363 2547
364 2554
365 2561
366 2568
367 2575
368 2582
369 2589
370 2596
371 2603
372 2610
373 2617
374 2624
375 2631
376 2638
377 2645
378 2652
379 2659
380 2666
381 2673
382 2680
383 2687
384 2694
385 2701
386 2708
387 2715
388 2722
389 2729
390 2736
391 2743
392 2750
393 2757
394 2764
395 2771
396 2778
397 2785
398 2792
399 2799
400 2806
401 2813
402 2820
403 2827
404 2834
405 2841
406 2848
407 2855
408 2862
409 2869
410 2876
411 2883
412 2890
413 2897
414 2904
415 2911
416 2918
417 2925
418 2932
419 2939
420 2946
421 2953
422 2960
423 2967
424 2974
425 2981
426 2988
427 2995
428 3002
429 3009
430 3016
431 3023
432 3030
433 3037
434 3044
435 3051
436 3058
437 3065
438 3072
439 3079
440 3086
441 3093
442 3100
443 3107
444 3114
445 3121
446 3128
447 3135
448 3142
449 3149
450 3156
451 3163
452 3170
453 3177
454 3184
455 3191
456 3198
457 3205
458 3212
459 3219
460 3226
461 3233
462 3240
463 3247
464 3254
465 3261
466 3268
467 3275
468 3282
469 3289
470 3296
471 3303
472 3310
473 3317
474 3324
475 3331
476 3338
477 3345
478 3352
479 3359
480 3366
481 3373
482 3380
483 3387
484 3394
485 3401
486 3408
487 3415
488 3422
489 3429
490 3436
491 3443
492 3450
493 3457
494 3464
495 3471
496 3478
497 3485
498 3492
499 3499
500 3506
501 3513
502 3520
503 3527
504 3534
505 3541
506 3548
507 3555
508 3562
509 3569
510 3576
511 3583
512 3590
513 3597
514 3604
515 3611
516 3618
517 3625
518 3632
519 3639
520 3646
521 3653
522 3660
523 3667
524 3674
525 3681
526 3688
527 3695
528 3702
529 3709
530 3716
531 3723
532 3730
533 3737
534 3744
535 3751
536 3758
537 3765
538 3772
539 3779
540 3786
541 3793
542 3800
543 3807
544 3814
545 3821
546 3828
547 3835
548 3842
549 3849
550 3856
551 3863
552 3870
553 3877
554 3884
555 3891
556 3898
557 3905
558 3912
559 3919
560 3926
561 3933
562 3940
563 3947
564 3954
565 3961
566 3968
567 3975
568 3982
569 3989
570 3996
571 4003
572 4010
573 4017
574 4024
575 4031
576 4038
577 4045
578 4052
579 4059
580 4066
581 4073
582 4080
583 4087
584 4094
585 4101
586 4108
587 4115
588 4122
589 4129
590 4136
591 4143
592 4150
593 4157
594 4164
595 4171
596 4178
597 4185
598 4192
599 4199
600 4206
601 4213
602 4220
603 4227
604 4234
605 4241
606 4248
607 4255
608 4262
609 4269
610 4276
611 4283
612 4290
613 4297
614 4304
615 4311
616 4318
617 4325
618 4332
619 4339
620 4346
621 4353
622 4360
623 4367
624 4374
625 4381
626 4388
627 4395
628 4402
629 4409
630 4416
631 4423
632 4430
633 4437
634 4444
635 4451
636 4458
637 4465
638 4472
639 4479
640 4486
641 4493
642 4500
643 4507
644 4514
645 4521
646 4528
647 4535
648 4542
649 4549
650 4556
651 4563
652 4570
653 4577
654 4584
655 4591
656 4598
657 4605
658 4612
659 4619
660 4626
661 4633
662 4640
663 4647
664 4654
665 4661
666 4668
667 4675
668 4682
669 4689
670 4696
671 4703
672 4710
673 4717
674 4724
675 4731
676 4738
677 4745
678 4752
679 4759
680 4766
681 4773
682 4780
683 4787
684 4794
685 4801
686 4808
687 4815
688 4822
689 4829
690 4836
691 4843
692 4850
693 4857
694 4864
695 4871
696 4878
697 4885
698 4892
699 4899
700 4906
701 4913
702 4920
703 4927
704 4934
705 4941
706 4948
707 4955
708 4962
709 4969
710 4976
711 4983
712 4990
713 4997
714 5004
715 5011
716 5018
717 5025
718 5032
719 5039
720 5046
721 5053
722 5060
723 5067
724 5074
725 5081
726 5088
727 5095
728 5102
729 5109
730 5116
731 5123
732 5130
733 5137
734 5144
735 5151
736 5158
737 5165
738 5172
739 5179
740 5186
741 5193
742 5200
743 5207
744 5214
745 5221
746 5228
747 5235
748 5242
749 5249
750 5256
751 5263
752 5270
753 5277
754 5284
755 5291
756 5298
757 5305
758 5312
759 5319
760 5326
761 5333
762 5340
763 5347
764 5354
765 5361
766 5368
767 5375
768 5382
769 5389
770 5396
771 5403
772 5410
773 5417
774 5424
775 5431
776 5438
777 5445
778 5452
779 5459
780 5466
781 5473
782 5480
783 5487
784 5494
785 5501
786 5508
787 5515
788 5522
789 5529
790 5536
791 5543
792 5550
793 5557
794 5564
795 5571
796 5578
797 5585
798 5592
799 5599
800 5606
801 5613
802 5620
803 5627
804 5634
805 5641
806 5648
807 5655
808 5662
809 5669
810 5676
811 5683
812 5690
813 5697
814 5704
815 5711
816 5718
817 5725
818 5732
819 5739
820 5746
821 5753
822 5760
823 5767
824 5774
825 5781
826 5788
827 5795
828 5802
829 5809
830 5816
831 5823
832 5830
833 5837
834 5844
835 5851
836 5858
837 5865
838 5872
839 5879
840 5886
841 5893
842 5900
843 5907
844 5914
845 5921
846 5928
847 5935
848 5942
849 5949
850 5956
851 5963
852 5970
853 5977
854 5984
855 5991
856 5998
857 6005
858 6012
859 6019
860 6026
861 6033
862 6040
863 6047
864 6054
865 6061
866 6068
867 6075
868 6082
869 6089
870 6096
871 6103
872 6110
873 6117
874 6124
875 6131
876 6138
877 6145
878 6152
879 6159
880 6166
881 6173
882 6180
883 6187
884 6194
885 6201
886 6208
887 6215
888 6222
889 6229
890 6236
891 6243
892 6250
893 6257
894 6264
895 6271
896 6278
897 6285
898 6292
899 6299
900 6306
901 6313
902 6320
903 6327
904 6334
905 6341
906 6348
907 6355
908 6362
909 6369
910 6376
911 6383
912 6390
913 6397
914 6404
915 6411
916 6418
917 6425
918 6432
919 6439
920 6446
921 6453
922 6460
923 6467
924 6474
925 6481
926 6488
927 6495
928 6502
929 6509
930 6516
931 6523
932 6530
933 6537
934 6544
935 6551
936 6558
937 6565
938 6572
939 6579
940 6586
941 6593
942 6600
943 6607
944 6614
945 6621
946 6628
947 6635
948 6642
949 6649
950 6656
951 6663
952 6670
953 6677
954 6684
955 6691
956 6698
957 6705
958 6712
959 6719
960 6726
961 6733
962 6740
963 6747
964 6754
965 6761
966 6768
967 6775
968 6782
969 6789
970 6796
971 6803
972 6810
973 6817
974 6824
975 6831
976 6838
977 6845
978 6852
979 6859
980 6866
981 6873
982 6880
983 6887
984 6894
985 6901
986 6908
987 6915
988 6922
989 6929
990 6936
991 6943
992 6950
993 6957
994 6964
995 6971
996 6978
997 6985
998 6992
999 6999
1000 7006
