0 0
1 5
2 8
3 11
4 14
5 17
6 20
7 23
8 26
9 29
10 32
11 35
12 38
13 41
14 44
15 47
16 50
17 53
18 56
19 59
20 62
21 65
22 68
23 71
24 74
25 77
26 80
27 83
28 86
29 89
30 92
31 95
32 98
33 101
34 104
35 107
36 110
37 113
38 116
39 119
40 122
41 125
42 128
43 131
44 134
45 137
46 140
47 143
48 146
49 149
50 152
51 155
52 158
53 161
54 164
55 167
56 170
57 173
58 176
59 179
60 182
61 185
62 188
63 191
64 194
65 197
66 200
67 203
68 206
69 209
70 212
71 215
72 218
73 221
74 224
75 227
76 230
77 233
78 236
79 239
80 242
81 245
82 248
83 251
84 254
85 257
86 260
87 263
88 266
89 269
90 272
91 275
92 278
93 281
94 284
95 287
96 290
97 293
98 296
99 299
100 302
101 305
102 308
103 311
104 314
105 317
106 320
107 323
108 326
109 329
110 332
111 335
112 338
113 341
114 344
115 347
116 350
117 353
118 356
119 359
120 362
121 365
122 368
123 371
124 374
125 377
126 380
127 383
128 386
129 389
130 392
131 395
132 398
133 401
134 404
135 407
136 410
137 413
138 416
139 419
140 422
141 425
142 428
143 431
144 434
145 437
146 440
147 443
148 446
149 449
150 452
151 455
152 458
153 461
154 464
155 467
156 470
157 473
158 476
159 479
160 482
161 485
162 488
163 491
164 494
165 497
166 500
167 503
168 506
169 509
170 512
171 515
172 518
173 521
174 524
175 527
176 530
177 533
178 536
179 539
180 542
181 545
182 548
183 551
184 554
185 557
186 560
187 563
188 566
189 569
190 572
191 575
192 578
193 581
194 584
195 587
196 590
197 593
198 596
199 599
200 602
201 605
202 608
203 611
204 614
205 617
206 620
207 623
208 626
209 629
210 632
211 635
212 638
213 641
214 644
215 647
216 650
217 653
218 656
219 659
220 662
221 665
222 668
223 671
224 674
225 677
226 680
227 683
228 686
229 689
230 692
231 695
232 698
233 701
234 704
235 707
236 710
237 713
238 716
239 719
240 722
241 725
242 728
243 731
244 734
245 737
246 740
247 743
248 746
249 749
250 752
251 755
252 758
253 761
254 764
255 767
256 770
257 773
258 776
259 779
260 782
261 785
262 788
263 791
264 794
265 797
266 800
267 803
268 806
269 809
270 812
271 815
272 818
273 821
274 824
275 827
276 830
277 833
278 836
279 839
280 842
281 845
282 848
283 851
284 854
285 857
286 860
287 863
288 866
289 869
290 872
291 875
292 878
293 881
294 884
295 887
296 890
297 893
298 896
299 899
300 902
301 905
302 908
303 911
304 914
305 917
306 920
307 923
308 926
309 929
310 932
311 935
312 938
313 941
314 944
315 947
316 950
317 953
318 956
319 959
320 962
321 965
322 968
323 971
324 974
325 977
326 980
327 983
328 986
329 989
330 992
331 995
332 998
333 1001
334 1004
335 1007
336 1010
337 1013
338 1016
339 1019
340 1022
341 1025
342 1028
343 1031
344 1034
345 1037
346 1040
347 1043
348 1046
349 1049
350 1052
351 1055
352 1058
353 1061
354 1064
355 1067
356 1070
357 1073
358 1076
359 1079
360 1082
361 1085
362 1088
363 1091
364 1094
365 1097
366 1100
367 1103
368 1106
369 1109
370 1112
371 1115
372 1118
373 1121
374 1124
375 1127
376 1130
377 1133
378 1136
379 1139
380 1142
381 1145
382 1148
383 1151
384 1154
385 1157
386 1160
387 1163
388 1166
389 1169
390 1172
391 1175
392 1178
393 1181
394 1184
395 1187
396 1190
397 1193
398 1196
399 1199
400 1202
401 1205
402 1208
403 1211
404 1214
405 1217
406 1220
407 1223
408 1226
409 1229
410 1232
411 1235
412 1238
413 1241
414 1244
415 1247
416 1250
417 1253
418 1256
419 1259
420 1262
421 1265
422 1268
423 1271
424 1274
425 1277
426 1280
427 1283
428 1286
429 1289
430 1292
431 1295
432 1298
433 1301
434 1304
435 1307
436 1310
437 1313
438 1316
439 1319
440 1322
441 1325
442 1328
443 1331
444 1334
445 1337
446 1340
447 1343
448 1346
449 1349
450 1352
451 1355
452 1358
453 1361
454 1364
455 1367
456 1370
457 1373
458 1376
459 1379
460 1382
461 1385
462 1388
463 1391
464 1394
465 1397
466 1400
467 1403
468 1406
469 1409
470 1412
471 1415
472 1418
473 1421
474 1424
475 1427
476 1430
477 1433
478 1436
479 1439
480 1442
481 1445
482 1448
483 1451
484 1454
485 1457
486 1460
487 1463
488 1466
489 1469
490 1472
491 1475
492 1478
493 1481
494 1484
495 1487
496 1490
497 1493
498 1496
499 1499
500 1502
501 1505
502 1508
503 1511
504 1514
505 1517
506 1520
507 1523
508 1526
509 1529
510 1532
511 1535
512 1538
513 1541
514 1544
515 1547
516 1550
517 1553
518 1556
519 1559
520 1562
521 1565
522 1568
523 1571
524 1574
525 1577
526 1580
527 1583
528 1586
529 1589
530 1592
531 1595
532 1598
533 1601
534 1604
535 1607
536 1610
537 1613
538 1616
539 1619
540 1622
541 1625
542 1628
543 1631
544 1634
545 1637
546 1640
547 1643
548 1646
549 1649
550 1652
551 1655
552 1658
553 1661
554 1664
555 1667
556 1670
557 1673
558 1676
559 1679
560 1682
561 1685
562 1688
563 1691
564 1694
565 1697
566 1700
567 1703
568 1706
569 1709
570 1712
571 1715
572 1718
573 1721
574 1724
575 1727
576 1730
577 1733
578 1736
579 1739
580 1742
581 1745
582 1748
583 1751
584 1754
585 1757
586 1760
587 1763
588 1766
589 1769
590 1772
591 1775
592 1778
593 1781
594 1784
595 1787
596 1790
597 1793
598 1796
599 1799
600 1802
601 1805
602 1808
603 1811
604 1814
605 1817
606 1820
607 1823
608 1826
609 1829
610 1832
611 1835
612 1838
613 1841
614 1844
615 1847
616 1850
617 1853
618 1856
619 1859
620 1862
621 1865
622 1868
623 1871
624 1874
625 1877
626 1880
627 1883
628 1886
629 1889
630 1892
631 1895
632 1898
633 1901
634 1904
635 1907
636 1910
637 1913
638 1916
639 1919
640 1922
641 1925
642 1928
643 1931
644 1934
645 1937
646 1940
647 1943
648 1946
649 1949
650 1952
651 1955
652 1958
653 1961
654 1964
655 1967
656 1970
657 1973
658 1976
659 1979
660 1982
661 1985
662 1988
663 1991
664 1994
665 1997
666 2000
667 2003
668 2006
669 2009
670 2012
671 2015
672 2018
673 2021
674 2024
675 2027
676 2030
677 2033
678 2036
679 2039
680 2042
681 2045
682 2048
683 2051
684 2054
685 2057
686 2060
687 2063
688 2066
689 2069
690 2072
691 2075
692 2078
693 2081
694 2084
695 2087
696 2090
697 2093
698 2096
699 2099
700 2102
701 2105
702 2108
703 2111
704 2114
705 2117
706 2120
707 2123
708 2126
709 2129
710 2132
711 2135
712 2138
713 2141
714 2144
715 2147
716 2150
717 2153
718 2156
719 2159
720 2162
721 2165
722 2168
723 2171
724 2174
725 2177
726 2180
727 2183
728 2186
729 2189
730 2192
731 2195
732 2198
733 2201
734 2204
735 2207
736 2210
737 2213
738 2216
739 2219
740 2222
741 2225
742 2228
743 2231
744 2234
745 2237
746 2240
747 2243
748 2246
749 2249
750 2252
751 2255
752 2258
753 2261
754 2264
755 2267
756 2270
757 2273
758 2276
759 2279
760 2282
761 2285
762 2288
763 2291
764 2294
765 2297
766 2300
767 2303
768 2306
769 2309
770 2312
771 2315
772 2318
773 2321
774 2324
775 2327
776 2330
777 2333
778 2336
779 2339
780 2342
781 2345
782 2348
783 2351
784 2354
785 2357
786 2360
787 2363
788 2366
789 2369
790 2372
791 2375
792 2378
793 2381
794 2384
795 2387
796 2390
797 2393
798 2396
799 2399
800 2402
801 2405
802 2408
803 2411
804 2414
805 2417
806 2420
807 2423
808 2426
809 2429
810 2432
811 2435
812 2438
813 2441
814 2444
815 2447
816 2450
817 2453
818 2456
819 2459
820 2462
821 2465
822 2468
823 2471
824 2474
825 2477
826 2480
827 2483
828 2486
829 2489
830 2492
831 2495
832 2498
833 2501
834 2504
835 2507
836 2510
837 2513
838 2516
839 2519
840 2522
841 2525
842 2528
843 2531
844 2534
845 2537
846 2540
847 2543
848 2546
849 2549
850 2552
851 2555
852 2558
853 2561
854 2564
855 2567
856 2570
857 2573
858 2576
859 2579
860 2582
861 2585
862 2588
863 2591
864 2594
865 2597
866 2600
867 2603
868 2606
869 2609
870 2612
871 2615
872 2618
873 2621
874 2624
875 2627
876 2630
877 2633
878 2636
879 2639
880 2642
881 2645
882 2648
883 2651
884 2654
885 2657
886 2660
887 2663
888 2666
889 2669
890 2672
891 2675
892 2678
893 2681
894 2684
895 2687
896 2690
897 2693
898 2696
899 2699
900 2702
901 2705
902 2708
903 2711
904 2714
905 2717
906 2720
907 2723
908 2726
909 2729
910 2732
911 2735
912 2738
913 2741
914 2744
915 2747
916 2750
917 2753
918 2756
919 2759
920 2762
921 2765
922 2768
923 2771
924 2774
925 2777
926 2780
927 2783
928 2786
929 2789
930 2792
931 2795
932 2798
933 2801
934 2804
935 2807
936 2810
937 2813
938 2816
939 2819
940 2822
941 2825
942 2828
943 2831
944 2834
945 2837
946 2840
947 2843
948 2846
949 2849
950 2852
951 2855
952 2858
953 2861
954 2864
955 2867
956 2870
957 2873
958 2876
959 2879
960 2882
961 2885
962 2888
963 2891
964 2894
965 2897
966 2900
967 2903
968 2906
969 2909
970 2912
971 2915
972 2918
973 2921
974 2924
975 2927
976 2930
977 2933
978 2936
979 2939
980 2942
981 2945
982 2948
983 2951
984 2954
985 2957
986 2960
987 2963
988 2966
989 2969
990 2972
991 2975
992 2978
993 2981
994 2984
995 2987
996 2990
997 2993
998 2996
999 2999
1000 3002
