0 0
1 10
2 17
3 24
4 31
5 38
6 45
7 52
8 59
9 66
10 73
11 80
12 87
13 94
14 101
15 108
16 115
17 122
18 129
19 136
20 143
21 150
22 157
23 164
24 171
25 178
26 185
27 192
28 199
29 206
30 213
31 220
32 227
33 234
34 241
35 248
36 255
37 262
38 269
39 276
40 283
41 290
42 297
43 304
44 311
45 318
46 325
47 332
48 339
49 346
50 353
51 360
52 367
53 374
54 381
55 388
56 395
57 402
58 409
59 416
60 423
61 430
62 437
63 444
64 451
65 458
66 465
67 472
68 479
69 486
70 493
71 500
72 507
73 514
74 521
75 528
76 535
77 542
78 549
79 556
80 563
81 570
82 577
83 584
84 591
85 598
86 605
87 612
88 619
89 626
90 633
91 640
92 647
93 654
94 661
95 668
96 675
97 682
98 689
99 696
100 703
101 710
102 717
103 724
104 731
105 738
106 745
107 752
108 759
109 766
110 773
111 780
112 787
113 794
114 801
115 808
116 815
117 822
118 829
119 836
120 843
121 850
122 857
123 864
124 871
125 878
126 885
127 892
128 899
129 906
130 913
131 920
132 927
133 934
134 941
135 948
136 955
137 962
138 969
139 976
140 983
141 990
142 997
143 1004
144 1011
145 1018
146 1025
147 1032
148 1039
149 1046
150 1053
151 1060
152 1067
153 1074
154 1081
155 1088
156 1095
157 1102
158 1109
159 1116
160 1123
161 1130
162 1137
163 1144
164 1151
165 1158
166 1165
167 1172
168 1179
169 1186
170 1193
171 1200
172 1207
173 1214
174 1221
175 1228
176 1235
177 1242
178 1249
179 1256
180 1263
181 1270
182 1277
183 1284
184 1291
185 1298
186 1305
187 1312
188 1319
189 1326
190 1333
191 1340
192 1347
193 1354
194 1361
195 1368
196 1375
197 1382
198 1389
199 1396
200 1403
201 1410
202 1417
203 1424
204 1431
205 1438
206 1445
207 1452
208 1459
209 1466
210 1473
211 1480
212 1487
213 1494
214 1501
215 1508
216 1515
217 1522
218 1529
219 1536
220 1543
221 1550
222 1557
223 1564
224 1571
225 1578
226 1585
227 1592
228 1599
229 1606
230 1613
231 1620
232 1627
233 1634
234 1641
235 1648
236 1655
237 1662
238 1669
239 1676
240 1683
241 1690
242 1697
243 1704
244 1711
245 1718
246 1725
247 1732
248 1739
249 1746
250 1753
251 1760
252 1767
253 1774
254 1781
255 1788
256 1795
257 1802
258 1809
259 1816
260 1823
261 1830
262 1837
263 1844
264 1851
265 1858
266 1865
267 1872
268 1879
269 1886
270 1893
271 1900
272 1907
273 1914
274 1921
275 1928
276 1935
277 1942
278 1949
279 1956
280 1963
281 1970
282 1977
283 1984
284 1991
285 1998
286 2005
287 2012
288 2019
289 2026
290 2033
291 2040
292 2047
293 2054
294 2061
295 2068
296 2075
297 2082
298 2089
299 2096
300 2103
301 2110
302 2117
303 2124
304 2131
305 2138
306 2145
307 2152
308 2159
309 2166
310 2173
311 2180
312 2187
313 2194
314 2201
315 2208
316 2215
317 2222
318 2229
319 2236
320 2243
321 2250
322 2257
323 2264
324 2271
325 2278
326 2285
327 2292
328 2299
329 2306
330 2313
331 2320
332 2327
333 2334
334 2341
335 2348
336 2355
337 2362
338 2369
339 2376
340 2383
341 2390
342 2397
343 2404
344 2411
345 2418
346 2425
347 2432
348 2439
349 2446
350 2453
351 2460
352 2467
353 2474
354 2481
355 2488
356 2495
357 2502
358 2509
359 2516
360 2523
361 2530
362 2537
363 2544
364 2551
365 2558
366 2565
367 2572
368 2579
369 2586
370 2593
371 2600
372 2607
373 2614
374 2621
375 2628
376 2635
377 2642
378 2649
379 2656
380 2663
381 2670
382 2677
383 2684
384 2691
385 2698
386 2705
387 2712
388 2719
389 2726
390 2733
391 2740
392 2747
393 2754
394 2761
395 2768
396 2775
397 2782
398 2789
399 2796
400 2803
401 2810
402 2817
403 2824
404 2831
405 2838
406 2845
407 2852
408 2859
409 2866
410 2873
411 2880
412 2887
413 2894
414 2901
415 2908
416 2915
417 2922
418 2929
419 2936
420 2943
421 2950
422 2957
423 2964
424 2971
425 2978
426 2985
427 2992
428 2999
429 3006
430 3013
431 3020
432 3027
433 3034
434 3041
435 3048
436 3055
437 3062
438 3069
439 3076
440 3083
441 3090
442 3097
443 3104
444 3111
445 3118
446 3125
447 3132
448 3139
449 3146
450 3153
451 3160
452 3167
453 3174
454 3181
455 3188
456 3195
457 3202
458 3209
459 3216
460 3223
461 3230
462 3237
463 3244
464 3251
465 3258
466 3265
467 3272
468 3279
469 3286
470 3293
471 3300
472 3307
473 3314
474 3321
475 3328
476 3335
477 3342
478 3349
479 3356
480 3363
481 3370
482 3377
483 3384
484 3391
485 3398
486 3405
487 3412
488 3419
489 3426
490 3433
491 3440
492 3447
493 3454
494 3461
495 3468
496 3475
497 3482
498 3489
499 3496
500 3503
501 3510
502 3517
503 3524
504 3531
505 3538
506 3545
507 3552
508 3559
509 3566
510 3573
511 3580
512 3587
513 3594
514 3601
515 3608
516 3615
517 3622
518 3629
519 3636
520 3643
521 3650
522 3657
523 3664
524 3671
525 3678
526 3685
527 3692
528 3699
529 3706
530 3713
531 3720
532 3727
533 3734
534 3741
535 3748
536 3755
537 3762
538 3769
539 3776
540 3783
541 3790
542 3797
543 3804
544 3811
545 3818
546 3825
547 3832
548 3839
549 3846
550 3853
551 3860
552 3867
553 3874
554 3881
555 3888
556 3895
557 3902
558 3909
559 3916
560 3923
561 3930
562 3937
563 3944
564 3951
565 3958
566 3965
567 3972
568 3979
569 3986
570 3993
571 4000
572 4007
573 4014
574 4021
575 4028
576 4035
577 4042
578 4049
579 4056
580 4063
581 4070
582 4077
583 4084
584 4091
585 4098
586 4105
587 4112
588 4119
589 4126
590 4133
591 4140
592 4147
593 4154
594 4161
595 4168
596 4175
597 4182
598 4189
599 4196
600 4203
601 4210
602 4217
603 4224
604 4231
605 4238
606 4245
607 4252
608 4259
609 4266
610 4273
611 4280
612 4287
613 4294
614 4301
615 4308
616 4315
617 4322
618 4329
619 4336
620 4343
621 4350
622 4357
623 4364
624 4371
625 4378
626 4385
627 4392
628 4399
629 4406
630 4413
631 4420
632 4427
633 4434
634 4441
635 4448
636 4455
637 4462
638 4469
639 4476
640 4483
641 4490
642 4497
643 4504
644 4511
645 4518
646 4525
647 4532
648 4539
649 4546
650 4553
651 4560
652 4567
653 4574
654 4581
655 4588
656 4595
657 4602
658 4609
659 4616
660 4623
661 4630
662 4637
663 4644
664 4651
665 4658
666 4665
667 4672
668 4679
669 4686
670 4693
671 4700
672 4707
673 4714
674 4721
675 4728
676 4735
677 4742
678 4749
679 4756
680 4763
681 4770
682 4777
683 4784
684 4791
685 4798
686 4805
687 4812
688 4819
689 4826
690 4833
691 4840
692 4847
693 4854
694 4861
695 4868
696 4875
697 4882
698 4889
699 4896
700 4903
701 4910
702 4917
703 4924
704 4931
705 4938
706 4945
707 4952
708 4959
709 4966
710 4973
711 4980
712 4987
713 4994
714 5001
715 5008
716 5015
717 5022
718 5029
719 5036
720 5043
721 5050
722 5057
723 5064
724 5071
725 5078
726 5085
727 5092
728 5099
729 5106
730 5113
731 5120
732 5127
733 5134
734 5141
735 5148
736 5155
737 5162
738 5169
739 5176
740 5183
741 5190
742 5197
743 5204
744 5211
745 5218
746 5225
747 5232
748 5239
749 5246
750 5253
751 5260
752 5267
753 5274
754 5281
755 5288
756 5295
757 5302
758 5309
759 5316
760 5323
761 5330
762 5337
763 5344
764 5351
765 5358
766 5365
767 5372
768 5379
769 5386
770 5393
771 5400
772 5407
773 5414
774 5421
775 5428
776 5435
777 5442
778 5449
779 5456
780 5463
781 5470
782 5477
783 5484
784 5491
785 5498
786 5505
787 5512
788 5519
789 5526
790 5533
791 5540
792 5547
793 5554
794 5561
795 5568
796 5575
797 5582
798 5589
799 5596
800 5603
801 5610
802 5617
803 5624
804 5631
805 5638
806 5645
807 5652
808 5659
809 5666
810 5673
811 5680
812 5687
813 5694
814 5701
815 5708
816 5715
817 5722
818 5729
819 5736
820 5743
821 5750
822 5757
823 5764
824 5771
825 5778
826 5785
827 5792
828 5799
829 5806
830 5813
831 5820
832 5827
833 5834
834 5841
835 5848
836 5855
837 5862
838 5869
839 5876
840 5883
841 5890
842 5897
843 5904
844 5911
845 5918
846 5925
847 5932
848 5939
849 5946
850 5953
851 5960
852 5967
853 5974
854 5981
855 5988
856 5995
857 6002
858 6009
859 6016
860 6023
861 6030
862 6037
863 6044
864 6051
865 6058
866 6065
867 6072
868 6079
869 6086
870 6093
871 6100
872 6107
873 6114
874 6121
875 6128
876 6135
877 6142
878 6149
879 6156
880 6163
881 6170
882 6177
883 6184
884 6191
885 6198
886 6205
887 6212
888 6219
889 6226
890 6233
891 6240
892 6247
893 6254
894 6261
895 6268
896 6275
897 6282
898 6289
899 6296
900 6303
901 6310
902 6317
903 6324
904 6331
905 6338
906 6345
907 6352
908 6359
909 6366
910 6373
911 6380
912 6387
913 6394
914 6401
915 6408
916 6415
917 6422
918 6429
919 6436
920 6443
921 6450
922 6457
923 6464
924 6471
925 6478
926 6485
927 6492
928 6499
929 6506
930 6513
931 6520
932 6527
933 6534
934 6541
935 6548
936 6555
937 6562
938 6569
939 6576
940 6583
941 6590
942 6597
943 6604
944 6611
945 6618
946 6625
947 6632
948 6639
949 6646
950 6653
951 6660
952 6667
953 6674
954 6681
955 6688
956 6695
957 6702
958 6709
959 6716
960 6723
961 6730
962 6737
963 6744
964 6751
965 6758
966 6765
967 6772
968 6779
969 6786
970 6793
971 6800
972 6807
973 6814
974 6821
975 6828
976 6835
977 6842
978 6849
979 6856
980 6863
981 6870
982 6877
983 6884
984 6891
985 6898
986 6905
987 6912
988 6919
989 6926
990 6933
991 6940
992 6947
993 6954
994 6961
995 6968
996 6975
997 6982
998 6989
999 6996
1000 7003
