0 0
1 10
2 16
3 22
4 28
5 34
6 40
7 46
8 52
9 58
10 64
11 70
12 76
13 82
14 88
15 94
16 100
17 106
18 112
19 118
20 124
21 130
22 136
23 142
24 148
25 154
26 160
27 166
28 172
29 178
30 184
31 190
32 196
33 202
34 208
35 214
36 220
37 226
38 232
39 238
40 244
41 250
42 256
43 262
44 268
45 274
46 280
47 286
48 292
49 298
50 304
51 310
52 316
53 322
54 328
55 334
56 340
57 346
58 352
59 358
60 364
61 370
62 376
63 382
64 388
65 394
66 400
67 406
68 412
69 418
70 424
71 430
72 436
73 442
74 448
75 454
76 460
77 466
78 472
79 478
80 484
81 490
82 496
83 502
84 508
85 514
86 520
87 526
88 532
89 538
90 544
91 550
92 556
93 562
94 568
95 574
96 580
97 586
98 592
99 598
100 604
101 610
102 616
103 622
104 628
105 634
106 640
107 646
108 652
109 658
110 664
111 670
112 676
113 682
114 688
115 694
116 700
117 706
118 712
119 718
120 724
121 730
122 736
123 742
124 748
125 754
126 760
127 766
128 772
129 778
130 784
131 790
132 796
133 802
134 808
135 814
136 820
137 826
138 832
139 838
140 844
141 850
142 856
143 862
144 868
145 874
146 880
147 886
148 892
149 898
150 904
151 910
152 916
153 922
154 928
155 934
156 940
157 946
158 952
159 958
160 964
161 970
162 976
163 982
164 988
165 994
166 1000
167 1006
168 1012
169 1018
170 1024
171 1030
172 1036
173 1042
174 1048
175 1054
176 1060
177 1066
178 1072
179 1078
180 1084
181 1090
182 1096
183 1102
184 1108
185 1114
186 1120
187 1126
188 1132
189 1138
190 1144
191 1150
192 1156
193 1162
194 1168
195 1174
196 1180
197 1186
198 1192
199 1198
200 1204
201 1210
202 1216
203 1222
204 1228
205 1234
206 1240
207 1246
208 1252
209 1258
210 1264
211 1270
212 1276
213 1282
214 1288
215 1294
216 1300
217 1306
218 1312
219 1318
220 1324
221 1330
222 1336
223 1342
224 1348
225 1354
226 1360
227 1366
228 1372
229 1378
230 1384
231 1390
232 1396
233 1402
234 1408
235 1414
236 1420
237 1426
238 1432
239 1438
240 1444
241 1450
242 1456
243 1462
244 1468
245 1474
246 1480
247 1486
248 1492
249 1498
250 1504
251 1510
252 1516
253 1522
254 1528
255 1534
256 1540
257 1546
258 1552
259 1558
260 1564
261 1570
262 1576
263 1582
264 1588
265 1594
266 1600
267 1606
268 1612
269 1618
270 1624
271 1630
272 1636
273 1642
274 1648
275 1654
276 1660
277 1666
278 1672
279 1678
280 1684
281 1690
282 1696
283 1702
284 1708
285 1714
286 1720
287 1726
288 1732
289 1738
290 1744
291 1750
292 1756
293 1762
294 1768
295 1774
296 1780
297 1786
298 1792
299 1798
300 1804
301 1810
302 1816
303 1822
304 1828
305 1834
306 1840
307 1846
308 1852
309 1858
310 1864
311 1870
312 1876
313 1882
314 1888
315 1894
316 1900
317 1906
318 1912
319 1918
320 1924
321 1930
322 1936
323 1942
324 1948
325 1954
326 1960
327 1966
328 1972
329 1978
330 1984
331 1990
332 1996
333 2002
334 2008
335 2014
336 2020
337 2026
338 2032
339 2038
340 2044
341 2050
342 2056
343 2062
344 2068
345 2074
346 2080
347 2086
348 2092
349 2098
350 2104
351 2110
352 2116
353 2122
354 2128
355 2134
356 2140
357 2146
358 2152
359 2158
360 2164
361 2170
362 2176
363 2182
364 2188
365 2194
366 2200
367 2206
368 2212
369 2218
370 2224
371 2230
372 2236
373 2242
374 2248
375 2254
376 2260
377 2266
378 2272
379 2278
380 2284
381 2290
382 2296
383 2302
384 2308
385 2314
386 2320
387 2326
388 2332
389 2338
390 2344
391 2350
392 2356
393 2362
394 2368
395 2374
396 2380
397 2386
398 2392
399 2398
400 2404
401 2410
402 2416
403 2422
404 2428
405 2434
406 2440
407 2446
408 2452
409 2458
410 2464
411 2470
412 2476
413 2482
414 2488
415 2494
416 2500
417 2506
418 2512
419 2518
420 2524
421 2530
422 2536
423 2542
424 2548
425 2554
426 2560
427 2566
428 2572
429 2578
430 2584
431 2590
432 2596
433 2602
434 2608
435 2614
436 2620
437 2626
438 2632
439 2638
440 2644
441 2650
442 2656
443 2662
444 2668
445 2674
446 2680
447 2686
448 2692
449 2698
450 2704
451 2710
452 2716
453 2722
454 2728
455 2734
456 2740
457 2746
458 2752
459 2758
460 2764
461 2770
462 2776
463 2782
464 2788
465 2794
466 2800
467 2806
468 2812
469 2818
470 2824
471 2830
472 2836
473 2842
474 2848
475 2854
476 2860
477 2866
478 2872
479 2878
480 2884
481 2890
482 2896
483 2902
484 2908
485 2914
486 2920
487 2926
488 2932
489 2938
490 2944
491 2950
492 2956
493 2962
494 2968
495 2974
496 2980
497 2986
498 2992
499 2998
500 3004
501 3010
502 3016
503 3022
504 3028
505 3034
506 3040
507 3046
508 3052
509 3058
510 3064
511 3070
512 3076
513 3082
514 3088
515 3094
516 3100
517 3106
518 3112
519 3118
520 3124
521 3130
522 3136
523 3142
524 3148
525 3154
526 3160
527 3166
528 3172
529 3178
530 3184
531 3190
532 3196
533 3202
534 3208
535 3214
536 3220
537 3226
538 3232
539 3238
540 3244
541 3250
542 3256
543 3262
544 3268
545 3274
546 3280
547 3286
548 3292
549 3298
550 3304
551 3310
552 3316
553 3322
554 3328
555 3334
556 3340
557 3346
558 3352
559 3358
560 3364
561 3370
562 3376
563 3382
564 3388
565 3394
566 3400
567 3406
568 3412
569 3418
570 3424
571 3430
572 3436
573 3442
574 3448
575 3454
576 3460
577 3466
578 3472
579 3478
580 3484
581 3490
582 3496
583 3502
584 3508
585 3514
586 3520
587 3526
588 3532
589 3538
590 3544
591 3550
592 3556
593 3562
594 3568
595 3574
596 3580
597 3586
598 3592
599 3598
600 3604
601 3610
602 3616
603 3622
604 3628
605 3634
606 3640
607 3646
608 3652
609 3658
610 3664
611 3670
612 3676
613 3682
614 3688
615 3694
616 3700
617 3706
618 3712
619 3718
620 3724
621 3730
622 3736
623 3742
624 3748
625 3754
626 3760
627 3766
628 3772
629 3778
630 3784
631 3790
632 3796
633 3802
634 3808
635 3814
636 3820
637 3826
638 3832
639 3838
640 3844
641 3850
642 3856
643 3862
644 3868
645 3874
646 3880
647 3886
648 3892
649 3898
650 3904
651 3910
652 3916
653 3922
654 3928
655 3934
656 3940
657 3946
658 3952
659 3958
660 3964
661 3970
662 3976
663 3982
664 3988
665 3994
666 4000
667 4006
668 4012
669 4018
670 4024
671 4030
672 4036
673 4042
674 4048
675 4054
676 4060
677 4066
678 4072
679 4078
680 4084
681 4090
682 4096
683 4102
684 4108
685 4114
686 4120
687 4126
688 4132
689 4138
690 4144
691 4150
692 4156
693 4162
694 4168
695 4174
696 4180
697 4186
698 4192
699 4198
700 4204
701 4210
702 4216
703 4222
704 4228
705 4234
706 4240
707 4246
708 4252
709 4258
710 4264
711 4270
712 4276
713 4282
714 4288
715 4294
716 4300
717 4306
718 4312
719 4318
720 4324
721 4330
722 4336
723 4342
724 4348
725 4354
726 4360
727 4366
728 4372
729 4378
730 4384
731 4390
732 4396
733 4402
734 4408
735 4414
736 4420
737 4426
738 4432
739 4438
740 4444
741 4450
742 4456
743 4462
744 4468
745 4474
746 4480
747 4486
748 4492
749 4498
750 4504
751 4510
752 4516
753 4522
754 4528
755 4534
756 4540
757 4546
758 4552
759 4558
760 4564
761 4570
762 4576
763 4582
764 4588
765 4594
766 4600
767 4606
768 4612
769 4618
770 4624
771 4630
772 4636
773 4642
774 4648
775 4654
776 4660
777 4666
778 4672
779 4678
780 4684
781 4690
782 4696
783 4702
784 4708
785 4714
786 4720
787 4726
788 4732
789 4738
790 4744
791 4750
792 4756
793 4762
794 4768
795 4774
796 4780
797 4786
798 4792
799 4798
800 4804
801 4810
802 4816
803 4822
804 4828
805 4834
806 4840
807 4846
808 4852
809 4858
810 4864
811 4870
812 4876
813 4882
814 4888
815 4894
816 4900
817 4906
818 4912
819 4918
820 4924
821 4930
822 4936
823 4942
824 4948
825 4954
826 4960
827 4966
828 4972
829 4978
830 4984
831 4990
832 4996
833 5002
834 5008
835 5014
836 5020
837 5026
838 5032
839 5038
840 5044
841 5050
842 5056
843 5062
844 5068
845 5074
846 5080
847 5086
848 5092
849 5098
850 5104
851 5110
852 5116
853 5122
854 5128
855 5134
856 5140
857 5146
858 5152
859 5158
860 5164
861 5170
862 5176
863 5182
864 5188
865 5194
866 5200
867 5206
868 5212
869 5218
870 5224
871 5230
872 5236
873 5242
874 5248
875 5254
876 5260
877 5266
878 5272
879 5278
880 5284
881 5290
882 5296
883 5302
884 5308
885 5314
886 5320
887 5326
888 5332
889 5338
890 5344
891 5350
892 5356
893 5362
894 5368
895 5374
896 5380
897 5386
898 5392
899 5398
900 5404
901 5410
902 5416
903 5422
904 5428
905 5434
906 5440
907 5446
908 5452
909 5458
910 5464
911 5470
912 5476
913 5482
914 5488
915 5494
916 5500
917 5506
918 5512
919 5518
920 5524
921 5530
922 5536
923 5542
924 5548
925 5554
926 5560
927 5566
928 5572
929 5578
930 5584
931 5590
932 5596
933 5602
934 5608
935 5614
936 5620
937 5626
938 5632
939 5638
940 5644
941 5650
942 5656
943 5662
944 5668
945 5674
946 5680
947 5686
948 5692
949 5698
950 5704
951 5710
952 5716
953 5722
954 5728
955 5734
956 5740
957 5746
958 5752
959 5758
960 5764
961 5770
962 5776
963 5782
964 5788
965 5794
966 5800
967 5806
968 5812
969 5818
970 5824
971 5830
972 5836
973 5842
974 5848
975 5854
976 5860
977 5866
978 5872
979 5878
980 5884
981 5890
982 5896
983 5902
984 5908
985 5914
986 5920
987 5926
988 5932
989 5938
990 5944
991 5950
992 5956
993 5962
994 5968
995 5974
996 5980
997 5986
998 5992
999 5998
1000 6004
