0 1
1 0
2 0
3 1
4 1
5 1
6 2
7 2
8 3
9 4
10 5
11 6
12 9
13 10
14 13
15 17
16 21
17 25
18 33
19 39
20 49
21 60
22 73
23 88
24 110
25 130
26 158
27 191
28 230
29 273
30 331
31 391
32 468
33 556
34 660
35 779
36 927
37 1087
38 1284
39 1510
40 1775
41 2075
42 2438
43 2842
44 3323
45 3872
46 4510
47 5237
48 6095
49 7056
50 8182
51 9465
52 10945
53 12625
54 14578
55 16779
56 19323
57 22210
58 25519
59 29269
60 33581
61 38438
62 44004
63 50305
64 57480
65 65585
66 74831
67 85241
68 97084
69 110441
70 125577
71 142627
72 161955
73 183669
74 208233
75 235858
76 267016
77 302008
78 341474
79 385714
80 435525
81 491365
82 554102
83 624363
84 703263
85 791483
86 890414
87 1001014
88 1124831
89 1263105
90 1417812
91 1590370
92 1783200
93 1998184
94 2238095
95 2505329
96 2803342
97 3134927
98 3504321
99 3915113
100 4372211
101 4880095
102 5444836
103 6071737
104 6768162
105 7540773
106 8398212
107 9348709
108 10402828
109 11570343
110 12864051
111 14296061
112 15881447
113 17635015
114 19575084
115 21719314
116 24089760
117 26708042
118 29600270
119 32792694
120 36316828
121 40203969
122 44491966
123 49218838
124 54429398
125 60169523
126 66493081
127 73454751
128 81118965
129 89551667
130 98829225
131 109030834
132 120247855
133 132574519
134 146119798
135 160996758
136 177334421
137 195267955
138 214951211
139 236544728
140 260231425
141 286203009
142 314675872
143 345878364
144 380067576
145 417514127
146 458522902
147 503415815
148 552552929
149 606316324
150 665132594
151 729453566
152 799783726
153 876658634
154 960673117
155 1052460914
156 1152724706
157 1262212193
158 1381752371
159 1512228743
160 1654616878
161 1809959208
162 1979405299
163 2164182332
164 2365643155
165 2585233667
166 2824542959
167 3085272563
168 3369290325
169 3678594841
170 4015379366
171 4381992554
172 4781005550
173 5215175364
174 5687517290
175 6201262798
176 6759944605
177 7367350825
178 8027615000
179 8745173560
180 9524863356
181 10371873380
182 11291858726
183 12290888359
184 13375566361
185 14552984703
186 15830855133
187 17217455988
188 18721785267
189 20353504159
190 22123101165
191 24041842505
192 26121951243
193 28376552547
194 30819880665
195 33467222022
196 36335138242
197 39441419811
198 42805330550
199 46447557488
200 50390492095
201 54658180832
202 59276630173
203 64273772631
204 69679802086
205 75527139875
206 81850819258
207 88688456685
208 96080670867
209 104071077788
210 112706753333
211 122038234174
212 132120046512
213 143010720607
214 154773370125
215 167475742373
216 181190859577
217 195997086041
218 211978859563
219 229226785041
220 247838439465
221 267918520008
222 289579738040
223 312943001022
224 338138429873
225 365305588903
226 394594610227
227 426166505644
228 460194418430
229 496863996842
230 536374816873
231 578940835899
232 624791970570
233 674174674590
234 727353699711
235 784612777262
236 846256616647
237 912611717715
238 984028594353
239 1060882772409
240 1143577276202
241 1232543795537
242 1328245505073
243 1431178437324
244 1541874627336
245 1660903763872
246 1788876712051
247 1926447430971
248 2074316964038
249 2233235676481
250 2404007716410
251 2587493664925
252 2784615539964
253 2996359859655
254 3223783306533
255 3468016278482
256 3730269231549
257 4011836842560
258 4314105131897
259 4638556254744
260 4986776558172
261 5360462108444
262 5761427726388
263 6191613414684
264 6653094511996
265 7148089067755
266 7678969321240
267 8248270174445
268 8858702077751
269 9513160823618
270 10214742036946
271 10966752379224
272 11772725919235
273 12636436964393
274 13561918451508
275 14553476705843
276 15615712128761
277 16753536042373
278 17972194048319
279 19277285263393
280 20674788573126
281 22171084671704
282 23772985600546
283 25487759846642
284 27323165674033
285 29287479717605
286 31389534455756
287 33638750864838
288 36045180580593
289 38619543013393
290 41373272895422
291 44318562473525
292 47468414967797
293 50836692625735
294 54438176863322
295 58288622786640
296 62404826971833
297 66804689331180
298 71507289315713
299 76532956207232
300 81903354826121
301 87641565157914
302 93772178886761
303 100321389593366
304 107317101262023
305 114789030554974
306 122768828814940
307 131290197748950
308 140389026750168
309 150103523740443
310 160474369480600
311 171544865658949
312 183361108322877
313 195972155157865
314 209430220567207
315 223790864601390
316 239113212086524
317 255460166111125
318 272898654194013
319 291499869127215
320 311339545683557
321 332498232277738
322 355061601647458
323 379120757371418
324 404772582705142
325 432120085967434
326 461272792385801
327 492347133201489
328 525466885402358
329 560763610167045
330 598377146328483
331 638456103856976
332 681158417782015
333 726651903508228
334 775114878094633
335 826736785208061
336 881718891904310
337 940274991288635
338 1002632184124936
339 1069031668683965
340 1139729616889929
341 1214998062197033
342 1295125881612702
343 1380419792959511
344 1471205455685213
345 1567828590728470
346 1670656213732913
347 1780077892540672
348 1896507128562116
349 2020382767830868
350 2152170548392771
351 2292364683294205
352 2441489593012981
353 2600101681192420
354 2768791273961569
355 2948184610670874
356 3138946014780562
357 3341780125096857
358 3557434324727204
359 3786701241585165
360 4030421465650758
361 4289486349745198
362 4564841049155441
363 4857487657976420
364 5168488607892539
365 5498970179812786
366 5850126303590554
367 6223222487981464
368 6619600068230287
369 7040680603132588
370 7487970621447395
371 7963066540804724
372 8467659970555751
373 9003543212107815
374 9572615182785347
375 10176887564848319
376 10818491420748612
377 11499684066165156
378 12222856455959707
379 12990540863483715
380 13805419125936128
381 14670331222508568
382 15588284476138464
383 16562463133959212
384 17596238634394518
385 18693180303218316
386 19857066807653247
387 21091898095163881
388 22401908167901541
389 23791578406118047
390 25265651812363516
391 26829147875197314
392 28487378449721457
393 30245964335864560
394 32110852978173796
395 34088336952878817
396 36185073691444107
397 38408106089861185
398 40764884483686601
399 43263289617990403
400 45911657124277492
401 48718803116480667
402 51694051449189347
403 54847262231685917
404 58188862178252531
405 61729876365876230
406 65481962018714648
407 69457443871462970
408 73669351769075626
409 78131460034465274
410 82858329306892849
411 87865350357854534
412 93168790634539040
413 98785843016856304
414 104734677584827160
415 111034495859946150
416 117705588372401658
417 124769394990740779
418 132248568923628642
419 140167043807914108
420 148550104850119837
421 157424463411636041
422 166818336071961946
423 176761527531368191
424 187285518458025526
425 198423557617546056
426 210210759460804679
427 222684206483090796
428 235883057612770285
429 249848661912388611
430 264624678937147338
431 280257205010025800
432 296794906846052744
433 314289161760124568
434 332794205991938433
435 352367290352163327
436 373068844830242099
437 394962651345414519
438 418116026389886163
439 442600012722377573
440 468489581985532571
441 495863847376677864
442 524806288377346818
443 555404986651629879
444 587752875253728612
445 621948000235229898
446 658093796946444824
447 696299380097608989
448 736679850037831623
449 779356614304227273
450 824457727067403240
451 872118245513268343
452 922480605978403609
453 975695018861921518
454 1031919885334415931
455 1091322234863824726
456 1154078186789338056
457 1220373434962530962
458 1290403758924717067
459 1364375560635518838
460 1442506430475466013
461 1525025741550731461
462 1612175276286947980
463 1704209884357983922
464 1801398176233855822
465 1904023251409662123
466 2012383465917491687
467 2126793238220790125
468 2247583898425579859
469 2375104579953432619
470 2509723158983216393
471 2651827240852809764
472 2801825199127077472
473 2960147266596827518
474 3127246684334616838
475 3303600908157823585
476 3489712879093620684
477 3686112357286838107
478 3893357326448525398
479 4112035468411255116
480 4342765715420108937
481 4586199879868675816
482 4843024369700529689
483 5113961989339332250
484 5399773835004192486
485 5701261284471274118
486 6019268090812325740
487 6354682580395424778
488 6708439965427382897
489 7081524771565979284
490 7474973391687995160
491 7889876766640466697
492 8327383204918822635
493 8788701342436269325
494 9275103255278496394
495 9787927726974689386
496 10328583684204277692
497 10898553802909630114
498 11499398299827927277
499 12132758911904387521
500 12800363079809695846
501 13504028338560772787
502 14245666932774428003
503 15027290660183691090
504 15851015962344387420
505 16719069266865446758
506 17633792601633588445
507 18597649486135303632
508 19613231122015872060
509 20683262888869109110
510 21810611169187771860
511 22998290509459096743
512 24249471143308267706
513 25567486884758914502
514 26955843419649628817
515 28418227004517579517
516 29958513603284664444
517 31580778472435250706
518 33289306227548004803
519 35088601403380255208
520 36983399543106450573
521 38978678830623011583
522 41079672304471357674
523 43291880669188799895
524 45621085745881656797
525 48073364579909387458
526 50655104250991494333
527 53373017405970905997
528 56234158563340807808
529 59245941212360005801
530 62416155760030390685
531 65752988351601296393
532 69265040622397503826
533 72961350409821335462
534 76851413488213088807
535 80945206358935113780
536 85253210163724527381
537 89786435757531390312
538 94556450014710289591
539 99575403409083822280
540 104856058948046067676
541 110411822505964255301
542 116256774643950812784
543 122405703966456668485
544 128874142109261413170
545 135678400415089848872
546 142835608399557409468
547 150363754070033167420
548 158281726209022309502
549 166609358691621969870
550 175367476958328155225
551 184577946720475226568
552 194263725030075226542
553 204448913799833163976
554 215158815916584176676
555 226419994043229786963
556 238260332264903745729
557 250709100684737580507
558 263797023138500838824
559 277556348144789371510
560 292020923274849464021
561 307226273071083179941
562 323209680714437727906
563 340010273583385523231
564 357669112922191969438
565 376229287776166448347
566 395736013430715046566
567 416236734528290240655
568 437781233120862900970
569 460421741850086725605
570 484213062535379145876
571 509212690381903473731
572 535480944113364838783
573 563081102263276022396
574 592079545956473615043
575 622545908438386622722
576 654553231713031456538
577 688178130573356823909
578 723500964416790415885
579 760606017158168101360
580 799581685667592685123
581 840520677076781260563
582 883520215419157688459
583 928682257981597095382
584 976113721874238229259
585 1025926721233805973564
586 1078238815611657820604
587 1133173270003188331336
588 1190859327118506593435
589 1251432492396080940562
590 1315034832412400472995
591 1381815287238568916478
592 1451929997454712115879
593 1525542646427070810694
594 1602824818621539893317
595 1683956374617512418228
596 1769125843664367201115
597 1858530834508865450362
598 1952378465410431669740
599 2050885814143116844359
600 2154280388982378462639
601 2262800621552539078144
602 2376696382621538274511
603 2496229521802950426998
604 2621674432348173512300
605 2753318642080789317329
606 2891463431760709773055
607 3036424482030603635368
608 3188532550346332979825
609 3348134179153532749191
610 3515592436836236902928
611 3691287692819546402043
612 3875618428487273327787
613 4069002085427376592334
614 4271875952813232241592
615 4484698095576221582329
616 4707948325337736232170
617 4942129215911938945786
618 5187767165521420904083
619 5445413507707113981988
620 5715645673264145098891
621 5999068405370335476169
622 6296315030445229107554
623 6608048787108693103145
624 6934964216001171283381
625 7277788613055257482199
626 7637283549224760466659
627 8014246459501343076264
628 8409512304490395730189
629 8823955307638524751699
630 9258490771672947741437
631 9714076977631045939986
632 10191717170354509858728
633 10692461634137724821901
634 11217409862746451627841
635 11767712827835990481694
636 12344575350356233829493
637 12949258579342689771353
638 13583082583084929383414
639 14247429057474312478373
640 14943744156961743876819
641 15673541453366253636589
642 16438405028442610364244
643 17239992705926736137682
644 18080039429486470987653
645 18960360792816726459301
646 19882856728871105179174
647 20849515365035725162809
648 21862417051850785596249
649 22923738572702460510509
650 24035757542757727059796
651 25200857005235905123329
652 26421530234014470996566
653 27700385751393658382903
654 29040152570805052790760
655 30443685674083781600839
656 31913971733945727297541
657 33454135092154195069918
658 35067444004947770666511
659 36757317167154926417748
660 38527330527577661903974
661 40381224408093356079927
662 42322910940155330339328
663 44356481832254316829264
664 46486216483214290908544
665 48716590456095551072560
666 51052284328874086649927
667 53498192937986440002926
668 56059435032316664301782
669 58741363355145382353207
670 61549575173166174694930
671 64489923271645017636793
672 67568527436487758815527
673 70791786443982198853828
674 74166390580782461685544
675 77699334716739501657238
676 81397931955102698529871
677 85269827884693284327812
678 89323015460699239773041
679 93565850540861996716307
680 98007068106011587681281
681 102655799194077289874444
682 107521588579034600358369
683 112614413226476070998274
684 117944701559984601054664
685 123523353572777687689428
686 129361761821751365343519
687 135471833341412178404362
688 141866012518027410953688
689 148557304964761669567012
690 155559302441603738671726
691 162886208864412799906873
692 170552867450657579229597
693 178574789050043155841231
694 186968181711688786786570
695 195749981540248340790440
696 204937884897073138866239
697 214550382003364061106548
698 224606792006225792137648
699 235127299569513495903561
700 246132993055605297749117
701 257645904365356020456923
702 269689050508027159185525
703 282286476974270021214775
704 295463302990097569822321
705 309245768731237502390903
706 323661284582460751773715
707 338738482528130047136495
708 354507269765782199716365
709 370998884636421330123638
710 388245954971164770789504
711 406282558955979879707074
712 425144288622639864762438
713 444868316076379812881357
714 465493462577579857473988
715 487060270597437391365244
716 509611078974926834446864
717 533190101305288132564427
718 557843507698149848898588
719 583619510046673365472489
720 610568450957535798154121
721 638742896495220328314916
722 668197732903123712071267
723 698990267468045696314281
724 731180333704322533839953
725 764830401038364366121056
726 800005689184758192717626
727 836774287410079885375671
728 875207278891719451524975
729 915378870384532760358567
730 957366527420110444063463
731 1001251115269540405778264
732 1047117045913394946323980
733 1095052431269389038821999
734 1145149242941955673914434
735 1197503478765384916555750
736 1252215336426989899288360
737 1309389394464911879091765
738 1369134800951085932499411
739 1431565470178853634696901
740 1496800287691795902116743
741 1564963324000210806840261
742 1636184057350015804001122
743 1710597605919672399003697
744 1788344969840448617928996
745 1869573283447206320101635
746 1954436078188085944153041
747 2043093556634476760916860
748 2135712878055427451410548
749 2232468456034912819740361
750 2333542268634839374844927
751 2439124181622288437940330
752 2549412285305794295304590
753 2664613245542541414143320
754 2784942669506636729245919
755 2910625486827299026123256
756 3041896346736201705211135
757 3179000031883629531496279
758 3322191889515791064649707
759 3471738280727938188343855
760 3627917048543088545794860
761 3791018005590505067133563
762 3961343442195881333951822
763 4139208655721764318055026
764 4324942502037396325367640
765 4518887970026151926708766
766 4721402780082472236654551
767 4932860007581810426024770
768 5153648732354139296842675
769 5384174715226023117096378
770 5624861102746859999247728
771 5876149161252428967376516
772 6138499041473322729202311
773 6412390574936712182754422
774 6698324103468471435294166
775 6996821343147175001836012
776 7308426284124518226828582
777 7633706127775112124901906
778 7973252262706444283503237
779 8327681281212443657501876
780 8697636037827095452505104
781 9083786751691798618662192
782 9486832154528735377063231
783 9907500686074746843891807
784 10346551738914784600246505
785 10804776954721625226412711
786 11283001573999568455868514
787 11782085841503295441622073
788 12302926469601055407165100
789 12846458161931120487802696
790 13413655199805936043818189
791 14005533093905002243656196
792 14623150303911079878719746
793 15267610028838320332297650
794 15940062070923171101684734
795 16641704776050914601087499
796 17373787053822315055383577
797 18137610480475509352595163
798 18934531488019977920433023
799 19765963643059453319286729
800 20633380018933187231409349
801 21538315664935134773211330
802 22482370176534878877862021
803 23467210370665195465968493
804 24494573070318021285018897
805 25566268002843490427233169
806 26684180816537136956892044
807 27850276220266041483186727
808 29066601251089747066772233
809 30335288675011259314088051
810 31658560526214228824687273
811 33038731790336824832066758
812 34478214237570541613339150
813 35979520411582703803874843
814 37545267780517423664100744
815 39178183056557696482322310
816 40881106690806958994650324
817 42656997550495171433223119
818 44508937785811287729330379
819 46440137893931012316354301
820 48453941988128338197764658
821 50553833280148314612515938
822 52743439784362624890890123
823 55026540252542174253469072
824 57407070348451442131382912
825 59889129071807511814334932
826 62476985441545695820864271
827 65175085448699401890792870
828 67988059289631515347966596
829 70920728890750052658644410
830 73978115736303447736590224
831 77165449011278409049168759
832 80488174071921395288700031
833 83951961256866968508580490
834 87562715052392606589523694
835 91326583625819133373079464
836 95249968741653388655150294
837 99339536075609634036489233
838 103602225942267942676690300
839 108045264452711161939209173
840 112676175119151454475808753
841 117502790924187642368076183
842 122533266873055304664116112
843 127776093047912338792595302
844 133240108183978649112249738
845 138934513788083884066545899
846 144868888821012527064213075
847 151053204965829659849159445
848 157497842505270066834123359
849 164213606832130690199440769
850 171211745617574636137443541
851 178503966663180537506856044
852 186102456463613340987197161
853 194019899507791764883120670
854 202269498347549649414980464
855 210864994463866875207628625
856 219820689961953276718629255
857 229151470127632859316076657
858 238872826878775661701611010
859 249000883146780532390498960
860 259552418224511415991315392
861 270544894118444823953933704
862 281996482944292321263657287
863 293926095406823754230183210
864 306353410406238019484449264
865 319298905815005122807638377
866 332783890470847982217839299
867 346830537433233283172474644
868 361461918552618392652338212
869 376702040403535634667461781
870 392575881634615970958409285
871 409109431790632122792737273
872 426329731663815773583408919
873 444264915233836193200491828
874 462944253258167716803497461
875 482398198576872783445032810
876 502658433198345298454991388
877 523757917235037678453528222
878 545730939760904394192791269
879 568613171664966437439433430
880 592441720578316420518644659
881 617255187954763387959743377
882 643093728388453015168332441
883 669999111254901845124530780
884 698014784765258785217404183
885 727185942526950683164271281
886 757559592707499245492850247
887 789184629901899092197300163
888 822111909807852269299900442
889 856394326817035681802341317
890 892086894634779182384259929
891 929246830044712930988580165
892 967933639939461847725313166
893 1008209211742968330564890912
894 1050137907354885366387574438
895 1093786660752332401896969133
896 1139225079389534653751747258
897 1186525549541089881807621794
898 1235763345740229814112301260
899 1287016744469068058690752276
900 1340367142263873862353345166
901 1395899178404467310121565346
902 1453700862363335161933898718
903 1513863706196586854912906227
904 1576482862065863934017546553
905 1641657265087335555594525234
906 1709489781711433117099454346
907 1780087363844533033381583045
908 1853561208931883029738106145
909 1930026926229200163937012902
910 2009604709499063232742065760
911 2092419516376975235471675523
912 2178601254661319333160809176
913 2268284975790851425864957760
914 2361611075783422146802263586
915 2458725503919757319563116596
916 2559779979466929660622125962
917 2664932216747060929598977459
918 2774346158868407475630192327
919 2888192220447716271127064386
920 3006647539665222368576870955
921 3129896240006282337469454937
922 3258129702057056664955318860
923 3391546845735233535604310574
924 3530354423351208589068811325
925 3674767323909741691181565063
926 3825008889077611967096949632
927 3981311241258502173281388740
928 4143915624233001420255498035
929 4313072756838510502002805271
930 4489043200181735224292149553
931 4672097738894621805113926006
932 4862517776963824514591066208
933 5060595748683332265579271011
934 5266635545300550353947231734
935 5480952957947139323182072796
936 5703876137468121379273907890
937 5935746071785348549012859746
938 6176917081455287485898566446
939 6427757334105354242307922236
940 6688649378458666820633794551
941 6959990698683181579767481838
942 7242194289828718163235786422
943 7535689255143430033810773942
944 7840921426090860203728505824
945 8158354005918872356797037537
946 8488468237663523923805582560
947 8831764097503351017042610107
948 9188761014413666124993386242
949 9559998617105291305627149535
950 9946037509268807700886069916
951 10347460074182820258967929839
952 10764871309784106644343476427
953 11198899695337724270551627287
954 11650198090887429732094223162
955 12119444670709961211180327740
956 12607343892042137631751824651
957 13114627500396135169387338030
958 13642055572827055709459649477
959 14190417600566754305554982394
960 14760533612490241773140775330
961 15353255340934528678911669342
962 15969467431445983134350068839
963 16610088698089792761842596727
964 17276073426015465215685856026
965 17968412723034077130696766167
966 18688135922027764186424658932
967 19436312036078288530584685859
968 20214051268271064037466824405
969 21022506578202264311141442705
970 21862875307291289745253563014
971 22736400865077372056971887140
972 23644374478759223773101212723
973 24588137008318782313657127171
974 25569080829656102138080020170
975 26588651788250640404392321413
976 27648351225956485680065105922
977 28749738083633760236020173505
978 29894431082417486692678242159
979 31084110986526850401127324152
980 32320522950624093860848657650
981 33605478954841383922679382540
982 34940860330708065518307259466
983 36328620381327824258907542507
984 37770787099277681976674950029
985 39269465985826440917760731282
986 40826842975201523471122722906
987 42445187467768049090147488358
988 44126855476124894150110592245
989 45874292888267242776894784207
990 47690038852116302857619776338
991 49576729285872202925963123567
992 51537100518808252140627595418
993 53573993067291428473057678643
994 55690355550987917776905948330
995 57889248754391367219574807353
996 60173849838998111862642551710
997 62547456711645506352993124262
998 65013492554729633598232749241
999 67575510524224504265388525987
1000 70237198621639516542870984915
