0 1
1 0
2 0
3 1
4 0
5 1
6 1
7 0
8 2
9 1
10 1
11 3
12 1
13 3
14 4
15 2
16 6
17 5
18 5
19 10
20 7
21 11
22 15
23 12
24 21
25 22
26 23
27 36
28 34
29 44
30 58
31 57
32 80
33 92
34 101
35 138
36 149
37 181
38 230
39 250
40 319
41 379
42 431
43 549
44 629
45 750
46 928
47 1060
48 1299
49 1557
50 1810
51 2227
52 2617
53 3109
54 3784
55 4427
56 5336
57 6401
58 7536
59 9120
60 10828
61 12872
62 15521
63 18364
64 21992
65 26349
66 31236
67 37513
68 44713
69 53228
70 63862
71 75949
72 90741
73 108575
74 129177
75 154603
76 184524
77 219918
78 263178
79 313701
80 374521
81 447702
82 533619
83 637699
84 761403
85 908140
86 1085401
87 1295022
88 1545839
89 1846804
90 2203162
91 2631240
92 3141826
93 3749001
94 4478044
95 5344988
96 6380241
97 7619870
98 9093989
99 10858285
100 12964858
101 15474230
102 18478155
103 22058847
104 26332515
105 31443013
106 37533077
107 44810670
108 53501860
109 63865592
110 76253683
111 91034937
112 108676262
113 129755543
114 154900529
115 184929945
116 220790480
117 263576791
118 314685488
119 375691009
120 448506736
121 535475968
122 639267800
123 763192224
124 911166977
125 1087774536
126 1298668192
127 1550434777
128 1850966760
129 2209835169
130 2638209313
131 3149634952
132 3760269946
133 4489176073
134 5359470121
135 6398479259
136 7638811025
137 9119740067
138 10887655332
139 12998281146
140 15518219326
141 18526466357
142 22118021213
143 26405874658
144 31524747503
145 37636240539
146 44932341015
147 53642768716
148 64042115197
149 76457088518
150 91279009255
151 108974456212
152 130099857234
153 155321124452
154 185431544730
155 221378866489
156 264295580664
157 315531401964
158 376699990941
159 449727125394
160 536910268453
161 640995571605
162 765258527358
163 913610259394
164 1090722696999
165 1302168795811
166 1554605830999
167 1855981224357
168 2215779055205
169 2645328527998
170 3158150020168
171 3770384886204
172 4501309752355
173 5373929075373
174 6415713414202
175 7659459772523
176 9144313961577
177 10917023166557
178 13033388847896
179 15560027375779
180 18576482939080
181 22177702809473
182 26477050542336
183 31609871786976
184 37737730185252
185 45053533481416
186 53787574596449
187 64214780727588
188 76663405268392
189 91525304781701
190 109268314209004
191 130450979864841
192 155740085509289
193 185931719477396
194 221976284646542
195 265008399718293
196 316382699342237
197 377716370155831
198 450940119195689
199 538358983988779
200 642724769874124
201 767322818537926
202 916075354144610
203 1093664889069813
204 1305681802526705
205 1558800124018734
206 1860987707607739
207 2221757156671315
208 2652465013088547
209 3166669510134444
210 3780557280690049
211 4513452720696286
212 5388426666805759
213 6433022293778596
214 7680122230830730
215 9168983947495808
216 10946475014474882
217 13068548897636489
218 15602006241274404
219 18626597245305612
220 22237532845132297
221 26548481255749286
222 31695146142942101
223 37839539086406701
224 45175078501054898
225 53932678988074398
226 64388020342155987
227 76870224643996999
228 91772218074481099
229 109563098843210885
230 130802903632071397
231 156160238416637086
232 186433323487207884
233 222575121706552496
234 265723337259847971
235 317236227119279281
236 378735360123189582
237 452156660747055855
238 539811348825831777
239 644458697383037553
240 769392887866335136
241 918546708949021359
242 1096615358130093408
243 1309204236692166913
244 1563005406332058912
245 1866008245996428544
246 2227750945641188272
247 2659620764462152320
248 3175212482688595457
249 3790756351973247184
250 4525629010458580864
251 5402963428329783729
252 6450377116435399504
253 7700841493147176321
254 9193719780303030913
255 10976006126893980368
256 13103804921476960050
257 15644096896738430417
258 18676847620041156689
259 22297524701779990963
260 26620103023632410785
261 31780652541518116739
262 37941621598518421380
263 45296950643673567474
264 54078177243298107702
265 64561724622150832165
266 77077603185191684213
267 92019798841816529082
268 109858675265824399639
269 131155780428489791915
270 156581523463967361247
271 186936278451016083852
272 223175579270306320997
273 266440198729791760886
274 318092058879505875767
275 379757102734273682244
276 453376477180807844738
277 541267638149812196764
278 646197301464065443130
279 771468536060313720505
280 921024740884085879008
281 1099573778644873287868
282 1312736174210125917269
283 1567222042348151322138
284 1871042314705187008373
285 2233760915094211796277
286 2666795820993024610006
287 3183778488915312925642
288 3800982957442363118415
289 4537838135698211618379
290 5417539404009524721919
291 6467778778435387728421
292 7721616624613524544021
293 9218522361451887840334
294 11005616914133599346800
295 13139156028623049265940
296 15686301139887275568755
297 18727233538747123890821
298 22357678390074937106274
299 26691918054020874915555
300 31866389567370173156761
301 38043979529962212675029
302 45419151592767998806376
303 54224067957445110263035
304 64735897583983087590584
305 77285541160138171963137
306 92268047487407322938064
307 110155049176751086396960
308 131509609117583282226172
309 157003945071390410528648
310 187440590336889258360097
311 223777656604990605164236
312 267158994248141496925608
313 318950199454472540586269
314 380781601676381015692884
315 454599584585030755285705
316 542727856059463145750505
317 647940595924522512618492
318 773549784039503295871974
319 923509457735844161443389
320 1102540180509553267904197
321 1316277640098966441622479
322 1571450053660366674061881
323 1876089964549056563776171
324 2239787097834810603065868
325 2673990234169919941966078
326 3192367604648023005398650
327 3811237151495177277127749
328 4550080198718976505742249
329 5432154702482833608464518
330 6485227385665097219093827
331 7742447803366999511140899
332 9243391853978010885592267
333 11035307584384073724836076
334 13174602505849833119605417
335 15728619239643108104686094
336 18777755387751073235976975
337 22417994359827844005197684
338 26763926824027181829522170
339 31952357893600906355582392
340 38146613599470952109883778
341 45541682211778255065499145
342 54370352253428750360780076
343 64910540423498133939405948
344 77494040105379161421081537
345 92516965852899702470663854
346 110452222635276389004905093
347 131864392358807911781861613
348 157427506276397836410069802
349 187946262740655550425986630
350 224381358211707614252525467
351 267879728911674225414974895
352 319810655099463462207848243
353 381808864488105450662595269
354 455825991652329775840961525
355 544192013311171076460373710
356 649688593399779676077570164
357 775636646751793238048809768
358 926000877799276527122968979
359 1105514585052109451918531689
360 1319828660062964314509183478
361 1575689471199056203200539143
362 1881151231803902689967341457
363 2245829537862240841632152457
364 2681204056251165655119070832
365 3200979891866867004476524935
366 3821519009061297044832691600
367 4562355288055068345086412289
368 5446809429729107846108677392
369 6502723065312462699951762432
370 7763335179921935349562937224
371 9268328438790404890941368992
372 11065078353367531045038174721
373 13210144609651043195671614616
374 15771051504102867590893131424
375 18828413533289466394601111945
376 22478473048441448086612983608
377 26836129857470398635931306145
378 32038558142940509590272726561
379 38249524552544315677506115032
380 45664543390759865030532418090
381 54517031191381957676885710169
382 65085654410014714313437421177
383 77703101533700374620805144651
384 92766555743926273354391825201
385 110750197800774579343969839267
386 132220132725082332297690854820
387 157852210153940987667829246378
388 188453299334474953964774983918
389 224986688469008605652082680021
390 268602407954715567011799085645
391 320673432059557286262465838738
392 382838898622949593319911926399
393 457055707289190520976574069563
394 545660120528565891914548518759
395 651441306577665160331711012044
396 777729139348747807239039908301
397 928499019151515485234460445158
398 1108497013866855681308285081607
399 1323389259877313699153588427060
400 1579940325729180645566171457202
401 1886226153215603488547324989908
402 2251888279028829184388048872218
403 2688437339596036326874456538809
404 3209615413092917187700913416968
405 3831828604758009829954220329420
406 4574663492811639815421781528717
407 5461503692121746372088962289186
408 6520265944354046156828676868229
409 7784278905904557003122694945685
410 9293332296879756202043182618606
411 11094929437165685972250458396946
412 13245782598026303375211657234871
413 15813598241233802358871859486835
414 18879208343070242975373153342631
415 22539114894906059577254839853477
416 26908527678399488331122317883781
417 32124990941096546350584810577502
418 38352713136139861936126699340312
419 45787736021469731306495471226412
420 54664105836002605927839650430979
421 65261240814539350267249017224093
422 77912726962566277657080281803914
423 93016818972142467863966349771291
424 111048976836009081573744488450505
425 132576832798568883584919932234893
426 158278059786681818131215366995384
427 188961703798575359230824770254419
428 225593651770711351448886282006184
429 269327036622690899704959855445889
430 321538536597144242815744702489312
431 383871711557393169580101649001568
432 458288740421266258935784625700308
433 547132188367855594264630984495496
434 653198748180084069285061504447457
435 779827277018410501751529328189620
436 931003899925248763844732633497064
437 1111487488601350328220846130147765
438 1326959465386266096016160312685116
439 1584202648105332833129794137944521
440 1891314765619760829972375458337385
441 2257963365311514859860892946182180
442 2695690136706683161350640268092286
443 3218274231006026925988535771022501
444 3842166013416847692990687084126701
445 4587004902326443991323015726429671
446 5476237596317541785849428717204681
447 6537856150123530854341327352218987
448 7805279133332470917311551497452172
449 9318403609734389478840115801331382
450 11124861052449974845664343078648658
451 13281516729650012703160980214656853
452 15856259759857920333181443153550369
453 18930140185782445762975894576100830
454 22599920339384402182001096015988235
455 26981120812307895178845786232199027
456 32211656915432458466136874790757683
457 38456180099242322515182539169538604
458 45911260998090340941821680808299857
459 54811577254816860648137970806745918
460 65437300911550217694028325401737631
461 78122917913522799407958555599057540
462 93267757354059183163320509976284522
463 111348561909640558635850006210037488
464 132934495168339660056096526405803458
465 158705058265609400857348835378022153
466 189471479823163358043808561809095028
467 226202252522398843219417036382087980
468 270053620175249959493198841588059641
469 322405974991503018099905088214898486
470 384907310788008244076765871760110133
471 459525099998413317537007403397154669
472 548608227513901861319322124596986466
473 654960930963258203569964713348169774
474 781931074989916335636912491612053155
475 933515538301910105396087996357096599
476 1114486030961671521106972116745324443
477 1330539302503818196956234616209039621
478 1588476469265168308966052709705266373
479 1896417105951587856743884608357377598
480 2264054840805728302352322612566136220
481 2702962500226839830073024826450590816
482 3226956408455406053700119224566417219
483 3852531310070896611318375322271402593
484 4599379606178427686816909434807968414
485 5491011249261134356052441837132553439
486 6555493810297736441391400148721993409
487 7826336014633833740517028659374385633
488 9343542559332030967370817159403956032
489 11154873416476164128208309583529961823
490 13317347263894968096569470496506939072
491 15899036369629767408762217308125949441
492 18981209431109997868725338242904347456
493 22660889823226999063940287655910895104
494 27053909786105931536970526891655911264
495 32298556695004965965294808739411286528
496 38559926192856766472702504964036844545
497 46035119217215929405695865134560258720
498 54959446518231965029235096395322181632
499 65613835978962698009673031855692755809
500 78333675912220895370990673873971545248
501 93519372711088731501937601359359026177
502 111648955196178627415368896990253014529
503 133293122430452860400225770269293726880
504 159133208690051429511610633215051781986
505 189982631108399522786359570864224559777
506 226812495141541591902163371628652753057
507 270782163886230056926979530205304796515
508 323275753538852383186585341133518286657
509 385945703831593021413774004843704535043
510 460764794994629579713339101069529356292
511 550088248680393975088748712762171039714
512 656727867717823078340753535049009331558
513 784040548533481962899924442203047642949
514 936033952511986996502522717605875574757
515 1117492662712452658054092636118538687850
516 1334128797213875937988673154965218682663
517 1592761820229810074843276252654884906315
518 1901533211245934620954017078321586330799
519 2270162749725862934491195872571094257420
520 2710254482942262732897368888773423594165
521 3235662008459810558942690233286805013462
522 3862924569955673009334472125225979163735
523 4611787694188197353851385967095009924964
524 5505824758185673493433886105857899270882
525 6573179052897935742231841013999402757900
526 7847449702648007912794076200381814938426
527 9368749328141346502768358231083878434617
528 11184966747086133096083226981094412682864
529 13353274460833681406227962306239714209308
530 15941928381039282245000199245083281192517
531 19032416449734141008877303181476227621290
532 22722023788975027908996320537323592643925
533 27126895128125415341083426226177693875381
534 32385690910567822415105265487715941830598
535 38663952170014310153996519782406873836442
536 46159311577859556349960729407653921496671
537 55107714699542850324101586025039534474523
538 65790847298139725495079946008584567711823
539 78545002488427378765065994895369863327269
540 93771666869557160478098105807446408310965
541 111950158875999281845040675416238489208494
542 133652717187970229089167580920409397801792
543 159562514167696885973178051816030976022788
544 190495161364426660610106670311608352535763
545 227424384057527389567265686727855806112757
546 271512673043696167818218727232269465231282
547 324147878552396889699274251232017750337555
548 386986898225224275540443738543886782135545
549 462007834408122828428325397543877817767045
550 551572262609924279266539937959873556450312
551 658499571268920443358662465776156247366827
552 786155712960519718127599648775895568104600
553 938559160835148554806983676503760338585857
554 1120507405677043271786987863320034065133872
555 1337727975570443997394139586735769124554912
556 1597058732104068998165646142279916585952684
557 1906663118637562989914587512095929633238472
558 2276287136405592552201123263239529463140769
559 2717566137781112269952634005599950651086556
560 3244391094208006987308727098831698757793384
561 3873345868509661550366769405519446049093453
562 4624229256418675259867221517695880284325028
563 5520678230613599539509850362071228220934153
564 6590912006290773820319403411119396700180009
565 7868620350626682247175948616527579042118412
566 9394024099123261089876619767590674270027606
567 11215141262709449080186624928815276984505037
568 13389298581240281786685798978598807263052565
569 15984936105414034910196023178710070970207615
570 19083761613336131327362573545342856026623449
571 22783322680363542876562418746189481533080171
572 27200077368123483990382648107525347954712652
573 32473060194576413114048372523941663289676014
574 38768258785777577786758441924899552503287786
575 46283838981459615317745221652868203981336101
576 55256382874939955990610791270131144822756185
577 65968336153901061777141090032424900458000438
578 78756899176036028431793594176809867271012115
579 94024641660717533777369233195030697326043971
580 112252175135360677094886311685293104439336539
581 134013282050975984422404385446941012093768300
582 159992977814618595554510323227455597784044409
583 191009074311396705526679905862102971710348654
584 228037923711693518199773618641971709419812271
585 272245152949979272649396634912748702223380948
586 325022356362372689949084291309043983804116954
587 388030901526312113754283941869427307203856680
588 463254227261375978176076540774851673933729602
589 553060280074066208148857909951015693223929225
590 660276054476291386403680576782176009427237628
591 788276583623748668125160832083895657737846556
592 941091181600378321903141851820443000427785905
593 1123530281737667364579757117557027683360967230
594 1341336863697814876274018742034911350961775781
595 1601367236076669708306822428602619009855023533
596 1911806865361416032704917949640923341098813786
597 2282428045298193198177160593855354351389561686
598 2724897517814337072886579546159646693215990763
599 3253143729059230908978936691675834692060589567
600 3883795281374862906483983022457973361244585219
601 4636704383175753105591497495800570034314804549
602 5535571774357424107156097285531189043450151253
603 6608692799189199979370562568617620054460575982
604 7889848112234984014570434187476404726375394116
605 9419367055732287013640080307989162404694736472
606 11245397182364953084962060064418190088775380531
607 13425419886592408121726531473007593769825545369
608 16028059854921486993010642876606782459155312454
609 19135245294599937099532494251894594815150774647
610 22844786942324695135366611780996756174520281841
611 27273457037286440077972702941024972547930692985
612 32560665181192345221259025724902188584976320016
613 38872846797246182128377254657603538633675594295
614 46408702331886377177505197192919567363081467632
615 55405452123517040356625637505898944759496601857
616 66146303834532622206349957598628511181606287280
617 78969367513078722398764222917821755948057787648
618 94278298920763222485002892163502483393172196152
619 112555006166418999383855154791548078544687754912
620 134374819636595762755389860423720700707554389505
621 160424602755295844691352849762130994574778483432
622 191524373679497721782619377709369834492745542560
623 228653118557358985240392752587223184100726585657
624 272979608921714844075208004553679073119466238344
625 325899193316093484538009238133090535200299932065
626 389077721312654829931745602349354178675505069089
627 464503982601212565857827382263048907612211780904
628 554552311873452469778401990720313719301026517722
629 662057330234369674006953606903033251794971307433
630 790403175917306050395836620396139442812511712969
631 943630033186107299710147593069667897976531586811
632 1126561312835582239864780989166082159407183088337
633 1344955487790758520174238611116453162113538230691
634 1605687363420476973717101199972701149771502894244
635 1916964488752888290260617609562221602219694801306
636 2288585520976865819884386204186121060090069817502
637 2732248676256059213581882189138783309178685982581
638 3261919976543646810434856220678674764333233031997
639 3894272884397342793601487404158822209861572711746
640 4649213165008947503842499798701004911398380783887
641 5550505497520512630319242424864795824423302849499
642 6626521560653402007183369593297605519040258694327
643 7911133141552594314277356019379679675731613815884
644 9444778381917855423920729829023618034284875561245
645 11275734725662349511025869391998610430438639478214
646 13461638639073106944596598444244475500154916665383
647 16071299942571257431104099422321223553325134255572
648 19186867867214943825303225411378290106170253294098
649 22906417020990962368517328273268093534439792226628
650 27347034668233606942129968814319833983763773733786
651 32648506506288050769899823855622765606325169959481
652 38977716963562219799621427695589317087764926482200
653 46533902535448550767433194225698124089934027027884
654 55554923527279013138417152128890859140764962186109
655 66324751631795826741751396509909151071528700215986
656 79182409041736601537333018081320889696259196987365
657 94532640490841232938038579824480176228529888668309
658 112858654167244377509184590735607275161462727243870
659 134737332569015614675750170210211748837024159173474
660 160857392122637059679789976334389327300058588884295
661 192041063208980979046517608816928164857721924231235
662 229269973059856847613788750034691925065554047841783
663 273716046289881437188974567069996602461521316128165
664 326778395777996593722267779027139913694746083404709
665 390127365182493907293578726369081252365612636726078
666 465757109498862416235492175886924767319243240359400
667 556048368837853441336056529061831838760300131246492
668 663843411472375344482553293439077854827133952854243
669 792535505276859009957759954914064681013989323764109
670 946175734020347348629635255430913091125912767972570
671 1129600520971237760718045469326002622146377193213643
672 1348583874114712451293816483975896519774289455010601
673 1610019145492722693112188548869990945953046720826813
674 1922136026248096770675805424240067303160366516977752
675 2294759608135059799923451739406809610900202222983171
676 2739619666463960453830234018195993568099423914040456
677 3270719900362809221969621908215963822934655971988353
678 3904778753627782493035640288276800556853248943809984
679 4661755692712057224506039442436060871259790431018208
680 5565479508497869021893073647622773433834858194971524
681 6644398420091742946865874306472794124952672857850440
682 7932475593074866446475661350652024694194446403006561
683 9470258262125651514928713935899573990688107138781508
684 11306154112803800171371913748908854996212463288868648
685 13497955101572735468368734998274798128029304597978085
686 16114656682217394461794588242372368115640779996631948
687 19238629705878666617847575099560879690406909691875209
688 22968213363698386983297448934174372118717411736759593
689 27420810795021194633166501991281223111853243285500596
690 32736584807451402086216310097835677818436214289853294
691 39082870045915781445092037176546740234358191733391541
692 46659440500899861251014077090842102802260152977375805
693 55704798171149789069513759032010049937153626026612887
694 66503680840936976078258539167827963346211435018892137
695 79396025308351263337230387188677780620696367267229099
696 94787668217065570514605796208556790171511817760004428
697 113163121341836837329272616258670066148471587996267942
698 135100823479501052406744146220687830557849993293841986
699 161291349058002546592864335376384753517723252778896565
700 192559146650188100666503003447347846769167955263497041
701 229888491696566622921349942429244620729361811053846414
702 274454470399839383922136951635054819666194840775164507
703 327659970129689153073247149668035677327017948557339027
704 391179840754569169514214277805629374247085063832742979
705 467013617050027484588639955082402666435362796038661548
706 557548461826255775994597092097280298056379759611185441
707 665634311154408553436351229440684193913279904607907486
708 794673587179716637661887104750438343762380744596000575
709 948728302580824945508811369902909672303464823443928420
710 1132647928204436038024991184523086860348642700646569034
711 1352222049005972413656484196847718641818760504207186016
712 1614362613735233498945162599343593866216744728051835906
713 1927321515384152675686878289273525204111023445242569609
714 2300950351586797359165295566750628314122225327651114436
715 2747010541939669536970153783866680726565387428698404940
716 3279543564390125089343362486121243845929783949449755625
717 3915312965322030858110458166094222180338970055702950342
718 4674332057323822212657032073140205930676410873940974549
719 5580493915976922448508658052871872160052009277100870061
720 6662323507261700395080611949960902906904357484401355282
721 7953875621713947302000394559261449776606194823390730174
722 9495806881298953306619116218966094340390979332803820403
723 11336655564585522607737644023101108837580768358342329831
724 13534369537690869750509052612133321936658204100491600235
725 16158130388560653701699728168926997247295336817205175685
726 19290531186299469909738038582362558614186963181733060005
727 23030176418989823057128168831099416277049183433295420638
728 27494785953146176309437372192028106084876105175547505516
729 32824900723990339660247091194495880550845167282224660240
730 39188306807550476758827897000026413524344520250500596323
731 46785317139445646219175410774390664699063068357280565521
732 55855077142980162717375260025595296827894350715520080878
733 66683092760696653068265269192054519609220625426048101839
734 79610217863435985879422501968886545249908235639505225761
735 95043383950530639476203157025621710352238870966020677201
736 113468409900142299287440679966445184308283693783328667360
737 135465295006416148596797761994481842077802586355025306639
738 161726476711227292544468426217676229961459496392068779040
739 193078627763578285166863181935331729558191929422833893121
740 230508678956946788073000919020103552430041457321045983840
741 275194886611369591831909106184121414269743190175397446400
742 328543922769994433763660943929813571635994515777859199760
743 392235155668174080617469345237779782391500953713114762880
744 468273514374947876998772288119453143827935119598231339521
745 559052601726941221836661862949917124066035973098905183600
746 667430042279543672449378451421901196661244143888512209280
747 796817437144942310762433232049266715463929635376090539281
748 951287757395115302454131208187696906457536926812019946480
749 1135703556654491549448150739541354340489179263486743548801
750 1355870038871883532599095094999183839529965608474995722881
751 1618717799674658974903509659609598103118781070700532155760
752 1932520993799433860210583971590621055953108898862834088082
753 2307157796266998835053226303186880745987502535287015669361
754 2754421356329150524351660399150952443607960334187275704561
755 3288391032671317392809679066589804895483074507337829810963
756 3925875595941657809956735962796478849106283605987547825121
757 4686942350128584384562244370741573499561069233050109792643
758 5595548828938316227862905369776685641470577042624845480324
759 6680296952270808334308396361947431292714243940174823529682
760 7975333382799901777371923437331378395044143740387939603606
761 9521424424879974037819641332573164490576860648612393305445
762 11367239302399392718870640732689004792275313173224933322325
763 13570882211738218005234828807108064036514720783012785083930
764 16201721377150782372128037694520595783291104588787216835127
765 19342572685199294496242564170020383187319456913612872925931
766 23092306636618192043054470139681228527091581431625178389375
767 27568960679550175090998678427209600575566417762012150157452
768 32913454896937512501477392977128447223834177696625658009861
769 39294028013768974415182507834201824310382686020412395224502
770 46911533364749469587241242597229983762885874675625023083383
771 56005761533555704544531863116809675750925759128250836399236
772 66862988693319149506181186261411424885949103782424545381954
773 79824988261686982088718635574358430986720052372250681093244
774 95299789547324678959714370951011500061308445148663231623738
775 113774522058068619093422428858641408648834978458049568465337
776 135830749795242686633250498691168106737645811500501517492480
777 162162778240643828465895557212422924947257548931087777005692
778 193599510319755601182141064432999839635555030830300249558581
779 231130539342567365592964869642179606798954256649164749116218
780 275937300298712447559317986071064333596092527389137345471029
781 329430260114998287815391563124167946373200842330801767051061
782 393293317583211194058860426854602531746211805580252526121910
783 469536810618468048741459050504064173231647558219437595029610
784 560560799457565653408356432766347553172155098979966516167279
785 669230617881923641618178412925666865342304332969389871592939
786 798967070733466336556850613628232119604848400550239362080671
787 953854117040776847467216859620950084918366904560219042289189
788 1138767428500391690359637463429731038573951891188827466622549
789 1359527870191031989965207046394579672777003499530205878247950
790 1623084734922700489085395272546616950260671237529608913882128
791 1937734499233858026916488077057963158178800291739066828703220
792 2313381987231808837432423906015529757695370404090424920537139
793 2761852163423092179445032735976347988834623128718436380504677
794 3297262369424890016881695123452542830955803791269272706951170
795 3936466722154509326517819178562146707956041641620033834419267
796 4699586662656950206361520813034311147013423420457503209207897
797 5610644356656698854314119029468072588651174195359697627488309
798 6698318885577601505962851914538494696790664770338470214923944
799 7996849032081840223243215936486853977969227211726775916159067
800 9547111078811208180831938208030219296607215836979731461907576
801 11397905548234551712324372727572805843804088190795973424131841
802 13607493388738539077557334965954926566620401407086473543647376
803 16245429964388809686794790122568713993397880607318201676831520
804 19394754580316391935567588664059659821773315402522749340290908
805 23154604467549747258389273173985145863227617244066205005554952
806 27643335512623361399119162850141519837201968798114175100963361
807 33002247969054931013124923630014586388393716809609222883938284
808 39400034431938556945184063296553859856625497851384406682386472
809 47038090092939753334686751514201179658975284200636924441254269
810 56156852436604678271514196803999732251621334053675427889493236
811 67043369944561918344303226146695379693827466649498581783349833
812 80040338061994684347811675144215766047369001010246147325192553
813 95556886868543235216698260100553592108246831905059834571879708
814 114081460037501671678989977660896559352802750850135506224604102
815 136197190498599362619325871948215498298990335063921575214685789
816 162600256813105153561001486247248971802074298554558416355229541
817 194121798099496356026801652805112325400171751860381653549796655
818 231754077367142597836024132048769090407237166968981409786565497
819 276681716850606825239991463908145531154877049404693922579833643
820 330318988598095718646127524753327823699162086924303228764482444
821 394354334180247751397025618296018062209311465523539826141795038
822 470803514950103181266793116713257856555048801265075576129630298
823 562073065965238316482151656802096914106399253893284638551047941
824 671036051030854576637017082204163593364188514928233748721628681
825 801122503548198899912920641466585680254210888189378804894112742
826 956427400145486067879177275098114976315710719416824464692842979
827 1141839565980957757903810198917421449919237316193309324851258979
828 1363195569513437216395072298268682594360610142082663443445160683
829 1627463451176340644516194357302278569679899234345058213414471660
830 1942962069529156657816730840384007130173448204382688129745371721
831 2319622969658923284274249573366797570676320861499487908138003662
832 2769303017157298402420004556219700019599136550538367538265730639
833 3306157639042593874211803138652689724534058346465351573190532404
834 3947086420835263928790443930669076140356220095844546121552475322
835 4712265086686455060236735396603707149772584754921055668011102360
836 5625780608701517158486052712019487295210379207964839481328536066
837 6716389437992562331210448486888776159955356646382913659818205961
838 8018422725729048934448538535256396874306643101386407241201634764
839 9572867029536781087276496642688563435566599303809385602881011388
840 11428654524679017391447183883492483309727941401303969327829308321
841 13644203334430566092934591247275884169517022309351246722530170830
842 16289256467529343418486945129577339595521955950192299262699217349
843 19447077250408066325895722418748880184034584502690376569030943085
844 23217070363967347180211087889964447605083621613160632325411182218
845 27717910992208360809934129013069822905249897351496268590528525670
846 33091280584838632418830313666024764353551606812041623291561113915
847 39506326831496690598698033019541787200605577563352931588110399567
848 47164988242616427135829851431818703089284481854186645159559468755
849 56308350948805979599041401555989211958635228425202255616972296133
850 67224237823705051408632162032611610105855474914849200178638925237
851 80256268827455059554660165097843467442836088666228268451120582670
852 95814677780302670197739434575530999159240805988555187205082695700
853 114389226066321478544462013464430313195139956769035845338198393992
854 136564619776261039153701566653832679401471317091430524068092878803
855 163038915604007721606371596608142609265096280903404387383721620937
856 194645494893776538099122178562273780637976045435264113789318976662
857 232379297556563709351441001229363678560712123079985711273175574503
858 277428141670329200150833610072572922460236237672440232721920014929
859 331210114670037577252823745216106460039447362526694637857411855465
860 395418213160571430957812597837506287825808403983390098656897195440
861 472073636564105738249955788634846703098212283107704346511238991591
862 563589412226601286604264746445470138600159485606680349130587429968
863 672846354830900631108646207910079210286044641655830331378817210369
864 803283751234143315502779533850953163137659645634398984368650847056
865 959007625387172717562077344282976426425967889590070447787484625408
866 1144919991395006369358601996544925913384256924763534677890056201960
867 1366873163460744602107044280296423301737819131241079333499238277024
868 1631853980218073348670723552193055636712012531245900779166301835777
869 1948203742629149684861381530395879076521916570397933662258707049016
870 2325880788847917319669121624579399728163787020831149781286722902432
871 2776773971613079718029325548737981550096269456009435457056358037737
872 3315076906089894286968425810692302378259735701639012995757945326040
873 3957734769065990668339845176772455364875799552077050560453024738209
874 4724977714242229402890707079133860626618186026407369119315065086753
875 5640957694937811606637547435271702106423522722470162777044668228472
876 6734508740679070386369170725510436914972069008086486017509382775946
877 8040054620332123689859132889826163004877921728046382115073010412793
878 9598692464003802274977392612044157471299322274547213337497692966681
879 11459486454921299789259877804644297541590255034493855136824447862699
880 13681012315269935296496680325097865111301444450516544892117678641265
881 16333201204682872661346563337554594386271391282633699355007075742627
882 19499541075253423479119010694470460546468176762540237251897458275492
883 23279704779273737571474072937142022582600766725063758229615371607946
884 27792687659604172450606441142198891927861646317127554491831523605326
885 33180553390523358775615691019568325657769621213056782144015136916757
886 39612905983956610232820636274696616968872158007697457584622447350573
887 47292228734857595929725451836669352474329823079667791743728981880818
888 56460258169797096347089763956710348240370387938120540373630508524703
889 67405593643560782683427077416895508896733804324825012076453970955899
890 80472782125380954705341142856237678132099444292724573887744118797575
891 96073164153753706579910400231406965209242545945817997958252955875276
892 114697822378418378613152529253564861371063627404492803820182952836717
893 136933040295178051052430906812948026372469832230845114261374627322278
894 163478757797314489263337477648302474105976350270643010034706926831175
895 195170604503799333318493672109802539503163071697217377707927071634292
896 233006204448931757632341307044354991581712378176663112219627583197554
897 278176580175732867876490006901867335477039977675135813854889879667892
898 332103644798977384370924578922750565875632903928062491969301698956570
899 396484962246246246895678784692657465687688728447306122254334510028729
900 473347184679532201194983679011669874980203049372353191562816951302184
901 565109849247909142003265885967105557457345282104725604188929282154124
902 674661542421979114772168791594524801164728706122441936109224389696621
903 805450829478509585565908257934420440855835953300415683532118650258754
904 961594811494155388898944670659763023145034010552031726443263792182853
905 1148008727101511315967152470606194676144931755494795127672041340998805
906 1370560678726418727569174143901525998313181235405141287721047932412878
907 1636256353916134503671113462254287824309762716674473662552488181879474
908 1953459556580020901533060728540615117000767708795210811204159991257559
909 2332155490220574116468118814561289021458215245957173014164311724595731
910 2784265081017645819638265932860482500454694472169268790224529522878279
911 3324020235306439629102234872442141115313948944200352098925207923670437
912 3968411844136708620139232276815576845767977962631646676716799906475205
913 4737724637597666721171326661401097617455462180964479601428689514135838
914 5656175725527013745570353687003430136772164190157525113089519648266168
915 6752676925154354439777498209676059346222672434800915466941329429353484
916 8061744872904106350273561533843238732769411125164831700353897437806275
917 9624587569663722365709585963819006982540142152789171789806319554741373
918 11490401562752021160948824871077156963678134615765395068370018943489322
919 13717920598431120095843915220846668869541575315322356813443417086072443
920 16377264494818076805487084173495066328762814587590087256747648984094857
921 19552146435656127511222386404920395696447545740930226768723916381295597
922 23342508168094842461553501184665675852081717468111528603249736640813816
923 27867666057570097966435909044572223292440949203355482325117667927584179
924 33270067034087247607066301625767064565989121056252583582167333467368040
925 39719772662912919267040585358160742180844532055701615859997385624908673
926 47419812493226225477658295449492618988888494944285709093841584308879776
927 56612575202182090068619802810432740418070838524364112185417070108181856
928 67587438720483017233476494402732965473285481259057098185115053552492852
929 80689879527313473084724597075259683554877616000538292676008917776247816
930 96332347865095009335660388168593482598915370580065728045414455733090529
931 115007251213709242711134789852225584462173976203342807278956637861372628
932 137302454729495563153344399885692423972948454524902404861425987884429672
933 163919786585578026569136882571326448072200851839122826230529509285583381
934 195697130741022715795859386927485268017051592203881099954965555637620444
935 233634802594590572489004788054285906571863825104968132906840443617520201
936 278927037799287269280271672423552032534374828042465633509486147146956009
937 332999585470518278949203786813177691990000046728783504816391543522050116
938 397554589180168599058141670625612354644064676944090959137369952903103582
939 474624168540309985076131059351037300551426420246346733464451702784576453
940 566634388065108851438208574867463598561863871833751637723231987139570317
941 676481626979455868338413343049164387178439504986556592646856100050059591
942 807623754010828264025334846164214992541426466975130238280843246306626569
943 964188977245277450496350245493075953205928548777842596860601940042673899
944 1151105795519765853414544402400201687729865925232903326111307802834636044
945 1374258142075937115463543421031678591103290338808881876004075233446196886
946 1640670604224733318834763588542240340384368053764399189507458040092733490
947 1958729549530594117439879248564416680271292392208033564392151049141262613
948 2338447119321214565959893666524754544309218887586724472864677173488870785
949 2791776399744499172249307990942442028114233978997302515618765842927369534
950 3332987691606531232903422669596095271374582731016915440396226282587459499
951 3979117723545947884794657255066994884693586941351123662372135213581604275
952 4750505949275093289689187239506858708385526371205336080010916892068632147
953 5671434810927745798863316336120849815683801618603639913260903456076330284
954 6770894123290447057043965246009436912807820920348426177990901056508973809
955 8083493640881624522592609909102953979760109102222251520407143174656091646
956 9650552534473693683657973591187844700377388559954763575633038669657934559
957 11521400072565540346733152485516295621193347291553762258001817948577605956
958 13754928451809370321455926245223803795443910720825891433668046630732421930
959 16421446657764140740701938837197281613185209480303189753623939726166908368
960 19604893713447164869325762394619249600953456393776013778408961123233697602
961 23405480986283064005113899836411648495821299280780655009301085300390356489
962 27942846730329681087435091322713577234378556771856952011625757674744514324
963 33359822165256535190781688639843053396397367114601905212077007753966119532
964 39826927644047204745815838673608930109006508761083844762925025026557264857
965 47547740443776845956760853717332826835332013165632965790034718797978211926
966 56765303151539599195895588476254701892218666395382560221378093054356476021
967 67769774374376885833250929996322507343385065532940796774550782701301779181
968 80907562609033381147542542357175880231729380280234871002111726551944331458
969 96592230795586803941711427149863632001225175156466404984303118080913740878
970 115317514818153731790011783713655334178717078698573762564585501499279991107
971 137672865760572980343438130833430582123948046675617431223489819606300807479
972 164362005169963689774962357146186139344610240689407201758853900782215520059
973 196225077427187112937554326070831214410446458978808633566697228051224322565
974 234265096556159784285149557983294214125173221832083836207792937687214548357
975 279679519988117421564974140859841473523327319387980964323439402281495511166
976 333897943187760093280992456904261796534394505654426064790187047657525130044
977 398627101726123474060111915129480353469783462521491037966646838469430068416
978 475904597415304534502528466930672687933773778366789597890136630332719833731
979 568163039743919877566142014887556010659567727486509900997979985344739678401
980 678306621714240895625086055989321826993110781909472002290086240750925579582
981 809802540603064627783520923834934484468168284021215662680323677990244963775
982 966790141470043351626253930017036364129351190008000938964626823814169746817
983 1154211219129545430127614522919994514926884560276261600180222871083645413313
984 1377965580346984505349662938722490495127736011507725563678303663334984642176
985 1645096763184284247251339986006358191122461971917472941254713064565095326399
986 1964013759732610057911135446754928999395052844297477262860546549073890377088
987 2344755721817027856975916868739526859257087201515726502642930487149154388993
988 2799307982313829677378954508926352706049346532193734541434935935648740739712
989 3341979340079594563260798385477419494522788855805202826538850212408875019264
990 3989852485001312104227256854745885050379549173433199443897643551714249715392
991 4763321742046439735290089955681281705444399376491211804295482484722631116800
992 5686735061896622420236715254216946353779876057320929329181780699558029408257
993 6789160467315141781606211363672237756428895705626933985332579487362990455104
994 8105301082126034298550888341158701199967188232296414630834332697131506136064
995 9676587546897934524463972108962831404159425230754128773079424251272279123649
996 11552482209361581516896301319353519461873295082118145789628061972085621571904
997 13792036144022656718787603595375647553747064289617343960016113396689535544321
998 16465748014213076306070183472635069160588320936381062758412003738635269578753
999 19657783291487615815447189660512220661840483314414560420462394669217127707968
1000 23468623690920591243251575704338478957906489520371472733095537647961814667970
