0 0
1 14
2 23
3 32
4 41
5 50
6 59
7 68
8 77
9 86
10 95
11 104
12 113
13 122
14 131
15 140
16 149
17 158
18 167
19 176
20 185
21 194
22 203
23 212
24 221
25 230
26 239
27 248
28 257
29 266
30 275
31 284
32 293
33 302
34 311
35 320
36 329
37 338
38 347
39 356
40 365
41 374
42 383
43 392
44 401
45 410
46 419
47 428
48 437
49 446
50 455
51 464
52 473
53 482
54 491
55 500
56 509
57 518
58 527
59 536
60 545
61 554
62 563
63 572
64 581
65 590
66 599
67 608
68 617
69 626
70 635
71 644
72 653
73 662
74 671
75 680
76 689
77 698
78 707
79 716
80 725
81 734
82 743
83 752
84 761
85 770
86 779
87 788
88 797
89 806
90 815
91 824
92 833
93 842
94 851
95 860
96 869
97 878
98 887
99 896
100 905
101 914
102 923
103 932
104 941
105 950
106 959
107 968
108 977
109 986
110 995
111 1004
112 1013
113 1022
114 1031
115 1040
116 1049
117 1058
118 1067
119 1076
120 1085
121 1094
122 1103
123 1112
124 1121
125 1130
126 1139
127 1148
128 1157
129 1166
130 1175
131 1184
132 1193
133 1202
134 1211
135 1220
136 1229
137 1238
138 1247
139 1256
140 1265
141 1274
142 1283
143 1292
144 1301
145 1310
146 1319
147 1328
148 1337
149 1346
150 1355
151 1364
152 1373
153 1382
154 1391
155 1400
156 1409
157 1418
158 1427
159 1436
160 1445
161 1454
162 1463
163 1472
164 1481
165 1490
166 1499
167 1508
168 1517
169 1526
170 1535
171 1544
172 1553
173 1562
174 1571
175 1580
176 1589
177 1598
178 1607
179 1616
180 1625
181 1634
182 1643
183 1652
184 1661
185 1670
186 1679
187 1688
188 1697
189 1706
190 1715
191 1724
192 1733
193 1742
194 1751
195 1760
196 1769
197 1778
198 1787
199 1796
200 1805
201 1814
202 1823
203 1832
204 1841
205 1850
206 1859
207 1868
208 1877
209 1886
210 1895
211 1904
212 1913
213 1922
214 1931
215 1940
216 1949
217 1958
218 1967
219 1976
220 1985
221 1994
222 2003
223 2012
224 2021
225 2030
226 2039
227 2048
228 2057
229 2066
230 2075
231 2084
232 2093
233 2102
234 2111
235 2120
236 2129
237 2138
238 2147
239 2156
240 2165
241 2174
242 2183
243 2192
244 2201
245 2210
246 2219
247 2228
248 2237
249 2246
250 2255
251 2264
252 2273
253 2282
254 2291
255 2300
256 2309
257 2318
258 2327
259 2336
260 2345
261 2354
262 2363
263 2372
264 2381
265 2390
266 2399
267 2408
268 2417
269 2426
270 2435
271 2444
272 2453
273 2462
274 2471
275 2480
276 2489
277 2498
278 2507
279 2516
280 2525
281 2534
282 2543
283 2552
284 2561
285 2570
286 2579
287 2588
288 2597
289 2606
290 2615
291 2624
292 2633
293 2642
294 2651
295 2660
296 2669
297 2678
298 2687
299 2696
300 2705
301 2714
302 2723
303 2732
304 2741
305 2750
306 2759
307 2768
308 2777
309 2786
310 2795
311 2804
312 2813
313 2822
314 2831
315 2840
316 2849
317 2858
318 2867
319 2876
320 2885
321 2894
322 2903
323 2912
324 2921
325 2930
326 2939
327 2948
328 2957
329 2966
330 2975
331 2984
332 2993
333 3002
334 3011
335 3020
336 3029
337 3038
338 3047
339 3056
340 3065
341 3074
342 3083
343 3092
344 3101
345 3110
346 3119
347 3128
348 3137
349 3146
350 3155
351 3164
352 3173
353 3182
354 3191
355 3200
356 3209
357 3218
358 3227
359 3236
360 3245
361 3254
362 3263
363 3272
364 3281
365 3290
366 3299
367 3308
368 3317
369 3326
370 3335
371 3344
372 3353
373 3362
374 3371
375 3380
376 3389
377 3398
378 3407
379 3416
380 3425
381 3434
382 3443
383 3452
384 3461
385 3470
386 3479
387 3488
388 3497
389 3506
390 3515
391 3524
392 3533
393 3542
394 3551
395 3560
396 3569
397 3578
398 3587
399 3596
400 3605
401 3614
402 3623
403 3632
404 3641
405 3650
406 3659
407 3668
408 3677
409 3686
410 3695
411 3704
412 3713
413 3722
414 3731
415 3740
416 3749
417 3758
418 3767
419 3776
420 3785
421 3794
422 3803
423 3812
424 3821
425 3830
426 3839
427 3848
428 3857
429 3866
430 3875
431 3884
432 3893
433 3902
434 3911
435 3920
436 3929
437 3938
438 3947
439 3956
440 3965
441 3974
442 3983
443 3992
444 4001
445 4010
446 4019
447 4028
448 4037
449 4046
450 4055
451 4064
452 4073
453 4082
454 4091
455 4100
456 4109
457 4118
458 4127
459 4136
460 4145
461 4154
462 4163
463 4172
464 4181
465 4190
466 4199
467 4208
468 4217
469 4226
470 4235
471 4244
472 4253
473 4262
474 4271
475 4280
476 4289
477 4298
478 4307
479 4316
480 4325
481 4334
482 4343
483 4352
484 4361
485 4370
486 4379
487 4388
488 4397
489 4406
490 4415
491 4424
492 4433
493 4442
494 4451
495 4460
496 4469
497 4478
498 4487
499 4496
500 4505
501 4514
502 4523
503 4532
504 4541
505 4550
506 4559
507 4568
508 4577
509 4586
510 4595
511 4604
512 4613
513 4622
514 4631
515 4640
516 4649
517 4658
518 4667
519 4676
520 4685
521 4694
522 4703
523 4712
524 4721
525 4730
526 4739
527 4748
528 4757
529 4766
530 4775
531 4784
532 4793
533 4802
534 4811
535 4820
536 4829
537 4838
538 4847
539 4856
540 4865
541 4874
542 4883
543 4892
544 4901
545 4910
546 4919
547 4928
548 4937
549 4946
550 4955
551 4964
552 4973
553 4982
554 4991
555 5000
556 5009
557 5018
558 5027
559 5036
560 5045
561 5054
562 5063
563 5072
564 5081
565 5090
566 5099
567 5108
568 5117
569 5126
570 5135
571 5144
572 5153
573 5162
574 5171
575 5180
576 5189
577 5198
578 5207
579 5216
580 5225
581 5234
582 5243
583 5252
584 5261
585 5270
586 5279
587 5288
588 5297
589 5306
590 5315
591 5324
592 5333
593 5342
594 5351
595 5360
596 5369
597 5378
598 5387
599 5396
600 5405
601 5414
602 5423
603 5432
604 5441
605 5450
606 5459
607 5468
608 5477
609 5486
610 5495
611 5504
612 5513
613 5522
614 5531
615 5540
616 5549
617 5558
618 5567
619 5576
620 5585
621 5594
622 5603
623 5612
624 5621
625 5630
626 5639
627 5648
628 5657
629 5666
630 5675
631 5684
632 5693
633 5702
634 5711
635 5720
636 5729
637 5738
638 5747
639 5756
640 5765
641 5774
642 5783
643 5792
644 5801
645 5810
646 5819
647 5828
648 5837
649 5846
650 5855
651 5864
652 5873
653 5882
654 5891
655 5900
656 5909
657 5918
658 5927
659 5936
660 5945
661 5954
662 5963
663 5972
664 5981
665 5990
666 5999
667 6008
668 6017
669 6026
670 6035
671 6044
672 6053
673 6062
674 6071
675 6080
676 6089
677 6098
678 6107
679 6116
680 6125
681 6134
682 6143
683 6152
684 6161
685 6170
686 6179
687 6188
688 6197
689 6206
690 6215
691 6224
692 6233
693 6242
694 6251
695 6260
696 6269
697 6278
698 6287
699 6296
700 6305
701 6314
702 6323
703 6332
704 6341
705 6350
706 6359
707 6368
708 6377
709 6386
710 6395
711 6404
712 6413
713 6422
714 6431
715 6440
716 6449
717 6458
718 6467
719 6476
720 6485
721 6494
722 6503
723 6512
724 6521
725 6530
726 6539
727 6548
728 6557
729 6566
730 6575
731 6584
732 6593
733 6602
734 6611
735 6620
736 6629
737 6638
738 6647
739 6656
740 6665
741 6674
742 6683
743 6692
744 6701
745 6710
746 6719
747 6728
748 6737
749 6746
750 6755
751 6764
752 6773
753 6782
754 6791
755 6800
756 6809
757 6818
758 6827
759 6836
760 6845
761 6854
762 6863
763 6872
764 6881
765 6890
766 6899
767 6908
768 6917
769 6926
770 6935
771 6944
772 6953
773 6962
774 6971
775 6980
776 6989
777 6998
778 7007
779 7016
780 7025
781 7034
782 7043
783 7052
784 7061
785 7070
786 7079
787 7088
788 7097
789 7106
790 7115
791 7124
792 7133
793 7142
794 7151
795 7160
796 7169
797 7178
798 7187
799 7196
800 7205
801 7214
802 7223
803 7232
804 7241
805 7250
806 7259
807 7268
808 7277
809 7286
810 7295
811 7304
812 7313
813 7322
814 7331
815 7340
816 7349
817 7358
818 7367
819 7376
820 7385
821 7394
822 7403
823 7412
824 7421
825 7430
826 7439
827 7448
828 7457
829 7466
830 7475
831 7484
832 7493
833 7502
834 7511
835 7520
836 7529
837 7538
838 7547
839 7556
840 7565
841 7574
842 7583
843 7592
844 7601
845 7610
846 7619
847 7628
848 7637
849 7646
850 7655
851 7664
852 7673
853 7682
854 7691
855 7700
856 7709
857 7718
858 7727
859 7736
860 7745
861 7754
862 7763
863 7772
864 7781
865 7790
866 7799
867 7808
868 7817
869 7826
870 7835
871 7844
872 7853
873 7862
874 7871
875 7880
876 7889
877 7898
878 7907
879 7916
880 7925
881 7934
882 7943
883 7952
884 7961
885 7970
886 7979
887 7988
888 7997
889 8006
890 8015
891 8024
892 8033
893 8042
894 8051
895 8060
896 8069
897 8078
898 8087
899 8096
900 8105
901 8114
902 8123
903 8132
904 8141
905 8150
906 8159
907 8168
908 8177
909 8186
910 8195
911 8204
912 8213
913 8222
914 8231
915 8240
916 8249
917 8258
918 8267
919 8276
920 8285
921 8294
922 8303
923 8312
924 8321
925 8330
926 8339
927 8348
928 8357
929 8366
930 8375
931 8384
932 8393
933 8402
934 8411
935 8420
936 8429
937 8438
938 8447
939 8456
940 8465
941 8474
942 8483
943 8492
944 8501
945 8510
946 8519
947 8528
948 8537
949 8546
950 8555
951 8564
952 8573
953 8582
954 8591
955 8600
956 8609
957 8618
958 8627
959 8636
960 8645
961 8654
962 8663
963 8672
964 8681
965 8690
966 8699
967 8708
968 8717
969 8726
970 8735
971 8744
972 8753
973 8762
974 8771
975 8780
976 8789
977 8798
978 8807
979 8816
980 8825
981 8834
982 8843
983 8852
984 8861
985 8870
986 8879
987 8888
988 8897
989 8906
990 8915
991 8924
992 8933
993 8942
994 8951
995 8960
996 8969
997 8978
998 8987
999 8996
1000 9005
