0 0
1 14
2 22
3 30
4 38
5 46
6 54
7 62
8 70
9 78
10 86
11 94
12 102
13 110
14 118
15 126
16 134
17 142
18 150
19 158
20 166
21 174
22 182
23 190
24 198
25 206
26 214
27 222
28 230
29 238
30 246
31 254
32 262
33 270
34 278
35 286
36 294
37 302
38 310
39 318
40 326
41 334
42 342
43 350
44 358
45 366
46 374
47 382
48 390
49 398
50 406
51 414
52 422
53 430
54 438
55 446
56 454
57 462
58 470
59 478
60 486
61 494
62 502
63 510
64 518
65 526
66 534
67 542
68 550
69 558
70 566
71 574
72 582
73 590
74 598
75 606
76 614
77 622
78 630
79 638
80 646
81 654
82 662
83 670
84 678
85 686
86 694
87 702
88 710
89 718
90 726
91 734
92 742
93 750
94 758
95 766
96 774
97 782
98 790
99 798
100 806
101 814
102 822
103 830
104 838
105 846
106 854
107 862
108 870
109 878
110 886
111 894
112 902
113 910
114 918
115 926
116 934
117 942
118 950
119 958
120 966
121 974
122 982
123 990
124 998
125 1006
126 1014
127 1022
128 1030
129 1038
130 1046
131 1054
132 1062
133 1070
134 1078
135 1086
136 1094
137 1102
138 1110
139 1118
140 1126
141 1134
142 1142
143 1150
144 1158
145 1166
146 1174
147 1182
148 1190
149 1198
150 1206
151 1214
152 1222
153 1230
154 1238
155 1246
156 1254
157 1262
158 1270
159 1278
160 1286
161 1294
162 1302
163 1310
164 1318
165 1326
166 1334
167 1342
168 1350
169 1358
170 1366
171 1374
172 1382
173 1390
174 1398
175 1406
176 1414
177 1422
178 1430
179 1438
180 1446
181 1454
182 1462
183 1470
184 1478
185 1486
186 1494
187 1502
188 1510
189 1518
190 1526
191 1534
192 1542
193 1550
194 1558
195 1566
196 1574
197 1582
198 1590
199 1598
200 1606
201 1614
202 1622
203 1630
204 1638
205 1646
206 1654
207 1662
208 1670
209 1678
210 1686
211 1694
212 1702
213 1710
214 1718
215 1726
216 1734
217 1742
218 1750
219 1758
220 1766
221 1774
222 1782
223 1790
224 1798
225 1806
226 1814
227 1822
228 1830
229 1838
230 1846
231 1854
232 1862
233 1870
234 1878
235 1886
236 1894
237 1902
238 1910
239 1918
240 1926
241 1934
242 1942
243 1950
244 1958
245 1966
246 1974
247 1982
248 1990
249 1998
250 2006
251 2014
252 2022
253 2030
254 2038
255 2046
256 2054
257 2062
258 2070
259 2078
260 2086
261 2094
262 2102
263 2110
264 2118
265 2126
266 2134
267 2142
268 2150
269 2158
270 2166
271 2174
272 2182
273 2190
274 2198
275 2206
276 2214
277 2222
278 2230
279 2238
280 2246
281 2254
282 2262
283 2270
284 2278
285 2286
286 2294
287 2302
288 2310
289 2318
290 2326
291 2334
292 2342
293 2350
294 2358
295 2366
296 2374
297 2382
298 2390
299 2398
300 2406
301 2414
302 2422
303 2430
304 2438
305 2446
306 2454
307 2462
308 2470
309 2478
310 2486
311 2494
312 2502
313 2510
314 2518
315 2526
316 2534
317 2542
318 2550
319 2558
320 2566
321 2574
322 2582
323 2590
324 2598
325 2606
326 2614
327 2622
328 2630
329 2638
330 2646
331 2654
332 2662
333 2670
334 2678
335 2686
336 2694
337 2702
338 2710
339 2718
340 2726
341 2734
342 2742
343 2750
344 2758
345 2766
346 2774
347 2782
348 2790
349 2798
350 2806
351 2814
352 2822
353 2830
354 2838
355 2846
356 2854
357 2862
358 2870
359 2878
360 2886
361 2894
362 2902
363 2910
364 2918
365 2926
366 2934
367 2942
368 2950
369 2958
370 2966
371 2974
372 2982
373 2990
374 2998
375 3006
376 3014
377 3022
378 3030
379 3038
380 3046
381 3054
382 3062
383 3070
384 3078
385 3086
386 3094
387 3102
388 3110
389 3118
390 3126
391 3134
392 3142
393 3150
394 3158
395 3166
396 3174
397 3182
398 3190
399 3198
400 3206
401 3214
402 3222
403 3230
404 3238
405 3246
406 3254
407 3262
408 3270
409 3278
410 3286
411 3294
412 3302
413 3310
414 3318
415 3326
416 3334
417 3342
418 3350
419 3358
420 3366
421 3374
422 3382
423 3390
424 3398
425 3406
426 3414
427 3422
428 3430
429 3438
430 3446
431 3454
432 3462
433 3470
434 3478
435 3486
436 3494
437 3502
438 3510
439 3518
440 3526
441 3534
442 3542
443 3550
444 3558
445 3566
446 3574
447 3582
448 3590
449 3598
450 3606
451 3614
452 3622
453 3630
454 3638
455 3646
456 3654
457 3662
458 3670
459 3678
460 3686
461 3694
462 3702
463 3710
464 3718
465 3726
466 3734
467 3742
468 3750
469 3758
470 3766
471 3774
472 3782
473 3790
474 3798
475 3806
476 3814
477 3822
478 3830
479 3838
480 3846
481 3854
482 3862
483 3870
484 3878
485 3886
486 3894
487 3902
488 3910
489 3918
490 3926
491 3934
492 3942
493 3950
494 3958
495 3966
496 3974
497 3982
498 3990
499 3998
500 4006
501 4014
502 4022
503 4030
504 4038
505 4046
506 4054
507 4062
508 4070
509 4078
510 4086
511 4094
512 4102
513 4110
514 4118
515 4126
516 4134
517 4142
518 4150
519 4158
520 4166
521 4174
522 4182
523 4190
524 4198
525 4206
526 4214
527 4222
528 4230
529 4238
530 4246
531 4254
532 4262
533 4270
534 4278
535 4286
536 4294
537 4302
538 4310
539 4318
540 4326
541 4334
542 4342
543 4350
544 4358
545 4366
546 4374
547 4382
548 4390
549 4398
550 4406
551 4414
552 4422
553 4430
554 4438
555 4446
556 4454
557 4462
558 4470
559 4478
560 4486
561 4494
562 4502
563 4510
564 4518
565 4526
566 4534
567 4542
568 4550
569 4558
570 4566
571 4574
572 4582
573 4590
574 4598
575 4606
576 4614
577 4622
578 4630
579 4638
580 4646
581 4654
582 4662
583 4670
584 4678
585 4686
586 4694
587 4702
588 4710
589 4718
590 4726
591 4734
592 4742
593 4750
594 4758
595 4766
596 4774
597 4782
598 4790
599 4798
600 4806
601 4814
602 4822
603 4830
604 4838
605 4846
606 4854
607 4862
608 4870
609 4878
610 4886
611 4894
612 4902
613 4910
614 4918
615 4926
616 4934
617 4942
618 4950
619 4958
620 4966
621 4974
622 4982
623 4990
624 4998
625 5006
626 5014
627 5022
628 5030
629 5038
630 5046
631 5054
632 5062
633 5070
634 5078
635 5086
636 5094
637 5102
638 5110
639 5118
640 5126
641 5134
642 5142
643 5150
644 5158
645 5166
646 5174
647 5182
648 5190
649 5198
650 5206
651 5214
652 5222
653 5230
654 5238
655 5246
656 5254
657 5262
658 5270
659 5278
660 5286
661 5294
662 5302
663 5310
664 5318
665 5326
666 5334
667 5342
668 5350
669 5358
670 5366
671 5374
672 5382
673 5390
674 5398
675 5406
676 5414
677 5422
678 5430
679 5438
680 5446
681 5454
682 5462
683 5470
684 5478
685 5486
686 5494
687 5502
688 5510
689 5518
690 5526
691 5534
692 5542
693 5550
694 5558
695 5566
696 5574
697 5582
698 5590
699 5598
700 5606
701 5614
702 5622
703 5630
704 5638
705 5646
706 5654
707 5662
708 5670
709 5678
710 5686
711 5694
712 5702
713 5710
714 5718
715 5726
716 5734
717 5742
718 5750
719 5758
720 5766
721 5774
722 5782
723 5790
724 5798
725 5806
726 5814
727 5822
728 5830
729 5838
730 5846
731 5854
732 5862
733 5870
734 5878
735 5886
736 5894
737 5902
738 5910
739 5918
740 5926
741 5934
742 5942
743 5950
744 5958
745 5966
746 5974
747 5982
748 5990
749 5998
750 6006
751 6014
752 6022
753 6030
754 6038
755 6046
756 6054
757 6062
758 6070
759 6078
760 6086
761 6094
762 6102
763 6110
764 6118
765 6126
766 6134
767 6142
768 6150
769 6158
770 6166
771 6174
772 6182
773 6190
774 6198
775 6206
776 6214
777 6222
778 6230
779 6238
780 6246
781 6254
782 6262
783 6270
784 6278
785 6286
786 6294
787 6302
788 6310
789 6318
790 6326
791 6334
792 6342
793 6350
794 6358
795 6366
796 6374
797 6382
798 6390
799 6398
800 6406
801 6414
802 6422
803 6430
804 6438
805 6446
806 6454
807 6462
808 6470
809 6478
810 6486
811 6494
812 6502
813 6510
814 6518
815 6526
816 6534
817 6542
818 6550
819 6558
820 6566
821 6574
822 6582
823 6590
824 6598
825 6606
826 6614
827 6622
828 6630
829 6638
830 6646
831 6654
832 6662
833 6670
834 6678
835 6686
836 6694
837 6702
838 6710
839 6718
840 6726
841 6734
842 6742
843 6750
844 6758
845 6766
846 6774
847 6782
848 6790
849 6798
850 6806
851 6814
852 6822
853 6830
854 6838
855 6846
856 6854
857 6862
858 6870
859 6878
860 6886
861 6894
862 6902
863 6910
864 6918
865 6926
866 6934
867 6942
868 6950
869 6958
870 6966
871 6974
872 6982
873 6990
874 6998
875 7006
876 7014
877 7022
878 7030
879 7038
880 7046
881 7054
882 7062
883 7070
884 7078
885 7086
886 7094
887 7102
888 7110
889 7118
890 7126
891 7134
892 7142
893 7150
894 7158
895 7166
896 7174
897 7182
898 7190
899 7198
900 7206
901 7214
902 7222
903 7230
904 7238
905 7246
906 7254
907 7262
908 7270
909 7278
910 7286
911 7294
912 7302
913 7310
914 7318
915 7326
916 7334
917 7342
918 7350
919 7358
920 7366
921 7374
922 7382
923 7390
924 7398
925 7406
926 7414
927 7422
928 7430
929 7438
930 7446
931 7454
932 7462
933 7470
934 7478
935 7486
936 7494
937 7502
938 7510
939 7518
940 7526
941 7534
942 7542
943 7550
944 7558
945 7566
946 7574
947 7582
948 7590
949 7598
950 7606
951 7614
952 7622
953 7630
954 7638
955 7646
956 7654
957 7662
958 7670
959 7678
960 7686
961 7694
962 7702
963 7710
964 7718
965 7726
966 7734
967 7742
968 7750
969 7758
970 7766
971 7774
972 7782
973 7790
974 7798
975 7806
976 7814
977 7822
978 7830
979 7838
980 7846
981 7854
982 7862
983 7870
984 7878
985 7886
986 7894
987 7902
988 7910
989 7918
990 7926
991 7934
992 7942
993 7950
994 7958
995 7966
996 7974
997 7982
998 7990
999 7998
1000 8006
