0 1
1 12
2 78
3 364
4 1365
5 4368
6 12376
7 31824
8 75582
9 167960
10 352716
11 705432
12 1352078
13 2496144
14 4457400
15 7726160
16 13037895
17 21474180
18 34597290
19 54627300
20 84672315
21 129024480
22 193536720
23 286097760
24 417225900
25 600805296
26 854992152
27 1203322288
28 1676056044
29 2311801440
30 3159461968
31 4280561376
32 5752004349
33 7669339132
34 10150595910
35 13340783196
36 17417133617
37 22595200368
38 29135916264
39 37353738800
40 47626016970
41 60403728840
42 76223753060
43 95722852680
44 119653565850
45 148902215280
46 184509266760
47 227692286640
48 279871768995
49 342700125300
50 418094152866
51 508271323092
52 615790256823
53 743595781824
54 895068996640
55 1074082795968
56 1285063345176
57 1533058025824
58 1823810410032
59 2163842859360
60 2560547383576
61 3022285436352
62 3558497368608
63 4179822305984
64 4898229264825
65 5727160371180
66 6681687099710
67 7778680504140
68 9036996468045
69 10477677064400
70 12124169174520
71 14002561581840
72 16141841823510
73 18574174153080
74 21335200040700
75 24464362713336
76 28005257316582
77 32006008361808
78 36519676207704
79 41604694413840
80 47325339895743
81 53752237906276
82 60962903966874
83 69042324974532
84 78083581816435
85 88188515933856
86 99468442390512
87 112044912118048
88 126050526132804
89 141629804643600
90 158940114100040
91 178152655364880
92 199453516332420
93 223044792457760
94 249145778809200
95 277994237408160
96 309847743777845
97 344985116783580
98 383707936014390
99 426342151127100
100 473239787751081
101 524780754733872
102 581374757695368
103 643463324051184
104 711521944864290
105 786062339088168
106 867634845974676
107 956830951635624
108 1054285955968882
109 1160681786387760
110 1276749965026536
111 1403274736335472
112 1541096362225563
113 1691114592176724
114 1854292315983250
115 2031659407077300
116 2224316764644975
117 2433440563030400
118 2660286717211200
119 2906195573424000
120 3172596834321200
121 3461014728350400
122 3773073433365600
123 4110502764804800
124 4475144139102000
125 4868956823342976
126 5294024482523712
127 5752562036128128
128 6246922836107889
129 6779606178721740
130 7353265163075118
131 7970714909592876
132 8634941152058949
133 9349109217266832
134 10116573406743960
135 10940886795441616
136 11825811462719982
137 12775329171405528
138 13793652511155244
139 14885236522829400
140 16054790821051710
141 17307292232623120
142 18647997968953080
143 20082459351180240
144 21616536107173175
145 23256411260131140
146 25008606629045130
147 26879998961830820
148 28877836722507435
149 31009757554370400
150 33283806441690896
151 35708454593072352
152 38292619070202588
153 41045683186360944
154 43977517699672440
155 47098502826745968
156 50419551102990876
157 53952131116576224
158 57708292143679632
159 61700689713368160
160 65942612131162221
161 70448007991055292
162 75231514706497318
163 80308488091598364
164 85695033024571425
165 91408035226209520
166 97465194186982440
167 103885057277142960
168 110687055075051130
169 117891537949758600
170 125519813934742980
171 133594187930545160
172 142138002274940490
173 151175678720167920
174 160732761857649800
175 170835964031559216
176 181513211783531667
177 192793693871773748
178 204707910908793474
179 217287726662965140
180 230566421070146343
181 244578745002586176
182 259360976843401824
183 274950980915956032
184 291388267818540360
185 308714056715858976
186 326971339639915152
187 346204947854027808
188 366461620334848584
189 387790074428411200
190 410241078737424480
191 433867528298218560
192 458724522106970665
193 484869443056072620
194 512362040342757150
195 541264514413374220
196 571641604508002365
197 603560678871393360
198 637091827697581880
199 672307958876845200
200 709284896615071686
201 748101482996991032
202 788839682566134108
203 831584689995826104
204 876425040926973590
205 923452726049884368
206 972763308508858776
207 1024456044709812624
208 1078634008612735407
209 1135404219592353060
210 1194877773951952506
211 1257169980176935812
212 1322400498016305123
213 1390693481481935904
214 1462177725857175600
215 1536986818808007840
216 1615259295691748980
217 1697138799159994320
218 1782774243154305960
219 1872319981394933200
220 1965935980464679860
221 2063787997591881120
222 2166047763238325680
223 2272893168599857440
224 2384508458129314725
225 2501084427193414556
226 2622818624977164822
227 2749915562751388668
228 2882586927620973209
229 3021051801873509040
230 3165536888050068168
231 3316276739861976176
232 3473513999079569874
233 3637499638521094632
234 3808493211272086260
235 3986763106267800936
236 4172586810373503522
237 4366251177099699888
238 4568052702091702824
239 4778297805535254000
240 4997303121622286475
241 5225395795223303700
242 5462913785915272050
243 5710206179516374900
244 5967633507281457375
245 6235568072914502400
246 6514394287557020800
247 6804509012913811200
248 7106321912680149600
249 7420255812437104000
250 7746747068184336576
251 8086245943682454912
252 8439216996779704928
253 8806139474900561664
254 9187507719876570240
255 9583831582302618368
256 9995636845604684001
257 10423465660007997324
258 10867876986597485582
259 11329447051665332460
260 11808769811543481141
261 12306457428121942032
262 12823140755256832728
263 13359469836275179344
264 13916114412786645150
265 14493764445015524760
266 15093130643869550220
267 15714945014965299480
268 16359961414833278190
269 17028956119529062800
270 17722728405880246840
271 18442101145602323280
272 19187921412520064295
273 19961061103134425860
274 20762417570778508650
275 21592914273609648996
276 22453501436688294427
277 23345156728397937888
278 24268885951464043344
279 25225723748833593440
280 26216734324680627468
281 27243012180806915376
282 28305682868710731224
283 29405903757600547632
284 30544864818634371660
285 31723789425669382496
286 32943935172810512592
287 34206594709050636768
288 35513096590299098589
289 36864806149099410300
290 38263126382341112070
291 39709498857274968540
292 41205404636144915985
293 42752365219754452080
294 44351943510289482600
295 46005744793724005680
296 47715417742139424810
297 49482655436292736840
298 51309196408773341220
299 53196825708092761800
300 55147375984056163066
301 57162728594769178992
302 59244814735638255048
303 61395616590727432624
304 63617168506839280515
305 65911558190692500468
306 68280927929573603426
307 70727475835844970324
308 73253457115696576407
309 75861185362533671360
310 78553033875397769376
311 81331437002823413952
312 84198891512538342008
313 87157957987419881184
314 90211262248125673200
315 93361496802822125280
316 96611422324439351160
317 99963869155886773440
318 103421738843669020320
319 106988005700347262400
320 110665718396296699545
321 114458001581216524140
322 118368057535854355710
323 122399167854412863180
324 126554695158112065325
325 130838084840386627536
326 135252866844203354232
327 139802657471990011408
328 144491161228672603254
329 149322172698324270840
330 154299578454935079868
331 159427359007818118776
332 164709590782173538374
333 170150448135338430032
334 175754205409256761560
335 181525239019709968656
336 187468029582855235487
337 193587164079624990948
338 199887338058547697754
339 206373357877556620100
340 213050142985359922515
341 219922728242952178080
342 226996266285854148720
343 234276029927674544160
344 241767414605594369700
345 249475940868381436560
346 257407256907549632520
347 265567141132284635280
348 273961504788764896740
349 282596394624513933600
350 291477995598427228656
351 300612633637124378272
352 310006778438284515093
353 319667046321630491484
354 329600203128234828790
355 339813167168828020668
356 350313012221797425801
357 361106970581572696624
358 372202436158101466632
359 383606967628126859760
360 395328291638986291586
361 407374306065659004072
362 419753083321797813588
363 432472873725488656424
364 445542108920489687250
365 458969405353709924400
366 472763567809695741800
367 486933593002901881200
368 501488673228532100475
369 516438200072743084500
370 531791768183013824850
371 547559179099491323700
372 563750445148132196175
373 580375793396468534400
374 597445669672835256000
375 614970742649905090176
376 632961907993386356112
377 651430292576747761728
378 670387258762843596064
379 689844408753321906240
380 709813589006707540368
381 730306894726061301376
382 751336674417125893824
383 772915534517878856832
384 795056344100422261585
385 817772239646148611916
386 841076629895132121582
387 864983200770704352428
388 889505920380183084069
389 914659044092733248400
390 940457119695348801560
391 966914992627954522320
392 994047811298636919630
393 1021871032480023703640
394 1050400426787841624300
395 1079652084242692910040
396 1109642419916101046430
397 1140388179661887221520
398 1171906445933949431160
399 1204214643691526984400
400 1237330546393043976471
401 1271272282079636205252
402 1306058339549476996938
403 1341707574624028478244
404 1378239216507355986315
405 1415672874239654543968
406 1454028543246147647376
407 1493326611982530016224
408 1533587868678137443132
409 1574833508178038450160
410 1617085138885254115896
411 1660364789804324177392
412 1704694917687449337468
413 1750098414284451620064
414 1796598613697806614800
415 1844219299844013537120
416 1892984714022581202765
417 1942919562593920275260
418 1994049024767444493030
419 2046398760501196019100
420 2099994918514322581505
421 2154864144413746686960
422 2211033588936379894440
423 2268530916308247929520
424 2327384312721905305050
425 2387622494933531089416
426 2449274718981110530692
427 2512370789025120403848
428 2576941066313149199274
429 2643016478269896614640
430 2710628527714010248968
431 2779809302203230928176
432 2850591483509331715699
433 2923008357224349380532
434 2997093822499620908610
435 3072882401919151552276
436 3150409251508854917127
437 3229710170883219686208
438 3310821613530971778784
439 3393780697241315035200
440 3478625214672347911080
441 3565393644063268153760
442 3654125160091992021840
443 3744859644879829295520
444 3837637699144870111400
445 3932500653505754541120
446 4029490579937510819040
447 4128650303381163210560
448 4230023413508825700105
449 4333654276646012966700
450 4439588047852915505886
451 4547870683166401249932
452 4658548952004521634333
453 4771670449735315757904
454 4887283610411722086840
455 5005437719674423060368
456 5126182927824463967526
457 5249570263067503581624
458 5375651644931570261532
459 5504479897860213557560
460 5636108764982957794806
461 5770592922064980648912
462 5907987991637956378648
463 6048350557314020137104
464 6191738178284826648975
465 6338209404007693515940
466 6487823789080836495930
467 6640641908309721295620
468 6796725371966573719235
469 6956136841245107431200
470 7118940043912546115760
471 7285199790161034453920
472 7454981988660550087380
473 7628353662815446601040
474 7805382967226775530600
475 7986139204362553490256
476 8170692841438158717972
477 8359115527509059652768
478 8551480110778096590384
479 8747860656119556011040
480 8948332462822295836293
481 9152972082554198651676
482 9361857337550248828374
483 9575067339026548491132
484 9792682505822606411385
485 10014784583274253154736
486 10241456662319555180872
487 10472783198840120082288
488 10708850033240204756274
489 10949744410266058033000
490 11195554999067949131700
491 11446371913507353287400
492 11702286732711785982850
493 11963392521879797434800
494 12229783853338659321000
495 12501556827857296194800
496 12778809096217034618475
497 13061639881042763754900
498 13350149998897121990450
499 13644441882640345120500
500 13944619604058432713151
501 14250788896762310477312
502 14563057179360687798528
503 14881533578909331070464
504 15206328954639495042240
505 15537555921968276122368
506 15875328876793673429376
507 16219764020077165357824
508 16570979382716631536832
509 16929094850712472296960
510 17294232190629800130816
511 17666515075359600133632
512 18046069110181779042753
513 18433021859133045260044
514 18827502871682585139150
515 19229643709718523850860
516 19639577974848182305045
517 20057441336015164907280
518 20483371557436336362840
519 20917508526861769310800
520 21359994284160768276990
521 21810973050237099277080
522 22270591256276578380620
523 22738997573330196663960
524 23216342942235983235150
525 23702780603882832407696
526 24198466129819545632952
527 24703557453212363473488
528 25218214900154287712519
529 25742601221329518647940
530 26276881624036357714218
531 26821223804571950811876
532 27375797980982273103099
533 27940776926180781553632
534 28516336001439187166160
535 29102653190253824659296
536 29699909132591123299692
537 30308287159515708693168
538 30927973328204691584664
539 31559156457351726106800
540 32202028162964446453420
541 32856782894558917638240
542 33523617971754762830160
543 34202733621274656736480
544 34894333014351901633725
545 35598622304549829923580
546 36315810665996804519110
547 37046110332040615944540
548 37789736634326102760945
549 38546908042299849810800
550 39317846203145846807016
551 40102775982156017977392
552 40901925503539561813898
553 41715526191675068468424
554 42543812812809410983140
555 43387023517207435344968
556 44245399881756503310426
557 45119186953029971059824
558 46008633290813716009032
559 46913991012099853533360
560 47835515835551814942051
561 48773467126444987784052
562 49728107942087149466658
563 50699705077722955228884
564 51688529112926771731575
565 52694854458488177906880
566 53718959403794485251360
567 54761126164714660450240
568 55821640931989064085720
569 56900793920129450210400
570 57998879416833702758320
571 59116195832919816121440
572 60253045752783658739160
573 61409735985385090233280
574 62586577615767034471200
575 63783886057112142956736
576 65001981103341715131257
577 66241186982261574518508
578 67501832409259632165054
579 68784250641559901515340
580 70088779533037761716493
581 71415761589601299373776
582 72765544025143591973624
583 74138478818070829558032
584 75534922768411204772310
585 76955237555509535118456
586 78399789796312615129212
587 79868951104250330233848
588 81363098148717598316454
589 82882612715162239371600
590 84427881765783908241240
591 85999297500849260171280
592 87597257420628553856895
593 89222164387958931753060
594 90874426691439652711450
595 92554458109264587467460
596 94262677973697323142195
597 95999511236194258744480
598 97765388533181109657840
599 99560746252488275277600
600 101386026600450560324356
601 103241677669676776902672
602 105128153507494791098568
603 107045914185077614816784
604 108995425867256180649540
605 110977160883024474843168
606 112991597796742740888176
607 115039221480044503902624
608 117120523184453203808757
609 119236000614714263319260
610 121386158002848454952886
611 123571506182932469690172
612 125792562666612628459113
613 128049851719357716408624
614 130343904437456958885000
615 132675258825769197174000
616 135044459876229361409250
617 137452059647118377577000
618 139898617343102685268500
619 142384699396049582745000
620 144910879546624655987250
621 147477738926677588702000
622 150085866142422690753000
623 152735857358420523174000
624 155428316382367038806875
625 158163854750696698689876
626 160943091815006065599762
627 163766654829304417627828
628 166635179038097966344239
629 169549307765314305978240
630 172509692504073762114368
631 175516993007314350677376
632 178571877379277100451824
633 181675022167858535056832
634 184827112457837153172960
635 188028841964980788897216
636 191280913131041777384432
637 194584037219646894419328
638 197938934413089082254144
639 201346333910028017942400
640 204806974024106624500785
641 208321602283490669539020
642 211890975531338640512430
643 215515860027209130474540
644 219197031549413013137925
645 222935275498317731191440
646 226731387000611067171480
647 230586171014531811744720
648 234500442436074790030510
649 238475026206177752573400
650 242510757418897683770796
651 246608481430584126968152
652 250769053970057172055038
653 254993341249797798230544
654 259282220078158311656440
655 263636577972600664981968
656 268057313273970493205751
657 272545335261814748038724
658 277101564270750860847882
659 281726931807895412394660
660 286422380671360335934571
661 291188865069824728816992
662 296027350743190396516368
663 300938815084329302039264
664 305924247261931142886300
665 310984648344459327204720
666 316121031425223670446840
667 321334421748578183752560
668 326625856837252375401180
669 331996386620824537029600
670 337447073565345536891280
671 342978992804121693233760
672 348593232269665351902765
673 354290892826821843538620
674 360073088407081547216550
675 365940946144085839097116
676 371895606510335756597217
677 377938223455112260766448
678 384069964543617031958824
679 390292011097342786526640
680 396605558335682155132218
681 403011815518784216375176
682 409512006091667832768324
683 416107367829600989665032
684 422799152984755391545610
685 429588628434145624110576
686 436477075828862244905352
687 443465791744608219714608
688 450556087833548176715859
689 457749290977480005371700
690 465046743442338382268930
691 472449803034039861581460
692 479959843255679223543015
693 487578253466086830265920
694 495306439039756794434400
695 503145821528155822835520
696 511097838822422653368840
697 519163945317468061097760
698 527345612077485466072080
699 535644327002882233063200
700 544061594998641811011336
701 552598938144126917888832
702 561257895864334034835808
703 570040025102609531824704
704 578946900494837805759465
705 587980114545111870813868
706 597141277802896899962526
707 606432019041697276058124
708 615853985439237770460157
709 625408842759169527124560
710 635098275534311590220856
711 644923987251438773754512
712 654887700537626732337798
713 664991157348165153173304
714 675236119156050050491100
715 685624367143066205114040
716 696157702392470853516630
717 706837946083289792691920
718 717666939686237129348760
719 728646545161269964429200
720 739778645156789366663535
721 751065143210499051869220
722 762507963951933247950330
723 774109053306665289067140
724 785870378702208546221475
725 797793929275621365543456
726 809881716082827749869872
727 822135772309665583774368
728 834558153484674267045684
729 847150937693633686713040
730 859916225795866523088168
731 872856141642315950932176
732 885972832295410862763124
733 899268468250730807497632
734 912745243660482904067760
735 926405376558803056373536
736 940251109088893862922597
737 954284707732011681772188
738 968508463538315378925974
739 982924692359589356149500
740 997535735083853522254425
741 1012343957871872940263600
742 1027351752395579951507400
743 1042561536078421646617200
744 1057975752337645622575250
745 1073596870828537034452200
746 1089427387690620020214900
747 1105469825795836647018600
748 1121726734998716597710050
749 1138200692388550886862000
750 1154894302543582966535976
751 1171810197787230653129712
752 1188951038446352378109003
753 1206319513111571337151764
754 1223918338899671184245490
755 1241750261718076989578868
756 1259818056531435252654751
757 1278124527630306834925824
758 1296672508901986749416832
759 1315464864103464818248960
760 1334504487136541282723616
761 1353794302325111524655232
762 1373337264694634131966528
763 1393136360253796616175744
764 1413194606278393164314400
765 1433515051597428883016960
766 1454100776881465068021120
767 1474954894933220108110080
768 1496080550980440708616865
769 1517480922971058195996300
770 1539159221870644741653390
771 1561118691962184420198380
772 1583362611148174094579445
773 1605894291255069198124560
774 1628717078340089561405400
775 1651834353000400510018896
776 1675249530684684537867102
777 1698966062007118939304088
778 1722987433063774862610444
779 1747317165751453326652440
780 1771958818088973822284718
781 1796915984540931200063376
782 1822192296343936626151224
783 1847791421835358468919632
784 1873717066784579059682535
785 1899972974726783352238596
786 1926562927299295587448042
787 1953490744580480150932068
788 1980760285431222894155739
789 2008375447839009271640800
790 2036340169264615729853520
791 2064658426991430866425440
792 2093334238477422961792460
793 2122371661709770569080880
794 2151774795562172932128600
795 2181547780154857085906480
796 2211694797217298578299660
797 2242220070453672837222240
798 2273127865911054292371920
799 2304422492350380446584800
800 2336108301620198177725341
801 2368189689033209638343292
802 2400671093745635206948998
803 2433556999139411031701724
804 2466851933207238794573265
805 2500560468940505411641968
806 2534687224720090473091176
807 2569236864710079314731824
808 2604214099254399701442282
809 2639623685276400191820360
810 2675470426681388342573476
811 2711759174762147000734152
812 2748494828607447021680058
813 2785682335513574841161584
814 2823326691398893420096200
815 2861432941221455171778480
816 2900006179399685572378435
817 2939051550236156247159540
818 2978574248344466416742370
819 3018579519079251679970900
820 3059072658969339202507095
821 3100059016154068473186240
822 3141543990822796883411360
823 3183533035657609478450880
824 3226031656279252323430200
825 3269045411696309021075936
826 3312579914757640012882032
827 3356640832608104390320608
828 3401233887147584038018104
829 3446364855493330026459840
830 3492039570445651267774368
831 3538263920956965544483776
832 3585043852604233117788249
833 3632385368064793218983532
834 3680294527595623824989310
835 3728777449516045216695756
836 3777840310693887916915437
837 3827489347035145703159248
838 3877730853977134489238904
839 3928571186985177968835600
840 3980016762052841013665590
841 4032074056205731918719480
842 4084749608008894687253820
843 4138050018077812648771960
844 4191981949593044804146950
845 4246552128818516393313360
846 4301767345623485282588120
847 4357634454008205870673680
848 4414160372633312314750815
849 4471352085352942980784100
850 4529216641751628125241306
851 4587761157684962918869572
852 4646992815824088026977043
853 4706918866204000064839584
854 4767546626775714351389040
855 4828883483962302489243168
856 4890936893218827404408676
857 4953714379596198584628624
858 5017223538308970361354632
859 5081472035307106186703760
860 5146467607851731963510436
861 5212218065094901593706272
862 5278731288663398017755888
863 5346015233246593125745824
864 5414077927188390028967125
865 5482927473083271289451100
866 5552572048376476813912950
867 5623019905968335227930300
868 5694279374822772655934025
869 5766358860580022942718000
870 5839266846173563462683400
871 5913011892451300773922800
872 5987602638801030485520450
873 6063047803780195818098600
874 6139356185749969449676500
875 6216536663513683351329576
876 6294598196959631429942162
877 6373549827708269908538928
878 6453400679763840488258664
879 6534159960170441450000240
880 6615836959672571968125243
881 6698441053380175023345876
882 6781981701438204417061074
883 6866468449700741504929332
884 6951910930409687383384335
885 7038318862878056379110016
886 7125702054177896808196032
887 7214070399832865088793728
888 7303433884515479408587344
889 7393802582749079266286400
890 7485186659614517324633760
891 7577596371461610131110720
892 7671042066625374381606480
893 7765534186147075521805440
894 7861083264500115600932800
895 7957699930320787412787840
896 8055394907143922079685905
897 8154179014143457356025420
898 8254063166877954049696110
899 8355058378041088081449900
900 8457175758217145824667621
901 8560426516641550490673552
902 8664821961966447447876888
903 8770373503031376486555344
904 8877092649639059165042190
905 8984991013336329497434968
906 9094080308200236367712876
907 9204372351629346180331224
908 9315879065140274382956382
909 9428612475169474623014160
910 9542584713880314426149496
911 9657808019975466411536592
912 9774294739514644186237143
913 9892057326737712188480964
914 10011108344893198877839050
915 10131460467072242798774820
916 10253126477048001172995915
917 10376119270120550805387360
918 10500451853967311218088080
919 10626137349499020057477600
920 10753188991721290949469180
921 10881620130601784109560560
922 11011444231943020145574840
923 11142674878260867622932720
924 11275325769668735094634300
925 11409410724767498430894816
926 11544943681541194416574992
927 11681938698258511718174048
928 11820409954380110456212749
929 11960371751471801753326140
930 12101838514123618763311718
931 12244824790874810821739676
932 12389345255144792494528449
933 12535414706170079437122032
934 12683048069947243113576360
935 12832260400181916561971376
936 12983066879243883530114202
937 13135482819128283443488008
938 13289523662422964805831684
939 13445204983282019771608200
940 13602542488405532768935530
941 13761552018025576191314160
942 13922249546898486316690440
943 14084651185303452753046320
944 14248773180047454850804275
945 14414631915476578663882420
946 14582243914493748183229890
947 14751625839582904709117460
948 14922794493839668371354055
949 15095766822008515949947200
950 15270559911526509292525536
951 15447190993573608769095232
952 15625677444129606349410408
953 15806036785037713033401504
954 15988286685074835510725840
955 16172444961028577071582368
956 16358529578780997937468776
957 16546558654399170327554624
958 16736550455232563723800032
959 16928523401017295945866560
960 17122496064987285795246281
961 17318487174992343176877612
962 17516515614623232755823198
963 17716600424343747356357004
964 17918760802629827461045725
965 18123016107115763318114640
966 18329385855747516316561080
967 18537889727943196440120720
968 18748547565760732763303910
969 18961379375072774105302200
970 19176405326748857110620060
971 19393645757844879178814520
972 19613121172799913819727030
973 19834852244640406165068240
974 20058859816191786522168600
975 20285164901297540011136656
976 20513788686045770482573647
977 20744752530003297069378468
978 20978077967457321883042234
979 21213786708664707522177540
980 21451900641108903218855043
981 21692441830764558606630176
982 21935432523369864252936624
983 22180895145706658257801632
984 22428852306888338380602260
985 22679326799655619316832336
986 22932341601680174907588072
987 23187919876876205225707088
988 23446084976719968644211924
989 23706860441577319154916000
990 23970270002039289367748400
991 24236337580265759784544800
992 24505087291337255104736325
993 24776543444614908484547100
994 25050730545108634835985750
995 25327673294853554417087100
996 25607396594294708130528825
997 25889925543680106113914800
998 26175285444462151371683400
999 26463501800707480365766000
1000 26754600320515262649789426
