0 1
1 2
2 4
3 6
4 10
5 14
6 20
7 26
8 35
9 44
10 56
11 68
12 84
13 100
14 120
15 140
16 165
17 190
18 220
19 250
20 286
21 322
22 364
23 406
24 455
25 504
26 560
27 616
28 680
29 744
30 816
31 888
32 969
33 1050
34 1140
35 1230
36 1330
37 1430
38 1540
39 1650
40 1771
41 1892
42 2024
43 2156
44 2300
45 2444
46 2600
47 2756
48 2925
49 3094
50 3276
51 3458
52 3654
53 3850
54 4060
55 4270
56 4495
57 4720
58 4960
59 5200
60 5456
61 5712
62 5984
63 6256
64 6545
65 6834
66 7140
67 7446
68 7770
69 8094
70 8436
71 8778
72 9139
73 9500
74 9880
75 10260
76 10660
77 11060
78 11480
79 11900
80 12341
81 12782
82 13244
83 13706
84 14190
85 14674
86 15180
87 15686
88 16215
89 16744
90 17296
91 17848
92 18424
93 19000
94 19600
95 20200
96 20825
97 21450
98 22100
99 22750
100 23426
101 24102
102 24804
103 25506
104 26235
105 26964
106 27720
107 28476
108 29260
109 30044
110 30856
111 31668
112 32509
113 33350
114 34220
115 35090
116 35990
117 36890
118 37820
119 38750
120 39711
121 40672
122 41664
123 42656
124 43680
125 44704
126 45760
127 46816
128 47905
129 48994
130 50116
131 51238
132 52394
133 53550
134 54740
135 55930
136 57155
137 58380
138 59640
139 60900
140 62196
141 63492
142 64824
143 66156
144 67525
145 68894
146 70300
147 71706
148 73150
149 74594
150 76076
151 77558
152 79079
153 80600
154 82160
155 83720
156 85320
157 86920
158 88560
159 90200
160 91881
161 93562
162 95284
163 97006
164 98770
165 100534
166 102340
167 104146
168 105995
169 107844
170 109736
171 111628
172 113564
173 115500
174 117480
175 119460
176 121485
177 123510
178 125580
179 127650
180 129766
181 131882
182 134044
183 136206
184 138415
185 140624
186 142880
187 145136
188 147440
189 149744
190 152096
191 154448
192 156849
193 159250
194 161700
195 164150
196 166650
197 169150
198 171700
199 174250
200 176851
201 179452
202 182104
203 184756
204 187460
205 190164
206 192920
207 195676
208 198485
209 201294
210 204156
211 207018
212 209934
213 212850
214 215820
215 218790
216 221815
217 224840
218 227920
219 231000
220 234136
221 237272
222 240464
223 243656
224 246905
225 250154
226 253460
227 256766
228 260130
229 263494
230 266916
231 270338
232 273819
233 277300
234 280840
235 284380
236 287980
237 291580
238 295240
239 298900
240 302621
241 306342
242 310124
243 313906
244 317750
245 321594
246 325500
247 329406
248 333375
249 337344
250 341376
251 345408
252 349504
253 353600
254 357760
255 361920
256 366145
257 370370
258 374660
259 378950
260 383306
261 387662
262 392084
263 396506
264 400995
265 405484
266 410040
267 414596
268 419220
269 423844
270 428536
271 433228
272 437989
273 442750
274 447580
275 452410
276 457310
277 462210
278 467180
279 472150
280 477191
281 482232
282 487344
283 492456
284 497640
285 502824
286 508080
287 513336
288 518665
289 523994
290 529396
291 534798
292 540274
293 545750
294 551300
295 556850
296 562475
297 568100
298 573800
299 579500
300 585276
301 591052
302 596904
303 602756
304 608685
305 614614
306 620620
307 626626
308 632710
309 638794
310 644956
311 651118
312 657359
313 663600
314 669920
315 676240
316 682640
317 689040
318 695520
319 702000
320 708561
321 715122
322 721764
323 728406
324 735130
325 741854
326 748660
327 755466
328 762355
329 769244
330 776216
331 783188
332 790244
333 797300
334 804440
335 811580
336 818805
337 826030
338 833340
339 840650
340 848046
341 855442
342 862924
343 870406
344 877975
345 885544
346 893200
347 900856
348 908600
349 916344
350 924176
351 932008
352 939929
353 947850
354 955860
355 963870
356 971970
357 980070
358 988260
359 996450
360 1004731
361 1013012
362 1021384
363 1029756
364 1038220
365 1046684
366 1055240
367 1063796
368 1072445
369 1081094
370 1089836
371 1098578
372 1107414
373 1116250
374 1125180
375 1134110
376 1143135
377 1152160
378 1161280
379 1170400
380 1179616
381 1188832
382 1198144
383 1207456
384 1216865
385 1226274
386 1235780
387 1245286
388 1254890
389 1264494
390 1274196
391 1283898
392 1293699
393 1303500
394 1313400
395 1323300
396 1333300
397 1343300
398 1353400
399 1363500
400 1373701
401 1383902
402 1394204
403 1404506
404 1414910
405 1425314
406 1435820
407 1446326
408 1456935
409 1467544
410 1478256
411 1488968
412 1499784
413 1510600
414 1521520
415 1532440
416 1543465
417 1554490
418 1565620
419 1576750
420 1587986
421 1599222
422 1610564
423 1621906
424 1633355
425 1644804
426 1656360
427 1667916
428 1679580
429 1691244
430 1703016
431 1714788
432 1726669
433 1738550
434 1750540
435 1762530
436 1774630
437 1786730
438 1798940
439 1811150
440 1823471
441 1835792
442 1848224
443 1860656
444 1873200
445 1885744
446 1898400
447 1911056
448 1923825
449 1936594
450 1949476
451 1962358
452 1975354
453 1988350
454 2001460
455 2014570
456 2027795
457 2041020
458 2054360
459 2067700
460 2081156
461 2094612
462 2108184
463 2121756
464 2135445
465 2149134
466 2162940
467 2176746
468 2190670
469 2204594
470 2218636
471 2232678
472 2246839
473 2261000
474 2275280
475 2289560
476 2303960
477 2318360
478 2332880
479 2347400
480 2362041
481 2376682
482 2391444
483 2406206
484 2421090
485 2435974
486 2450980
487 2465986
488 2481115
489 2496244
490 2511496
491 2526748
492 2542124
493 2557500
494 2573000
495 2588500
496 2604125
497 2619750
498 2635500
499 2651250
500 2667126
501 2683002
502 2699004
503 2715006
504 2731135
505 2747264
506 2763520
507 2779776
508 2796160
509 2812544
510 2829056
511 2845568
512 2862209
513 2878850
514 2895620
515 2912390
516 2929290
517 2946190
518 2963220
519 2980250
520 2997411
521 3014572
522 3031864
523 3049156
524 3066580
525 3084004
526 3101560
527 3119116
528 3136805
529 3154494
530 3172316
531 3190138
532 3208094
533 3226050
534 3244140
535 3262230
536 3280455
537 3298680
538 3317040
539 3335400
540 3353896
541 3372392
542 3391024
543 3409656
544 3428425
545 3447194
546 3466100
547 3485006
548 3504050
549 3523094
550 3542276
551 3561458
552 3580779
553 3600100
554 3619560
555 3639020
556 3658620
557 3678220
558 3697960
559 3717700
560 3737581
561 3757462
562 3777484
563 3797506
564 3817670
565 3837834
566 3858140
567 3878446
568 3898895
569 3919344
570 3939936
571 3960528
572 3981264
573 4002000
574 4022880
575 4043760
576 4064785
577 4085810
578 4106980
579 4128150
580 4149466
581 4170782
582 4192244
583 4213706
584 4235315
585 4256924
586 4278680
587 4300436
588 4322340
589 4344244
590 4366296
591 4388348
592 4410549
593 4432750
594 4455100
595 4477450
596 4499950
597 4522450
598 4545100
599 4567750
600 4590551
601 4613352
602 4636304
603 4659256
604 4682360
605 4705464
606 4728720
607 4751976
608 4775385
609 4798794
610 4822356
611 4845918
612 4869634
613 4893350
614 4917220
615 4941090
616 4965115
617 4989140
618 5013320
619 5037500
620 5061836
621 5086172
622 5110664
623 5135156
624 5159805
625 5184454
626 5209260
627 5234066
628 5259030
629 5283994
630 5309116
631 5334238
632 5359519
633 5384800
634 5410240
635 5435680
636 5461280
637 5486880
638 5512640
639 5538400
640 5564321
641 5590242
642 5616324
643 5642406
644 5668650
645 5694894
646 5721300
647 5747706
648 5774275
649 5800844
650 5827576
651 5854308
652 5881204
653 5908100
654 5935160
655 5962220
656 5989445
657 6016670
658 6044060
659 6071450
660 6099006
661 6126562
662 6154284
663 6182006
664 6209895
665 6237784
666 6265840
667 6293896
668 6322120
669 6350344
670 6378736
671 6407128
672 6435689
673 6464250
674 6492980
675 6521710
676 6550610
677 6579510
678 6608580
679 6637650
680 6666891
681 6696132
682 6725544
683 6754956
684 6784540
685 6814124
686 6843880
687 6873636
688 6903565
689 6933494
690 6963596
691 6993698
692 7023974
693 7054250
694 7084700
695 7115150
696 7145775
697 7176400
698 7207200
699 7238000
700 7268976
701 7299952
702 7331104
703 7362256
704 7393585
705 7424914
706 7456420
707 7487926
708 7519610
709 7551294
710 7583156
711 7615018
712 7647059
713 7679100
714 7711320
715 7743540
716 7775940
717 7808340
718 7840920
719 7873500
720 7906261
721 7939022
722 7971964
723 8004906
724 8038030
725 8071154
726 8104460
727 8137766
728 8171255
729 8204744
730 8238416
731 8272088
732 8305944
733 8339800
734 8373840
735 8407880
736 8442105
737 8476330
738 8510740
739 8545150
740 8579746
741 8614342
742 8649124
743 8683906
744 8718875
745 8753844
746 8789000
747 8824156
748 8859500
749 8894844
750 8930376
751 8965908
752 9001629
753 9037350
754 9073260
755 9109170
756 9145270
757 9181370
758 9217660
759 9253950
760 9290431
761 9326912
762 9363584
763 9400256
764 9437120
765 9473984
766 9511040
767 9548096
768 9585345
769 9622594
770 9660036
771 9697478
772 9735114
773 9772750
774 9810580
775 9848410
776 9886435
777 9924460
778 9962680
779 10000900
780 10039316
781 10077732
782 10116344
783 10154956
784 10193765
785 10232574
786 10271580
787 10310586
788 10349790
789 10388994
790 10428396
791 10467798
792 10507399
793 10547000
794 10586800
795 10626600
796 10666600
797 10706600
798 10746800
799 10787000
800 10827401
801 10867802
802 10908404
803 10949006
804 10989810
805 11030614
806 11071620
807 11112626
808 11153835
809 11195044
810 11236456
811 11277868
812 11319484
813 11361100
814 11402920
815 11444740
816 11486765
817 11528790
818 11571020
819 11613250
820 11655686
821 11698122
822 11740764
823 11783406
824 11826255
825 11869104
826 11912160
827 11955216
828 11998480
829 12041744
830 12085216
831 12128688
832 12172369
833 12216050
834 12259940
835 12303830
836 12347930
837 12392030
838 12436340
839 12480650
840 12525171
841 12569692
842 12614424
843 12659156
844 12704100
845 12749044
846 12794200
847 12839356
848 12884725
849 12930094
850 12975676
851 13021258
852 13067054
853 13112850
854 13158860
855 13204870
856 13251095
857 13297320
858 13343760
859 13390200
860 13436856
861 13483512
862 13530384
863 13577256
864 13624345
865 13671434
866 13718740
867 13766046
868 13813570
869 13861094
870 13908836
871 13956578
872 14004539
873 14052500
874 14100680
875 14148860
876 14197260
877 14245660
878 14294280
879 14342900
880 14391741
881 14440582
882 14489644
883 14538706
884 14587990
885 14637274
886 14686780
887 14736286
888 14786015
889 14835744
890 14885696
891 14935648
892 14985824
893 15036000
894 15086400
895 15136800
896 15187425
897 15238050
898 15288900
899 15339750
900 15390826
901 15441902
902 15493204
903 15544506
904 15596035
905 15647564
906 15699320
907 15751076
908 15803060
909 15855044
910 15907256
911 15959468
912 16011909
913 16064350
914 16117020
915 16169690
916 16222590
917 16275490
918 16328620
919 16381750
920 16435111
921 16488472
922 16542064
923 16595656
924 16649480
925 16703304
926 16757360
927 16811416
928 16865705
929 16919994
930 16974516
931 17029038
932 17083794
933 17138550
934 17193540
935 17248530
936 17303755
937 17358980
938 17414440
939 17469900
940 17525596
941 17581292
942 17637224
943 17693156
944 17749325
945 17805494
946 17861900
947 17918306
948 17974950
949 18031594
950 18088476
951 18145358
952 18202479
953 18259600
954 18316960
955 18374320
956 18431920
957 18489520
958 18547360
959 18605200
960 18663281
961 18721362
962 18779684
963 18838006
964 18896570
965 18955134
966 19013940
967 19072746
968 19131795
969 19190844
970 19250136
971 19309428
972 19368964
973 19428500
974 19488280
975 19548060
976 19608085
977 19668110
978 19728380
979 19788650
980 19849166
981 19909682
982 19970444
983 20031206
984 20092215
985 20153224
986 20214480
987 20275736
988 20337240
989 20398744
990 20460496
991 20522248
992 20584249
993 20646250
994 20708500
995 20770750
996 20833250
997 20895750
998 20958500
999 21021250
1000 21084251
