0 0
1 15
2 23
3 31
4 39
5 47
6 55
7 63
8 71
9 79
10 87
11 95
12 103
13 111
14 119
15 127
16 135
17 143
18 151
19 159
20 167
21 175
22 183
23 191
24 199
25 207
26 215
27 223
28 231
29 239
30 247
31 255
32 263
33 271
34 279
35 287
36 295
37 303
38 311
39 319
40 327
41 335
42 343
43 351
44 359
45 367
46 375
47 383
48 391
49 399
50 407
51 415
52 423
53 431
54 439
55 447
56 455
57 463
58 471
59 479
60 487
61 495
62 503
63 511
64 519
65 527
66 535
67 543
68 551
69 559
70 567
71 575
72 583
73 591
74 599
75 607
76 615
77 623
78 631
79 639
80 647
81 655
82 663
83 671
84 679
85 687
86 695
87 703
88 711
89 719
90 727
91 735
92 743
93 751
94 759
95 767
96 775
97 783
98 791
99 799
100 807
101 815
102 823
103 831
104 839
105 847
106 855
107 863
108 871
109 879
110 887
111 895
112 903
113 911
114 919
115 927
116 935
117 943
118 951
119 959
120 967
121 975
122 983
123 991
124 999
125 1007
126 1015
127 1023
128 1031
129 1039
130 1047
131 1055
132 1063
133 1071
134 1079
135 1087
136 1095
137 1103
138 1111
139 1119
140 1127
141 1135
142 1143
143 1151
144 1159
145 1167
146 1175
147 1183
148 1191
149 1199
150 1207
151 1215
152 1223
153 1231
154 1239
155 1247
156 1255
157 1263
158 1271
159 1279
160 1287
161 1295
162 1303
163 1311
164 1319
165 1327
166 1335
167 1343
168 1351
169 1359
170 1367
171 1375
172 1383
173 1391
174 1399
175 1407
176 1415
177 1423
178 1431
179 1439
180 1447
181 1455
182 1463
183 1471
184 1479
185 1487
186 1495
187 1503
188 1511
189 1519
190 1527
191 1535
192 1543
193 1551
194 1559
195 1567
196 1575
197 1583
198 1591
199 1599
200 1607
201 1615
202 1623
203 1631
204 1639
205 1647
206 1655
207 1663
208 1671
209 1679
210 1687
211 1695
212 1703
213 1711
214 1719
215 1727
216 1735
217 1743
218 1751
219 1759
220 1767
221 1775
222 1783
223 1791
224 1799
225 1807
226 1815
227 1823
228 1831
229 1839
230 1847
231 1855
232 1863
233 1871
234 1879
235 1887
236 1895
237 1903
238 1911
239 1919
240 1927
241 1935
242 1943
243 1951
244 1959
245 1967
246 1975
247 1983
248 1991
249 1999
250 2007
251 2015
252 2023
253 2031
254 2039
255 2047
256 2055
257 2063
258 2071
259 2079
260 2087
261 2095
262 2103
263 2111
264 2119
265 2127
266 2135
267 2143
268 2151
269 2159
270 2167
271 2175
272 2183
273 2191
274 2199
275 2207
276 2215
277 2223
278 2231
279 2239
280 2247
281 2255
282 2263
283 2271
284 2279
285 2287
286 2295
287 2303
288 2311
289 2319
290 2327
291 2335
292 2343
293 2351
294 2359
295 2367
296 2375
297 2383
298 2391
299 2399
300 2407
301 2415
302 2423
303 2431
304 2439
305 2447
306 2455
307 2463
308 2471
309 2479
310 2487
311 2495
312 2503
313 2511
314 2519
315 2527
316 2535
317 2543
318 2551
319 2559
320 2567
321 2575
322 2583
323 2591
324 2599
325 2607
326 2615
327 2623
328 2631
329 2639
330 2647
331 2655
332 2663
333 2671
334 2679
335 2687
336 2695
337 2703
338 2711
339 2719
340 2727
341 2735
342 2743
343 2751
344 2759
345 2767
346 2775
347 2783
348 2791
349 2799
350 2807
351 2815
352 2823
353 2831
354 2839
355 2847
356 2855
357 2863
358 2871
359 2879
360 2887
361 2895
362 2903
363 2911
364 2919
365 2927
366 2935
367 2943
368 2951
369 2959
370 2967
371 2975
372 2983
373 2991
374 2999
375 3007
376 3015
377 3023
378 3031
379 3039
380 3047
381 3055
382 3063
383 3071
384 3079
385 3087
386 3095
387 3103
388 3111
389 3119
390 3127
391 3135
392 3143
393 3151
394 3159
395 3167
396 3175
397 3183
398 3191
399 3199
400 3207
401 3215
402 3223
403 3231
404 3239
405 3247
406 3255
407 3263
408 3271
409 3279
410 3287
411 3295
412 3303
413 3311
414 3319
415 3327
416 3335
417 3343
418 3351
419 3359
420 3367
421 3375
422 3383
423 3391
424 3399
425 3407
426 3415
427 3423
428 3431
429 3439
430 3447
431 3455
432 3463
433 3471
434 3479
435 3487
436 3495
437 3503
438 3511
439 3519
440 3527
441 3535
442 3543
443 3551
444 3559
445 3567
446 3575
447 3583
448 3591
449 3599
450 3607
451 3615
452 3623
453 3631
454 3639
455 3647
456 3655
457 3663
458 3671
459 3679
460 3687
461 3695
462 3703
463 3711
464 3719
465 3727
466 3735
467 3743
468 3751
469 3759
470 3767
471 3775
472 3783
473 3791
474 3799
475 3807
476 3815
477 3823
478 3831
479 3839
480 3847
481 3855
482 3863
483 3871
484 3879
485 3887
486 3895
487 3903
488 3911
489 3919
490 3927
491 3935
492 3943
493 3951
494 3959
495 3967
496 3975
497 3983
498 3991
499 3999
500 4007
501 4015
502 4023
503 4031
504 4039
505 4047
506 4055
507 4063
508 4071
509 4079
510 4087
511 4095
512 4103
513 4111
514 4119
515 4127
516 4135
517 4143
518 4151
519 4159
520 4167
521 4175
522 4183
523 4191
524 4199
525 4207
526 4215
527 4223
528 4231
529 4239
530 4247
531 4255
532 4263
533 4271
534 4279
535 4287
536 4295
537 4303
538 4311
539 4319
540 4327
541 4335
542 4343
543 4351
544 4359
545 4367
546 4375
547 4383
548 4391
549 4399
550 4407
551 4415
552 4423
553 4431
554 4439
555 4447
556 4455
557 4463
558 4471
559 4479
560 4487
561 4495
562 4503
563 4511
564 4519
565 4527
566 4535
567 4543
568 4551
569 4559
570 4567
571 4575
572 4583
573 4591
574 4599
575 4607
576 4615
577 4623
578 4631
579 4639
580 4647
581 4655
582 4663
583 4671
584 4679
585 4687
586 4695
587 4703
588 4711
589 4719
590 4727
591 4735
592 4743
593 4751
594 4759
595 4767
596 4775
597 4783
598 4791
599 4799
600 4807
601 4815
602 4823
603 4831
604 4839
605 4847
606 4855
607 4863
608 4871
609 4879
610 4887
611 4895
612 4903
613 4911
614 4919
615 4927
616 4935
617 4943
618 4951
619 4959
620 4967
621 4975
622 4983
623 4991
624 4999
625 5007
626 5015
627 5023
628 5031
629 5039
630 5047
631 5055
632 5063
633 5071
634 5079
635 5087
636 5095
637 5103
638 5111
639 5119
640 5127
641 5135
642 5143
643 5151
644 5159
645 5167
646 5175
647 5183
648 5191
649 5199
650 5207
651 5215
652 5223
653 5231
654 5239
655 5247
656 5255
657 5263
658 5271
659 5279
660 5287
661 5295
662 5303
663 5311
664 5319
665 5327
666 5335
667 5343
668 5351
669 5359
670 5367
671 5375
672 5383
673 5391
674 5399
675 5407
676 5415
677 5423
678 5431
679 5439
680 5447
681 5455
682 5463
683 5471
684 5479
685 5487
686 5495
687 5503
688 5511
689 5519
690 5527
691 5535
692 5543
693 5551
694 5559
695 5567
696 5575
697 5583
698 5591
699 5599
700 5607
701 5615
702 5623
703 5631
704 5639
705 5647
706 5655
707 5663
708 5671
709 5679
710 5687
711 5695
712 5703
713 5711
714 5719
715 5727
716 5735
717 5743
718 5751
719 5759
720 5767
721 5775
722 5783
723 5791
724 5799
725 5807
726 5815
727 5823
728 5831
729 5839
730 5847
731 5855
732 5863
733 5871
734 5879
735 5887
736 5895
737 5903
738 5911
739 5919
740 5927
741 5935
742 5943
743 5951
744 5959
745 5967
746 5975
747 5983
748 5991
749 5999
750 6007
751 6015
752 6023
753 6031
754 6039
755 6047
756 6055
757 6063
758 6071
759 6079
760 6087
761 6095
762 6103
763 6111
764 6119
765 6127
766 6135
767 6143
768 6151
769 6159
770 6167
771 6175
772 6183
773 6191
774 6199
775 6207
776 6215
777 6223
778 6231
779 6239
780 6247
781 6255
782 6263
783 6271
784 6279
785 6287
786 6295
787 6303
788 6311
789 6319
790 6327
791 6335
792 6343
793 6351
794 6359
795 6367
796 6375
797 6383
798 6391
799 6399
800 6407
801 6415
802 6423
803 6431
804 6439
805 6447
806 6455
807 6463
808 6471
809 6479
810 6487
811 6495
812 6503
813 6511
814 6519
815 6527
816 6535
817 6543
818 6551
819 6559
820 6567
821 6575
822 6583
823 6591
824 6599
825 6607
826 6615
827 6623
828 6631
829 6639
830 6647
831 6655
832 6663
833 6671
834 6679
835 6687
836 6695
837 6703
838 6711
839 6719
840 6727
841 6735
842 6743
843 6751
844 6759
845 6767
846 6775
847 6783
848 6791
849 6799
850 6807
851 6815
852 6823
853 6831
854 6839
855 6847
856 6855
857 6863
858 6871
859 6879
860 6887
861 6895
862 6903
863 6911
864 6919
865 6927
866 6935
867 6943
868 6951
869 6959
870 6967
871 6975
872 6983
873 6991
874 6999
875 7007
876 7015
877 7023
878 7031
879 7039
880 7047
881 7055
882 7063
883 7071
884 7079
885 7087
886 7095
887 7103
888 7111
889 7119
890 7127
891 7135
892 7143
893 7151
894 7159
895 7167
896 7175
897 7183
898 7191
899 7199
900 7207
901 7215
902 7223
903 7231
904 7239
905 7247
906 7255
907 7263
908 7271
909 7279
910 7287
911 7295
912 7303
913 7311
914 7319
915 7327
916 7335
917 7343
918 7351
919 7359
920 7367
921 7375
922 7383
923 7391
924 7399
925 7407
926 7415
927 7423
928 7431
929 7439
930 7447
931 7455
932 7463
933 7471
934 7479
935 7487
936 7495
937 7503
938 7511
939 7519
940 7527
941 7535
942 7543
943 7551
944 7559
945 7567
946 7575
947 7583
948 7591
949 7599
950 7607
951 7615
952 7623
953 7631
954 7639
955 7647
956 7655
957 7663
958 7671
959 7679
960 7687
961 7695
962 7703
963 7711
964 7719
965 7727
966 7735
967 7743
968 7751
969 7759
970 7767
971 7775
972 7783
973 7791
974 7799
975 7807
976 7815
977 7823
978 7831
979 7839
980 7847
981 7855
982 7863
983 7871
984 7879
985 7887
986 7895
987 7903
988 7911
989 7919
990 7927
991 7935
992 7943
993 7951
994 7959
995 7967
996 7975
997 7983
998 7991
999 7999
1000 8007
