0 0
1 9
2 15
3 21
4 27
5 33
6 39
7 45
8 51
9 57
10 63
11 69
12 75
13 81
14 87
15 93
16 99
17 105
18 111
19 117
20 123
21 129
22 135
23 141
24 147
25 153
26 159
27 165
28 171
29 177
30 183
31 189
32 195
33 201
34 207
35 213
36 219
37 225
38 231
39 237
40 243
41 249
42 255
43 261
44 267
45 273
46 279
47 285
48 291
49 297
50 303
51 309
52 315
53 321
54 327
55 333
56 339
57 345
58 351
59 357
60 363
61 369
62 375
63 381
64 387
65 393
66 399
67 405
68 411
69 417
70 423
71 429
72 435
73 441
74 447
75 453
76 459
77 465
78 471
79 477
80 483
81 489
82 495
83 501
84 507
85 513
86 519
87 525
88 531
89 537
90 543
91 549
92 555
93 561
94 567
95 573
96 579
97 585
98 591
99 597
100 603
101 609
102 615
103 621
104 627
105 633
106 639
107 645
108 651
109 657
110 663
111 669
112 675
113 681
114 687
115 693
116 699
117 705
118 711
119 717
120 723
121 729
122 735
123 741
124 747
125 753
126 759
127 765
128 771
129 777
130 783
131 789
132 795
133 801
134 807
135 813
136 819
137 825
138 831
139 837
140 843
141 849
142 855
143 861
144 867
145 873
146 879
147 885
148 891
149 897
150 903
151 909
152 915
153 921
154 927
155 933
156 939
157 945
158 951
159 957
160 963
161 969
162 975
163 981
164 987
165 993
166 999
167 1005
168 1011
169 1017
170 1023
171 1029
172 1035
173 1041
174 1047
175 1053
176 1059
177 1065
178 1071
179 1077
180 1083
181 1089
182 1095
183 1101
184 1107
185 1113
186 1119
187 1125
188 1131
189 1137
190 1143
191 1149
192 1155
193 1161
194 1167
195 1173
196 1179
197 1185
198 1191
199 1197
200 1203
201 1209
202 1215
203 1221
204 1227
205 1233
206 1239
207 1245
208 1251
209 1257
210 1263
211 1269
212 1275
213 1281
214 1287
215 1293
216 1299
217 1305
218 1311
219 1317
220 1323
221 1329
222 1335
223 1341
224 1347
225 1353
226 1359
227 1365
228 1371
229 1377
230 1383
231 1389
232 1395
233 1401
234 1407
235 1413
236 1419
237 1425
238 1431
239 1437
240 1443
241 1449
242 1455
243 1461
244 1467
245 1473
246 1479
247 1485
248 1491
249 1497
250 1503
251 1509
252 1515
253 1521
254 1527
255 1533
256 1539
257 1545
258 1551
259 1557
260 1563
261 1569
262 1575
263 1581
264 1587
265 1593
266 1599
267 1605
268 1611
269 1617
270 1623
271 1629
272 1635
273 1641
274 1647
275 1653
276 1659
277 1665
278 1671
279 1677
280 1683
281 1689
282 1695
283 1701
284 1707
285 1713
286 1719
287 1725
288 1731
289 1737
290 1743
291 1749
292 1755
293 1761
294 1767
295 1773
296 1779
297 1785
298 1791
299 1797
300 1803
301 1809
302 1815
303 1821
304 1827
305 1833
306 1839
307 1845
308 1851
309 1857
310 1863
311 1869
312 1875
313 1881
314 1887
315 1893
316 1899
317 1905
318 1911
319 1917
320 1923
321 1929
322 1935
323 1941
324 1947
325 1953
326 1959
327 1965
328 1971
329 1977
330 1983
331 1989
332 1995
333 2001
334 2007
335 2013
336 2019
337 2025
338 2031
339 2037
340 2043
341 2049
342 2055
343 2061
344 2067
345 2073
346 2079
347 2085
348 2091
349 2097
350 2103
351 2109
352 2115
353 2121
354 2127
355 2133
356 2139
357 2145
358 2151
359 2157
360 2163
361 2169
362 2175
363 2181
364 2187
365 2193
366 2199
367 2205
368 2211
369 2217
370 2223
371 2229
372 2235
373 2241
374 2247
375 2253
376 2259
377 2265
378 2271
379 2277
380 2283
381 2289
382 2295
383 2301
384 2307
385 2313
386 2319
387 2325
388 2331
389 2337
390 2343
391 2349
392 2355
393 2361
394 2367
395 2373
396 2379
397 2385
398 2391
399 2397
400 2403
401 2409
402 2415
403 2421
404 2427
405 2433
406 2439
407 2445
408 2451
409 2457
410 2463
411 2469
412 2475
413 2481
414 2487
415 2493
416 2499
417 2505
418 2511
419 2517
420 2523
421 2529
422 2535
423 2541
424 2547
425 2553
426 2559
427 2565
428 2571
429 2577
430 2583
431 2589
432 2595
433 2601
434 2607
435 2613
436 2619
437 2625
438 2631
439 2637
440 2643
441 2649
442 2655
443 2661
444 2667
445 2673
446 2679
447 2685
448 2691
449 2697
450 2703
451 2709
452 2715
453 2721
454 2727
455 2733
456 2739
457 2745
458 2751
459 2757
460 2763
461 2769
462 2775
463 2781
464 2787
465 2793
466 2799
467 2805
468 2811
469 2817
470 2823
471 2829
472 2835
473 2841
474 2847
475 2853
476 2859
477 2865
478 2871
479 2877
480 2883
481 2889
482 2895
483 2901
484 2907
485 2913
486 2919
487 2925
488 2931
489 2937
490 2943
491 2949
492 2955
493 2961
494 2967
495 2973
496 2979
497 2985
498 2991
499 2997
500 3003
501 3009
502 3015
503 3021
504 3027
505 3033
506 3039
507 3045
508 3051
509 3057
510 3063
511 3069
512 3075
513 3081
514 3087
515 3093
516 3099
517 3105
518 3111
519 3117
520 3123
521 3129
522 3135
523 3141
524 3147
525 3153
526 3159
527 3165
528 3171
529 3177
530 3183
531 3189
532 3195
533 3201
534 3207
535 3213
536 3219
537 3225
538 3231
539 3237
540 3243
541 3249
542 3255
543 3261
544 3267
545 3273
546 3279
547 3285
548 3291
549 3297
550 3303
551 3309
552 3315
553 3321
554 3327
555 3333
556 3339
557 3345
558 3351
559 3357
560 3363
561 3369
562 3375
563 3381
564 3387
565 3393
566 3399
567 3405
568 3411
569 3417
570 3423
571 3429
572 3435
573 3441
574 3447
575 3453
576 3459
577 3465
578 3471
579 3477
580 3483
581 3489
582 3495
583 3501
584 3507
585 3513
586 3519
587 3525
588 3531
589 3537
590 3543
591 3549
592 3555
593 3561
594 3567
595 3573
596 3579
597 3585
598 3591
599 3597
600 3603
601 3609
602 3615
603 3621
604 3627
605 3633
606 3639
607 3645
608 3651
609 3657
610 3663
611 3669
612 3675
613 3681
614 3687
615 3693
616 3699
617 3705
618 3711
619 3717
620 3723
621 3729
622 3735
623 3741
624 3747
625 3753
626 3759
627 3765
628 3771
629 3777
630 3783
631 3789
632 3795
633 3801
634 3807
635 3813
636 3819
637 3825
638 3831
639 3837
640 3843
641 3849
642 3855
643 3861
644 3867
645 3873
646 3879
647 3885
648 3891
649 3897
650 3903
651 3909
652 3915
653 3921
654 3927
655 3933
656 3939
657 3945
658 3951
659 3957
660 3963
661 3969
662 3975
663 3981
664 3987
665 3993
666 3999
667 4005
668 4011
669 4017
670 4023
671 4029
672 4035
673 4041
674 4047
675 4053
676 4059
677 4065
678 4071
679 4077
680 4083
681 4089
682 4095
683 4101
684 4107
685 4113
686 4119
687 4125
688 4131
689 4137
690 4143
691 4149
692 4155
693 4161
694 4167
695 4173
696 4179
697 4185
698 4191
699 4197
700 4203
701 4209
702 4215
703 4221
704 4227
705 4233
706 4239
707 4245
708 4251
709 4257
710 4263
711 4269
712 4275
713 4281
714 4287
715 4293
716 4299
717 4305
718 4311
719 4317
720 4323
721 4329
722 4335
723 4341
724 4347
725 4353
726 4359
727 4365
728 4371
729 4377
730 4383
731 4389
732 4395
733 4401
734 4407
735 4413
736 4419
737 4425
738 4431
739 4437
740 4443
741 4449
742 4455
743 4461
744 4467
745 4473
746 4479
747 4485
748 4491
749 4497
750 4503
751 4509
752 4515
753 4521
754 4527
755 4533
756 4539
757 4545
758 4551
759 4557
760 4563
761 4569
762 4575
763 4581
764 4587
765 4593
766 4599
767 4605
768 4611
769 4617
770 4623
771 4629
772 4635
773 4641
774 4647
775 4653
776 4659
777 4665
778 4671
779 4677
780 4683
781 4689
782 4695
783 4701
784 4707
785 4713
786 4719
787 4725
788 4731
789 4737
790 4743
791 4749
792 4755
793 4761
794 4767
795 4773
796 4779
797 4785
798 4791
799 4797
800 4803
801 4809
802 4815
803 4821
804 4827
805 4833
806 4839
807 4845
808 4851
809 4857
810 4863
811 4869
812 4875
813 4881
814 4887
815 4893
816 4899
817 4905
818 4911
819 4917
820 4923
821 4929
822 4935
823 4941
824 4947
825 4953
826 4959
827 4965
828 4971
829 4977
830 4983
831 4989
832 4995
833 5001
834 5007
835 5013
836 5019
837 5025
838 5031
839 5037
840 5043
841 5049
842 5055
843 5061
844 5067
845 5073
846 5079
847 5085
848 5091
849 5097
850 5103
851 5109
852 5115
853 5121
854 5127
855 5133
856 5139
857 5145
858 5151
859 5157
860 5163
861 5169
862 5175
863 5181
864 5187
865 5193
866 5199
867 5205
868 5211
869 5217
870 5223
871 5229
872 5235
873 5241
874 5247
875 5253
876 5259
877 5265
878 5271
879 5277
880 5283
881 5289
882 5295
883 5301
884 5307
885 5313
886 5319
887 5325
888 5331
889 5337
890 5343
891 5349
892 5355
893 5361
894 5367
895 5373
896 5379
897 5385
898 5391
899 5397
900 5403
901 5409
902 5415
903 5421
904 5427
905 5433
906 5439
907 5445
908 5451
909 5457
910 5463
911 5469
912 5475
913 5481
914 5487
915 5493
916 5499
917 5505
918 5511
919 5517
920 5523
921 5529
922 5535
923 5541
924 5547
925 5553
926 5559
927 5565
928 5571
929 5577
930 5583
931 5589
932 5595
933 5601
934 5607
935 5613
936 5619
937 5625
938 5631
939 5637
940 5643
941 5649
942 5655
943 5661
944 5667
945 5673
946 5679
947 5685
948 5691
949 5697
950 5703
951 5709
952 5715
953 5721
954 5727
955 5733
956 5739
957 5745
958 5751
959 5757
960 5763
961 5769
962 5775
963 5781
964 5787
965 5793
966 5799
967 5805
968 5811
969 5817
970 5823
971 5829
972 5835
973 5841
974 5847
975 5853
976 5859
977 5865
978 5871
979 5877
980 5883
981 5889
982 5895
983 5901
984 5907
985 5913
986 5919
987 5925
988 5931
989 5937
990 5943
991 5949
992 5955
993 5961
994 5967
995 5973
996 5979
997 5985
998 5991
999 5997
1000 6003
