0 1
1 6
2 21
3 56
4 126
5 252
6 462
7 792
8 1287
9 2002
10 3003
11 4368
12 6188
13 8568
14 11628
15 15504
16 20349
17 26334
18 33649
19 42504
20 53130
21 65780
22 80730
23 98280
24 118755
25 142506
26 169911
27 201376
28 237336
29 278256
30 324632
31 376992
32 435897
33 501942
34 575757
35 658008
36 749398
37 850668
38 962598
39 1086008
40 1221759
41 1370754
42 1533939
43 1712304
44 1906884
45 2118760
46 2349060
47 2598960
48 2869685
49 3162510
50 3478761
51 3819816
52 4187106
53 4582116
54 5006386
55 5461512
56 5949147
57 6471002
58 7028847
59 7624512
60 8259888
61 8936928
62 9657648
63 10424128
64 11238513
65 12103014
66 13019909
67 13991544
68 15020334
69 16108764
70 17259390
71 18474840
72 19757815
73 21111090
74 22537515
75 24040016
76 25621596
77 27285336
78 29034396
79 30872016
80 32801517
81 34826302
82 36949857
83 39175752
84 41507642
85 43949268
86 46504458
87 49177128
88 51971283
89 54891018
90 57940519
91 61124064
92 64446024
93 67910864
94 71523144
95 75287520
96 79208745
97 83291670
98 87541245
99 91962520
100 96560646
101 101340876
102 106308566
103 111469176
104 116828271
105 122391522
106 128164707
107 134153712
108 140364532
109 146803272
110 153476148
111 160389488
112 167549733
113 174963438
114 182637273
115 190578024
116 198792594
117 207288004
118 216071394
119 225150024
120 234531275
121 244222650
122 254231775
123 264566400
124 275234400
125 286243776
126 297602656
127 309319296
128 321402081
129 333859526
130 346700277
131 359933112
132 373566942
133 387610812
134 402073902
135 416965528
136 432295143
137 448072338
138 464306843
139 481008528
140 498187404
141 515853624
142 534017484
143 552689424
144 571880029
145 591600030
146 611860305
147 632671880
148 654045930
149 675993780
150 698526906
151 721656936
152 745395651
153 769754986
154 794747031
155 820384032
156 846678392
157 873642672
158 901289592
159 929632032
160 958683033
161 988455798
162 1018963693
163 1050220248
164 1082239158
165 1115034284
166 1148619654
167 1183009464
168 1218218079
169 1254260034
170 1291150035
171 1328902960
172 1367533860
173 1407057960
174 1447490660
175 1488847536
176 1531144341
177 1574397006
178 1618621641
179 1663834536
180 1710052162
181 1757291172
182 1805568402
183 1854900872
184 1905305787
185 1956800538
186 2009402703
187 2063130048
188 2118000528
189 2174032288
190 2231243664
191 2289653184
192 2349279569
193 2410141734
194 2472258789
195 2535650040
196 2600334990
197 2666333340
198 2733664990
199 2802350040
200 2872408791
201 2943861746
202 3016729611
203 3091033296
204 3166793916
205 3244032792
206 3322771452
207 3403031632
208 3484835277
209 3568204542
210 3653161793
211 3739729608
212 3827930778
213 3917788308
214 4009325418
215 4102565544
216 4197532339
217 4294249674
218 4392741639
219 4493032544
220 4595146920
221 4699109520
222 4804945320
223 4912679520
224 5022337545
225 5133945046
226 5247527901
227 5363112216
228 5480724326
229 5600390796
230 5722138422
231 5845994232
232 5971985487
233 6100139682
234 6230484547
235 6363048048
236 6497858388
237 6634944008
238 6774333588
239 6916056048
240 7060140549
241 7206616494
242 7355513529
243 7506861544
244 7660690674
245 7817031300
246 7975914050
247 8137369800
248 8301429675
249 8468125050
250 8637487551
251 8809549056
252 8984341696
253 9161897856
254 9342250176
255 9525431552
256 9711475137
257 9900414342
258 10092282837
259 10287114552
260 10484943678
261 10685804668
262 10889732238
263 11096761368
264 11306927303
265 11520265554
266 11736811899
267 11956602384
268 12179673324
269 12406061304
270 12635803180
271 12868936080
272 13105497405
273 13345524830
274 13589056305
275 13836130056
276 14086784586
277 14341058676
278 14598991386
279 14860622056
280 15125990307
281 15395136042
282 15668099447
283 15944920992
284 16225641432
285 16510301808
286 16798943448
287 17091607968
288 17388337273
289 17689173558
290 17994159309
291 18303337304
292 18616750614
293 18934442604
294 19256456934
295 19582837560
296 19913628735
297 20248875010
298 20588621235
299 20932912560
300 21281794436
301 21635312616
302 21993513156
303 22356442416
304 22724147061
305 23096674062
306 23474070697
307 23856384552
308 24243663522
309 24635955812
310 25033309938
311 25435774728
312 25843399323
313 26256233178
314 26674326063
315 27097728064
316 27526489584
317 27960661344
318 28400294384
319 28845440064
320 29296150065
321 29752476390
322 30214471365
323 30682187640
324 31155678190
325 31634996316
326 32120195646
327 32611330136
328 33108454071
329 33611622066
330 34120889067
331 34636310352
332 35157941532
333 35685838552
334 36220057692
335 36760655568
336 37307689133
337 37861215678
338 38421292833
339 38987978568
340 39561331194
341 40141409364
342 40728272074
343 41321978664
344 41922588819
345 42530162570
346 43144760295
347 43766442720
348 44395270920
349 45031306320
350 45674610696
351 46325246176
352 46983275241
353 47648760726
354 48321765821
355 49002354072
356 49690589382
357 50386536012
358 51090258582
359 51801822072
360 52521291823
361 53248733538
362 53984213283
363 54727797488
364 55479552948
365 56239546824
366 57007846644
367 57784520304
368 58569636069
369 59363262574
370 60165468825
371 60976324200
372 61795898450
373 62624261700
374 63461484450
375 64307637576
376 65162792331
377 66027020346
378 66900393631
379 67782984576
380 68674865952
381 69576110912
382 70486792992
383 71406986112
384 72336764577
385 73276203078
386 74225376693
387 75184360888
388 76153231518
389 77132064828
390 78120937454
391 79119926424
392 80129109159
393 81148563474
394 82178367579
395 83218600080
396 84269339980
397 85330666680
398 86402659980
399 87485400080
400 88578967581
401 89683443486
402 90798909201
403 91925446536
404 93063137706
405 94212065332
406 95372312442
407 96543962472
408 97727099267
409 98921807082
410 100128170583
411 101346274848
412 102576205368
413 103818048048
414 105071889208
415 106337815584
416 107615914329
417 108906273014
418 110208979629
419 111524122584
420 112851790710
421 114192073260
422 115545059910
423 116910840760
424 118289506335
425 119681147586
426 121085855891
427 122503723056
428 123934841316
429 125379303336
430 126837202212
431 128308631472
432 129793685077
433 131292457422
434 132805043337
435 134331538088
436 135872037378
437 137426637348
438 138995434578
439 140578526088
440 142176009339
441 143787982234
442 145414543119
443 147055790784
444 148711824464
445 150382743840
446 152068649040
447 153769640640
448 155485819665
449 157217287590
450 158964146341
451 160726498296
452 162504446286
453 164298093596
454 166107543966
455 167932901592
456 169774271127
457 171631757682
458 173505466827
459 175395504592
460 177301977468
461 179224992408
462 181164656828
463 183121078608
464 185094366093
465 187084628094
466 189091973889
467 191116513224
468 193158356314
469 195217613844
470 197294396970
471 199388817320
472 201500986995
473 203631018570
474 205779025095
475 207945120096
476 210129417576
477 212332032016
478 214553078376
479 216792672096
480 219050929097
481 221327965782
482 223623899037
483 225938846232
484 228272925222
485 230626254348
486 232998952438
487 235391138808
488 237802933263
489 240234456098
490 242685828099
491 245157170544
492 247648605204
493 250160254344
494 252692240724
495 255244687600
496 257817718725
497 260411458350
498 263026031225
499 265661562600
500 268318178226
501 270996004356
502 273695167746
503 276415795656
504 279158015851
505 281921956602
506 284707746687
507 287515515392
508 290345392512
509 293197508352
510 296071993728
511 298968979968
512 301888598913
513 304830982918
514 307796264853
515 310784578104
516 313796056574
517 316830834684
518 319889047374
519 322970830104
520 326076318855
521 329205650130
522 332358960955
523 335536388880
524 338738071980
525 341964148856
526 345214758636
527 348490040976
528 351790136061
529 355115184606
530 358465327857
531 361840707592
532 365241466122
533 368667746292
534 372119691482
535 375597445608
536 379101153123
537 382630959018
538 386187008823
539 389769448608
540 393378424984
541 397014085104
542 400676576664
543 404366047904
544 408082647609
545 411826525110
546 415597830285
547 419396713560
548 423223325910
549 427077818860
550 430960344486
551 434871055416
552 438810104831
553 442777646466
554 446773834611
555 450798824112
556 454852770372
557 458935829352
558 463048157572
559 467189912112
560 471361250613
561 475562331278
562 479793312873
563 484054354728
564 488345616738
565 492667259364
566 497019443634
567 501402331144
568 505816084059
569 510260865114
570 514736837615
571 519244165440
572 523783013040
573 528353545440
574 532955928240
575 537590327616
576 542256910321
577 546955843686
578 551687295621
579 556451434616
580 561248429742
581 566078450652
582 570941667582
583 575838251352
584 580768373367
585 585732205618
586 590729920683
587 595761691728
588 600827692508
589 605928097368
590 611063081244
591 616232819664
592 621437488749
593 626677265214
594 631952326369
595 637262850120
596 642609014970
597 647991000020
598 653408984970
599 658863150120
600 664353676371
601 669880745226
602 675444538791
603 681045239776
604 686683031496
605 692358097872
606 698070623432
607 703820793312
608 709608793257
609 715434809622
610 721299029373
611 727201640088
612 733142829958
613 739122787788
614 745141702998
615 751199765624
616 757297166319
617 763434096354
618 769610747619
619 775827312624
620 782083984500
621 788380957000
622 794718424500
623 801096582000
624 807515625125
625 813975750126
626 820477153881
627 827020033896
628 833604588306
629 840231015876
630 846899516002
631 853610288712
632 860363534667
633 867159455162
634 873998252127
635 880880128128
636 887805286368
637 894773930688
638 901786265568
639 908842496128
640 915942828129
641 923087467974
642 930276622709
643 937510500024
644 944789308254
645 952113256380
646 959482554030
647 966897411480
648 974358039655
649 981864650130
650 989417455131
651 997016667536
652 1004662500876
653 1012355169336
654 1020094887756
655 1027881871632
656 1035716337117
657 1043598501022
658 1051528580817
659 1059506794632
660 1067533361258
661 1075608500148
662 1083732431418
663 1091905375848
664 1100127554883
665 1108399190634
666 1116720505879
667 1125091724064
668 1133513069304
669 1141984766384
670 1150507040760
671 1159080118560
672 1167704226585
673 1176379592310
674 1185106443885
675 1193885010136
676 1202715520566
677 1211598205356
678 1220533295366
679 1229521022136
680 1238561617887
681 1247655315522
682 1256802348627
683 1266002951472
684 1275257359012
685 1284565806888
686 1293928531428
687 1303345769648
688 1312817759253
689 1322344738638
690 1331926946889
691 1341564623784
692 1351258009794
693 1361007346084
694 1370812874514
695 1380674837640
696 1390593478715
697 1400569041690
698 1410601771215
699 1420691912640
700 1430839712016
701 1441045416096
702 1451309272336
703 1461631528896
704 1472012434641
705 1482452239142
706 1492951192677
707 1503509546232
708 1514127551502
709 1524805460892
710 1535543527518
711 1546342005208
712 1557201148503
713 1568121212658
714 1579102453643
715 1590145128144
716 1601249493564
717 1612415808024
718 1623644330364
719 1634935320144
720 1646289037645
721 1657705743870
722 1669185700545
723 1680729170120
724 1692336415770
725 1704007701396
726 1715743291626
727 1727543451816
728 1739408448051
729 1751338547146
730 1763334016647
731 1775395124832
732 1787522140712
733 1799715334032
734 1811974975272
735 1824301335648
736 1836694687113
737 1849155302358
738 1861683454813
739 1874279418648
740 1886943468774
741 1899675880844
742 1912476931254
743 1925346897144
744 1938286056399
745 1951294687650
746 1964373070275
747 1977521484400
748 1990740210900
749 2004029531400
750 2017389728276
751 2030821084656
752 2044323884421
753 2057898412206
754 2071544953401
755 2085263794152
756 2099055221362
757 2112919522692
758 2126856986562
759 2140867902152
760 2154952559403
761 2169111249018
762 2183344262463
763 2197651891968
764 2212034430528
765 2226492171904
766 2241025410624
767 2255634441984
768 2270319562049
769 2285081067654
770 2299919256405
771 2314834426680
772 2329826877630
773 2344896909180
774 2360044822030
775 2375270917656
776 2390575498311
777 2405958867026
778 2421421327611
779 2436963184656
780 2452584743532
781 2468286310392
782 2484068192172
783 2499930696592
784 2515874132157
785 2531898808158
786 2548005034673
787 2564193122568
788 2580463383498
789 2596816129908
790 2613251675034
791 2629770332904
792 2646372418339
793 2663058246954
794 2679828135159
795 2696682400160
796 2713621359960
797 2730645333360
798 2747754639960
799 2764949600160
800 2782230535161
801 2799597766966
802 2817051618381
803 2834592413016
804 2852220475286
805 2869936130412
806 2887739704422
807 2905631524152
808 2923611917247
809 2941681212162
810 2959839738163
811 2978087825328
812 2996425804548
813 3014854007528
814 3033372766788
815 3051982415664
816 3070683288309
817 3089475719694
818 3108360045609
819 3127336602664
820 3146405728290
821 3165567760740
822 3184823039090
823 3204171903240
824 3223614693915
825 3243151752666
826 3262783421871
827 3282510044736
828 3302331965296
829 3322249528416
830 3342263079792
831 3362372965952
832 3382579534257
833 3402883132902
834 3423284110917
835 3443782818168
836 3464379605358
837 3485074824028
838 3505868826558
839 3526761966168
840 3547754596919
841 3568847073714
842 3590039752299
843 3611332989264
844 3632727142044
845 3654222568920
846 3675819629020
847 3697518682320
848 3719320089645
849 3741224212670
850 3763231413921
851 3785342056776
852 3807556505466
853 3829875125076
854 3852298281546
855 3874826341672
856 3897459673107
857 3920198644362
858 3943043624807
859 3965994984672
860 3989053095048
861 4012218327888
862 4035491056008
863 4058871653088
864 4082360493673
865 4105957953174
866 4129664407869
867 4153480234904
868 4177405812294
869 4201441518924
870 4225587734550
871 4249844839800
872 4274213216175
873 4298693246050
874 4323285312675
875 4347989800176
876 4372807093556
877 4397737578696
878 4422781642356
879 4447939672176
880 4473212056677
881 4498599185262
882 4524101448217
883 4549719236712
884 4575452942802
885 4601302959428
886 4627269680418
887 4653353500488
888 4679554815243
889 4705874021178
890 4732311515679
891 4758867697024
892 4785542964384
893 4812337717824
894 4839252358304
895 4866287287680
896 4893442908705
897 4920719625030
898 4948117841205
899 4975637962680
900 5003280395806
901 5031045547836
902 5058933826926
903 5086945642136
904 5115081403431
905 5143341521682
906 5171726408667
907 5200236477072
908 5228872140492
909 5257633813432
910 5286521911308
911 5315536850448
912 5344679048093
913 5373948922398
914 5403346892433
915 5432873378184
916 5462528800554
917 5492313581364
918 5522228143354
919 5552272910184
920 5582448306435
921 5612754757610
922 5643192690135
923 5673762531360
924 5704464709560
925 5735299653936
926 5766267794616
927 5797369562656
928 5828605390041
929 5859975709686
930 5891480955437
931 5923121562072
932 5954897965302
933 5986810601772
934 6018859909062
935 6051046325688
936 6083370291103
937 6115832245698
938 6148432630803
939 6181171888688
940 6214050462564
941 6247068796584
942 6280227335844
943 6313526526384
944 6346966815189
945 6380548650190
946 6414272480265
947 6448138755240
948 6482147925890
949 6516300443940
950 6550596762066
951 6585037333896
952 6619622614011
953 6654353057946
954 6689229122191
955 6724251264192
956 6759419942352
957 6794735616032
958 6830198745552
959 6865809792192
960 6901569218193
961 6937477486758
962 6973535062053
963 7009742409208
964 7046099994318
965 7082608284444
966 7119267747614
967 7156078852824
968 7193042070039
969 7230157870194
970 7267426725195
971 7304849107920
972 7342425492220
973 7380156352920
974 7418042165820
975 7456083407696
976 7494280556301
977 7532634090366
978 7571144489601
979 7609812234696
980 7648637807322
981 7687621690132
982 7726764366762
983 7766066321832
984 7805528040947
985 7845150010698
986 7884932718663
987 7924876653408
988 7964982304488
989 8005250162448
990 8045680718824
991 8086274466144
992 8127031897929
993 8167953508694
994 8209039793949
995 8250291250200
996 8291708374950
997 8333291666700
998 8375041624950
999 8416958750200
1000 8459043543951
