0 0
1 1
2 2
3 3
4 5
5 7
6 10
7 14
8 19
9 25
10 33
11 43
12 55
13 70
14 88
15 110
16 137
17 169
18 207
19 253
20 307
21 371
22 447
23 536
24 640
25 762
26 904
27 1069
28 1261
29 1483
30 1739
31 2035
32 2375
33 2765
34 3213
35 3725
36 4310
37 4978
38 5738
39 6602
40 7584
41 8697
42 9957
43 11383
44 12993
45 14809
46 16857
47 19161
48 21751
49 24661
50 27925
51 31583
52 35680
53 40262
54 45382
55 51100
56 57478
57 64586
58 72503
59 81311
60 91103
61 101983
62 114059
63 127453
64 142301
65 158745
66 176945
67 197077
68 219327
69 243903
70 271033
71 300960
72 333952
73 370304
74 410330
75 454376
76 502822
77 556072
78 614571
79 678805
80 749293
81 826605
82 911361
83 1004225
84 1105923
85 1217245
86 1339037
87 1472221
88 1617799
89 1776845
90 1950527
91 2140113
92 2346961
93 2572546
94 2818466
95 3086434
96 3378308
97 3696096
98 4041952
99 4418208
100 4827382
101 5272175
102 5755505
103 6280521
104 6850599
105 7469383
106 8140801
107 8869061
108 9658701
109 10514607
110 11442013
111 12446557
112 13534301
113 14711739
114 15985857
115 17364161
116 18854689
117 20466077
118 22207598
119 24089176
120 26121466
121 28315898
122 30684698
123 33240982
124 35998808
125 38973208
126 42180294
127 45637321
128 49362731
129 53376275
130 57699091
131 62353761
132 67364449
133 72756999
134 78559007
135 84799981
136 91511461
137 98727105
138 106482881
139 114817207
140 123771063
141 133388213
142 143715369
143 154802337
144 166702271
145 179471873
146 193171572
147 207865816
148 223623318
149 240517270
150 258625688
151 278031704
152 298823824
153 321096336
154 344949654
155 370490636
156 397833057
157 427098017
158 458414331
159 491919077
160 527758085
161 566086405
162 607068945
163 650881055
164 697709087
165 747751143
166 801217767
167 858332611
168 919333315
169 984472323
170 1054017681
171 1128254065
172 1207483741
173 1292027523
174 1382225969
175 1478440519
176 1581054633
177 1690475182
178 1807133798
179 1931488220
180 2064023922
181 2205255702
182 2355729270
183 2516023158
184 2686750582
185 2868561326
186 3062143968
187 3268228064
188 3487586379
189 3721037477
190 3969448293
191 4233736755
192 4514874803
193 4813891411
194 5131875667
195 5469980297
196 5829425201
197 6211501069
198 6617573491
199 7049087093
200 7507569781
201 7994637527
202 8511999197
203 9061461533
204 9644934717
205 10264438013
206 10922105597
207 11620193021
208 12361083807
209 13147296253
210 13981490953
211 14866478482
212 15805227334
213 16800872670
214 17856725260
215 18976280748
216 20163229804
217 21421468524
218 22755109234
219 24168492260
220 25666198028
221 27253059634
222 28934176486
223 30714928369
224 32600990053
225 34598347109
226 36713312229
227 38952542189
228 41323056175
229 43832254703
230 46487939311
231 49298333765
232 52272105977
233 55418390847
234 58746814783
235 62267521087
236 65991196413
237 69929099101
238 74093088559
239 78495655883
240 83149956589
241 88069844581
242 93269907557
243 98765504805
244 104572806437
245 110708834311
246 117191505633
247 124039678237
248 131273197856
249 138912948378
250 146980904090
251 155500184218
252 164495110820
253 173991269028
254 184015569918
255 194596317182
256 205763276520
257 217547748068
258 229982643132
259 243102564060
260 256943887642
261 271544853347
262 286945655203
263 303188537763
264 320317897507
265 338380388481
266 357425032627
267 377503336247
268 398669411383
269 420980102575
270 444495120559
271 469277181629
272 495392153169
273 522909207051
274 551900979537
275 582443738275
276 614617558179
277 648506504779
278 684198825739
279 721787152381
280 761368709821
281 803045536445
282 846924714685
283 893118611717
284 941745130811
285 992927975483
286 1046796925005
287 1103488122089
288 1163144375076
289 1225915473100
290 1291958515188
291 1361438255742
292 1434527464862
293 1511407304606
294 1592267723742
295 1677307869492
296 1766736517432
297 1860772522300
298 1959645288238
299 2063595259694
300 2172874435992
301 2287746908056
302 2408489418663
303 2535391949479
304 2668758333327
305 2808906893257
306 2956171111875
307 3110900329411
308 3273460472301
309 3444234815943
310 3623624780185
311 3812050759489
312 4009952991701
313 4217792464091
314 4436051858747
315 4665236541617
316 4905875593903
317 5158522888111
318 5423758213463
319 5702188449367
320 5994448789591
321 6301204022165
322 6623149863829
323 6961014352021
324 7315559299743
325 7687581812351
326 8077915869523
327 8487433978213
328 8917048895845
329 9367715427295
330 9840432302027
331 10336244130786
332 10856243445826
333 11401572831618
334 11973427145608
335 12573055833526
336 13201765346742
337 13860921661530
338 14551952905300
339 15276352097876
340 16035680008076
341 16831568131186
342 17665721796126
343 18539923403016
344 19456035797286
345 20416005789990
346 21421867825451
347 22475747803083
348 23579867064001
349 24736546543971
350 25948211100425
351 27217394025073
352 28546741744263
353 29939018715783
354 31397112534599
355 32924039250467
356 34522948907045
357 36197131316193
358 37950022071265
359 39785208810017
360 41706437742233
361 43717620446711
362 45822840949483
363 48026363099893
364 50332638250103
365 52746313251381
366 55272238785327
367 57915478036815
368 60681315723599
369 63575267502421
370 66603089759829
371 69770789804309
372 73084636481557
373 76551171222675
374 80177219543723
375 83969903020715
376 87936651751509
377 92085217325168
378 96423686325374
379 100960494381182
380 105704440788158
381 110664703729126
382 115850856109990
383 121272882036426
384 126941193963518
385 132866650536382
386 139060575150476
387 145534775266956
388 152301562504020
389 159373773536084
390 166764791839938
391 174488570311874
392 182559654791318
393 190993208534265
394 199805037663879
395 209011617638029
396 218630120781453
397 228678444913897
398 239175243118633
399 250139954703913
400 261592837393257
401 273555000793963
402 286048441201963
403 299096077783961
404 312721790191769
405 326950457673207
406 341807999726001
407 357321418355885
408 373518842010167
409 390429571239295
410 408084126154725
411 426514295761829
412 445753189227345
413 465835289157553
414 486796506974129
415 508674240455089
416 531507433525577
417 555336638394725
418 580204080114803
419 606153723656859
420 633231343609499
421 661484596586651
422 690963096449179
423 721718492458531
424 753804550458915
425 787277237204869
426 822194807964966
427 858617897510220
428 896609614617356
429 936235640231502
430 977564329410502
431 1020666817195508
432 1065617128567968
433 1112492292630302
434 1161372461170974
435 1212341031791454
436 1265484775748914
437 1320893970693426
438 1378662538496306
439 1438888188341852
440 1501672565281372
441 1567121404467164
442 1635344691259364
443 1706456827426821
444 1780576803682901
445 1857828378772219
446 1938340265353947
447 2022246322948511
448 2109685758189309
449 2200803332652163
450 2295749578558147
451 2394681022619675
452 2497760418332745
453 2605156987042889
454 2717046668085961
455 2833612378340297
456 2955044281552841
457 3081540067775273
458 3213305243283921
459 3350553431384703
460 3493506684478079
461 3642395807798719
462 3797460695274195
463 3958950677920787
464 4127124885236337
465 4302252620082289
466 4484613747520483
467 4674499098115007
468 4872210886244031
469 5078063143939775
470 5292382170822809
471 5515507000733693
472 5747789885638653
473 5989596797437239
474 6241307948339141
475 6503318330451837
476 6776038275275069
477 7059894033840499
478 7355328378210102
479 7662801225104470
480 7982790282478208
481 8315791719835264
482 8662320863138732
483 9022912915219372
484 9398123702563318
485 9788530449425848
486 10194732580271344
487 10617352551517108
488 11057036713629910
489 11514456204681174
490 11990307876446172
491 12485315254208476
492 13000229531492648
493 13535830600929586
494 14092928122539756
495 14672362630786796
496 15275006681737105
497 15901766041747893
498 16553580919179069
499 17231427240609395
500 17936317973131187
501 18669304494376211
502 19431478011913555
503 20223971033761193
504 21047958891837343
505 21904661320169701
506 22795344089788645
507 23721320702322245
508 24683954144306757
509 25684658704342085
510 26724901855321669
511 27806206203966039
512 28930151510014199
513 30098376777535549
514 31312582420829381
515 32574532507514063
516 33886057081525455
517 35249054568754195
518 36665494268197337
519 38137418931626819
520 39666947434794265
521 41256277543348577
522 42907688776780897
523 44623545373736033
524 46406299362198307
525 48258493738210593
526 50182765756817479
527 52181850339106159
528 54258583599382895
529 56415906496563567
530 58656868614055037
531 60984632072582151
532 63402475580466387
533 65913798626076738
534 68522125817366658
535 71231111373474282
536 74044543773594772
537 76966350568544372
538 80000603360512166
539 83151522956745830
540 86423484703147878
541 89821024003849126
542 93348842033097650
543 97011811646052448
544 100814983495176682
545 104763592359220458
546 108863063692056018
547 113119020398751950
548 117537289846593230
549 122123911119050886
550 126885142520849240
551 131827469342625624
552 136957611894001585
553 142282533814050987
554 147809450668526443
555 153545838843559737
556 159499444745742233
557 165678294318899865
558 172090702888264037
559 178745285342956453
560 185650966668150639
561 192816992838694313
562 200252942086223613
563 207968736552283901
564 215974654340430975
565 224281341980567385
566 232899827319293785
567 241841532850556761
568 251118289501192369
569 260742350886535119
570 270726408051810599
571 281083604715387505
572 291827553030585957
573 302972349883338023
574 314532593743397927
575 326523402087476263
576 338960429413325927
577 351859885864258767
578 365238556484308847
579 379113821124971165
580 393503675024951133
581 408426750085161795
582 423902336861984847
583 439950407302378127
584 456591638245284663
585 473847435714650167
586 491739960029987895
587 510292151761380415
588 529527758556738635
589 549471362869842283
590 570148410618722667
591 591585240804964730
592 613809116125289358
593 636848254607906894
594 660731862307242062
595 685490167091503306
596 711154453558800276
597 737757099118725464
598 765331611277285720
599 793912666164409952
600 823536148344584864
601 854239191952245594
602 886060223195010004
603 919039004269293862
604 953216678734034726
605 988635818389847334
606 1025340471712514918
607 1063376213891039682
608 1102790198522215106
609 1143631211015409788
610 1185949723762712700
611 1229797953131485605
612 1275229918338255749
613 1322301502264496197
614 1371070514276907863
615 1421596755116880297
616 1473942083925590397
617 1528170487473452673
618 1584348151664888641
619 1642543535391349057
620 1702827446807982593
621 1765273122111805953
622 1829956306901399457
623 1896955340200835475
624 1966351241233234835
625 2038227799031738259
626 2112671664978605915
627 2189772448366094313
628 2269622815075395093
629 2352318589473110767
630 2437958859627950647
631 2526646085953230541
632 2618486213384240333
633 2713588787203047853
634 2812067072626497543
635 2914038178276960273
636 3019623183659216527
637 3128947270770364047
638 3242139859973783905
639 3359334750272375631
640 3480670264120130401
641 3606289396915628891
642 3736339971325611611
643 3870974796591008859
644 4010351832972743771
645 4154634361499603291
646 4303991159185126235
647 4458596679885831355
648 4618631240978546767
649 4784281216039710103
650 4955739233715370839
651 5133204382976561953
652 5316882424960313278
653 5506986011602972376
654 5703734911278976624
655 5907356241664369232
656 6118084710051323208
657 6336162861347007816
658 6561841333996874120
659 6795379124080037000
660 7037043857832148550
661 7287112072858545750
662 7545869508308743766
663 7813611404291768044
664 8090642810819911114
665 8377278906577538832
666 8673845327820758416
667 8980678507722624400
668 9298126026488413864
669 9626546972575524170
670 9966312315362252528
671 10317805289620459440
672 10681421792158050980
673 11057570791007838557
674 11446674747551044041
675 11849170051975644561
676 12265507472481373841
677 12696152618655960913
678 13141586419460194295
679 13602305616272111461
680 14078823271454526821
681 14571669292924293989
682 15081390975215599429
683 15608553557544748027
684 16153740799399363589
685 16717555574190125995
686 17300620481519689387
687 17903578478640283819
688 18527093531688114059
689 19171851287300671393
690 19838559765241452449
691 20527950072674727699
692 21240777140752616659
693 21977820484196758483
694 22739884984576689817
695 23527801698008411563
696 24342428688018455747
697 25184651884340412611
698 26055385968434156853
699 26955575286541797461
700 27886194791118014037
701 28848251011497796081
702 29842783054690517711
703 30870863637215083631
704 31933600148918492271
705 33032135749748397231
706 34167650500478405729
707 35341362528414919901
708 36554529229145083101
709 37808448505416113115
710 39104460044269044699
711 40443946633583399789
712 41828335519222814369
713 43259099804007296673
714 44737759889774266721
715 46265884963827075307
716 47845094531108502806
717 49477059993476455574
718 51163506277498928452
719 52906213512227535684
720 54707018758452155630
721 56567817790982675502
722 58490566935549788538
723 60477284961963870074
724 62530055035218303866
725 64651026726273653792
726 66842418084310311758
727 69106517772288844878
728 71445687267711696696
729 73862363130535655196
730 76359059340240711338
731 78938369704120150690
732 81602970338917395118
733 84355622227996341448
734 87199173856296363228
735 90136563925389159012
736 93170824151021312612
737 96305082145596501736
738 99542564388123111171
739 102886599284225612665
740 106340620318894284791
741 109908169304725965405
742 113592899728487574601
743 117398580198917023497
744 121329097998761084681
745 125388462744135842081
746 129580810154385451207
747 133910405935707333067
748 138381649781905564289
749 142999079495732195137
750 147767375234376689767
751 152691363882765570151
752 157776023558440845711
753 163026488251895032269
754 168448052606351406829
755 174046176841093906879
756 179826491822569809277
757 185794804287608892797
758 191957102223228600207
759 198319560407623757711
760 204888546117070537709
761 211670625003611065581
762 218672567148525310189
763 225901353296739484707
764 233364181277468728761
765 241068472616544232441
766 249021879346029982201
767 257232291016895689853
768 265707841920678035837
769 274456918526230866847
770 283488167137840295825
771 292810501781160516551
772 302433112323609292243
773 312365472836052488811
774 322617350202802390789
775 333198812987153566277
776 344120240559886834245
777 355392332498384071645
778 367026118264212848605
779 379032967167264423901
780 391424598624759053829
781 404213092723667492369
782 417410901095341360657
783 431030858111395254616
784 445086192410138633082
785 459590538763120205698
786 474557950291619159458
787 490002911043194693346
788 505940348938692634402
789 522385649100402755520
790 539354667572361349708
791 556863745444105439820
792 574929723389505027192
793 593569956632626515706
794 612802330352918844274
795 632645275542361170802
796 653117785327565640072
797 674239431770195960460
798 696030383159439387276
799 718511421810654693388
800 741703962384717100388
801 765630070742990041444
802 790312483353271436010
803 815774627262494345784
804 842040640652405470394
805 869135393994898314426
806 897084511824146650077
807 925914395143165068277
808 955652244482915305165
809 986326083632585465549
810 1017964784060191134803
811 1050598090043180981413
812 1084256644529280820133
813 1118972015748376047423
814 1154776724596811147583
815 1191704272816082824855
816 1229789171988516973087
817 1269066973373147402595
818 1309574298605662428913
819 1351348871286950741301
820 1394429549485458644309
821 1438856359179273427951
822 1484670528664568858191
823 1531914523957786790671
824 1580632085219690538693
825 1630868264230207393411
826 1682669462943777762153
827 1736083473155753839913
828 1791159517311238001961
829 1847948290488618335529
830 1906502003590953242813
831 1966874427779275201533
832 2029120940182823682313
833 2093298570922186463497
834 2159466051482323429719
835 2227683864473465499799
836 2298014294818931413181
837 2370521482409982924161
838 2445271476268942595803
839 2522332290262935920689
840 2601773960411787074801
841 2683668603834793288171
842 2768090479382334947531
843 2855116049999543206979
844 2944824046870542106629
845 3037295535393116641285
846 3132613983035027869701
847 3230865329124599044229
848 3332138056629641817465
849 3436523265980274760767
850 3544114750992705748031
851 3655009076952614456383
852 3769305660918377172543
853 3887106854306021297742
854 4008518027819490971278
855 4133647658791543889350
856 4262607421002380693416
857 4395512277044942143656
858 4532480573307691415720
859 4673634137647627273886
860 4819098379828258843850
861 4969002394799309895756
862 5123479068897007984512
863 5282665189045962099584
864 5446701555045837251104
865 5615733095028293721632
866 5789908984171983524704
867 5969382766765782492476
868 6154312481712881438714
869 6344860791570875379034
870 6541195115225571363232
871 6743487764298881168288
872 6951916083393886706080
873 7166662594282958994970
874 7387915144147674039834
875 7615867057982213193946
876 7850717295274956961360
877 8092670611086077905049
878 8341937721642123028649
879 8598735474571844082793
880 8863287023910883941511
881 9135822010006371621737
882 9416576744456013053941
883 9705794400219887638659
884 10003725207046885544133
885 10310626652361542988019
886 10626763687760950735411
887 10952408941275438862255
888 11287842935550873836015
889 11633354312114640563665
890 11989240061891736923601
891 12355805762141876773585
892 12733365819993078029009
893 13122243722751920356121
894 13522772295175487671211
895 13935293963894962617259
896 14360161029185929289333
897 14797735944285662084725
898 15248391602463031415655
899 15712511632052157529999
900 16190490699666587275661
901 16682734821816554186831
902 17189661685157826806231
903 17711700975606749167941
904 18249294716562329866151
905 18802897616482659852647
906 19372977426069529566887
907 19960015305321872408779
908 20564506200725602338155
909 21186959232854534127467
910 21827898094664374916241
911 22487861460769274354079
912 23167403407998113491051
913 23867093847535599297579
914 24587518968961332171307
915 25329281696508323872669
916 26093002157870962855187
917 26879318165901173649743
918 27688885713540492815887
919 28522379482344986073231
920 29380493364969381171343
921 30263941001986484981903
922 31173456333427891594947
923 32109794165442193358197
924 33073730752477375134315
925 34066064395404804295275
926 35087616056013248530844
927 36139229988312656977044
928 37221774387099028542612
929 38336142054243589015890
930 39483251083181702397490
931 40664045562089453360434
932 41879496296248682238514
933 43130601550114428587472
934 44418387809612246003206
935 45743910565206716081730
936 47108255116296710566680
937 48512537397507530183164
938 49957904827465014116348
939 51445537180652063309820
940 52976647482963756590372
941 54552482931593389982724
942 56174325839898334628920
943 57843494607911590878264
944 59561344719182345551096
945 61329269764646714740984
946 63148702494248179790136
947 65021115897046030813496
948 66948024310569419485496
949 68930984560194395374328
950 70971597129341590927678
951 73071507361313028932111
952 75232406693607858259311
953 77456033925578713494931
954 79744176520312841870739
955 82098671941645152966315
956 84521409027233959000365
957 87014329398654387138349
958 89579428909489267121269
959 92218759132422765437471
960 94934428886368152921025
961 97728605804687863982399
962 100603517945591472233023
963 103561455445825371563327
964 106604772218796822686091
965 109735887698304644245131
966 112957288629079198187147
967 116271530905365451224111
968 119681241458814831344401
969 123189120196984344805529
970 126797941993774986084953
971 130510558733175906434673
972 134329901407716111412529
973 138258982273061646545457
974 142300897060233350902339
975 146458827246958317441623
976 150736042389707210406799
977 155135902518009603948389
978 159661860592680530447461
979 164317465029633477047859
980 169106362290998197388029
981 174032299545305921712381
982 179099127398549869428733
983 184310802697975449133117
984 189671391410502182904027
985 195185071577728233050331
986 200856136349518498644187
987 206688997098228598513887
988 212688186615669687575261
989 218858362394973025594077
990 225204309999568545946997
991 231730946521548379367399
992 238443324131744438380519
993 245346633723908778337923
994 252446208655446545542173
995 259747528587213969666607
996 267256223424958074792495
997 274978077365040598212175
998 282919033047156090012349
999 291085195816823339911613
1000 299482838100500170793439
