0 0
1 17
2 29
3 41
4 53
5 65
6 77
7 89
8 101
9 113
10 125
11 137
12 149
13 161
14 173
15 185
16 197
17 209
18 221
19 233
20 245
21 257
22 269
23 281
24 293
25 305
26 317
27 329
28 341
29 353
30 365
31 377
32 389
33 401
34 413
35 425
36 437
37 449
38 461
39 473
40 485
41 497
42 509
43 521
44 533
45 545
46 557
47 569
48 581
49 593
50 605
51 617
52 629
53 641
54 653
55 665
56 677
57 689
58 701
59 713
60 725
61 737
62 749
63 761
64 773
65 785
66 797
67 809
68 821
69 833
70 845
71 857
72 869
73 881
74 893
75 905
76 917
77 929
78 941
79 953
80 965
81 977
82 989
83 1001
84 1013
85 1025
86 1037
87 1049
88 1061
89 1073
90 1085
91 1097
92 1109
93 1121
94 1133
95 1145
96 1157
97 1169
98 1181
99 1193
100 1205
101 1217
102 1229
103 1241
104 1253
105 1265
106 1277
107 1289
108 1301
109 1313
110 1325
111 1337
112 1349
113 1361
114 1373
115 1385
116 1397
117 1409
118 1421
119 1433
120 1445
121 1457
122 1469
123 1481
124 1493
125 1505
126 1517
127 1529
128 1541
129 1553
130 1565
131 1577
132 1589
133 1601
134 1613
135 1625
136 1637
137 1649
138 1661
139 1673
140 1685
141 1697
142 1709
143 1721
144 1733
145 1745
146 1757
147 1769
148 1781
149 1793
150 1805
151 1817
152 1829
153 1841
154 1853
155 1865
156 1877
157 1889
158 1901
159 1913
160 1925
161 1937
162 1949
163 1961
164 1973
165 1985
166 1997
167 2009
168 2021
169 2033
170 2045
171 2057
172 2069
173 2081
174 2093
175 2105
176 2117
177 2129
178 2141
179 2153
180 2165
181 2177
182 2189
183 2201
184 2213
185 2225
186 2237
187 2249
188 2261
189 2273
190 2285
191 2297
192 2309
193 2321
194 2333
195 2345
196 2357
197 2369
198 2381
199 2393
200 2405
201 2417
202 2429
203 2441
204 2453
205 2465
206 2477
207 2489
208 2501
209 2513
210 2525
211 2537
212 2549
213 2561
214 2573
215 2585
216 2597
217 2609
218 2621
219 2633
220 2645
221 2657
222 2669
223 2681
224 2693
225 2705
226 2717
227 2729
228 2741
229 2753
230 2765
231 2777
232 2789
233 2801
234 2813
235 2825
236 2837
237 2849
238 2861
239 2873
240 2885
241 2897
242 2909
243 2921
244 2933
245 2945
246 2957
247 2969
248 2981
249 2993
250 3005
251 3017
252 3029
253 3041
254 3053
255 3065
256 3077
257 3089
258 3101
259 3113
260 3125
261 3137
262 3149
263 3161
264 3173
265 3185
266 3197
267 3209
268 3221
269 3233
270 3245
271 3257
272 3269
273 3281
274 3293
275 3305
276 3317
277 3329
278 3341
279 3353
280 3365
281 3377
282 3389
283 3401
284 3413
285 3425
286 3437
287 3449
288 3461
289 3473
290 3485
291 3497
292 3509
293 3521
294 3533
295 3545
296 3557
297 3569
298 3581
299 3593
300 3605
301 3617
302 3629
303 3641
304 3653
305 3665
306 3677
307 3689
308 3701
309 3713
310 3725
311 3737
312 3749
313 3761
314 3773
315 3785
316 3797
317 3809
318 3821
319 3833
320 3845
321 3857
322 3869
323 3881
324 3893
325 3905
326 3917
327 3929
328 3941
329 3953
330 3965
331 3977
332 3989
333 4001
334 4013
335 4025
336 4037
337 4049
338 4061
339 4073
340 4085
341 4097
342 4109
343 4121
344 4133
345 4145
346 4157
347 4169
348 4181
349 4193
350 4205
351 4217
352 4229
353 4241
354 4253
355 4265
356 4277
357 4289
358 4301
359 4313
360 4325
361 4337
362 4349
363 4361
364 4373
365 4385
366 4397
367 4409
368 4421
369 4433
370 4445
371 4457
372 4469
373 4481
374 4493
375 4505
376 4517
377 4529
378 4541
379 4553
380 4565
381 4577
382 4589
383 4601
384 4613
385 4625
386 4637
387 4649
388 4661
389 4673
390 4685
391 4697
392 4709
393 4721
394 4733
395 4745
396 4757
397 4769
398 4781
399 4793
400 4805
401 4817
402 4829
403 4841
404 4853
405 4865
406 4877
407 4889
408 4901
409 4913
410 4925
411 4937
412 4949
413 4961
414 4973
415 4985
416 4997
417 5009
418 5021
419 5033
420 5045
421 5057
422 5069
423 5081
424 5093
425 5105
426 5117
427 5129
428 5141
429 5153
430 5165
431 5177
432 5189
433 5201
434 5213
435 5225
436 5237
437 5249
438 5261
439 5273
440 5285
441 5297
442 5309
443 5321
444 5333
445 5345
446 5357
447 5369
448 5381
449 5393
450 5405
451 5417
452 5429
453 5441
454 5453
455 5465
456 5477
457 5489
458 5501
459 5513
460 5525
461 5537
462 5549
463 5561
464 5573
465 5585
466 5597
467 5609
468 5621
469 5633
470 5645
471 5657
472 5669
473 5681
474 5693
475 5705
476 5717
477 5729
478 5741
479 5753
480 5765
481 5777
482 5789
483 5801
484 5813
485 5825
486 5837
487 5849
488 5861
489 5873
490 5885
491 5897
492 5909
493 5921
494 5933
495 5945
496 5957
497 5969
498 5981
499 5993
500 6005
501 6017
502 6029
503 6041
504 6053
505 6065
506 6077
507 6089
508 6101
509 6113
510 6125
511 6137
512 6149
513 6161
514 6173
515 6185
516 6197
517 6209
518 6221
519 6233
520 6245
521 6257
522 6269
523 6281
524 6293
525 6305
526 6317
527 6329
528 6341
529 6353
530 6365
531 6377
532 6389
533 6401
534 6413
535 6425
536 6437
537 6449
538 6461
539 6473
540 6485
541 6497
542 6509
543 6521
544 6533
545 6545
546 6557
547 6569
548 6581
549 6593
550 6605
551 6617
552 6629
553 6641
554 6653
555 6665
556 6677
557 6689
558 6701
559 6713
560 6725
561 6737
562 6749
563 6761
564 6773
565 6785
566 6797
567 6809
568 6821
569 6833
570 6845
571 6857
572 6869
573 6881
574 6893
575 6905
576 6917
577 6929
578 6941
579 6953
580 6965
581 6977
582 6989
583 7001
584 7013
585 7025
586 7037
587 7049
588 7061
589 7073
590 7085
591 7097
592 7109
593 7121
594 7133
595 7145
596 7157
597 7169
598 7181
599 7193
600 7205
601 7217
602 7229
603 7241
604 7253
605 7265
606 7277
607 7289
608 7301
609 7313
610 7325
611 7337
612 7349
613 7361
614 7373
615 7385
616 7397
617 7409
618 7421
619 7433
620 7445
621 7457
622 7469
623 7481
624 7493
625 7505
626 7517
627 7529
628 7541
629 7553
630 7565
631 7577
632 7589
633 7601
634 7613
635 7625
636 7637
637 7649
638 7661
639 7673
640 7685
641 7697
642 7709
643 7721
644 7733
645 7745
646 7757
647 7769
648 7781
649 7793
650 7805
651 7817
652 7829
653 7841
654 7853
655 7865
656 7877
657 7889
658 7901
659 7913
660 7925
661 7937
662 7949
663 7961
664 7973
665 7985
666 7997
667 8009
668 8021
669 8033
670 8045
671 8057
672 8069
673 8081
674 8093
675 8105
676 8117
677 8129
678 8141
679 8153
680 8165
681 8177
682 8189
683 8201
684 8213
685 8225
686 8237
687 8249
688 8261
689 8273
690 8285
691 8297
692 8309
693 8321
694 8333
695 8345
696 8357
697 8369
698 8381
699 8393
700 8405
701 8417
702 8429
703 8441
704 8453
705 8465
706 8477
707 8489
708 8501
709 8513
710 8525
711 8537
712 8549
713 8561
714 8573
715 8585
716 8597
717 8609
718 8621
719 8633
720 8645
721 8657
722 8669
723 8681
724 8693
725 8705
726 8717
727 8729
728 8741
729 8753
730 8765
731 8777
732 8789
733 8801
734 8813
735 8825
736 8837
737 8849
738 8861
739 8873
740 8885
741 8897
742 8909
743 8921
744 8933
745 8945
746 8957
747 8969
748 8981
749 8993
750 9005
751 9017
752 9029
753 9041
754 9053
755 9065
756 9077
757 9089
758 9101
759 9113
760 9125
761 9137
762 9149
763 9161
764 9173
765 9185
766 9197
767 9209
768 9221
769 9233
770 9245
771 9257
772 9269
773 9281
774 9293
775 9305
776 9317
777 9329
778 9341
779 9353
780 9365
781 9377
782 9389
783 9401
784 9413
785 9425
786 9437
787 9449
788 9461
789 9473
790 9485
791 9497
792 9509
793 9521
794 9533
795 9545
796 9557
797 9569
798 9581
799 9593
800 9605
801 9617
802 9629
803 9641
804 9653
805 9665
806 9677
807 9689
808 9701
809 9713
810 9725
811 9737
812 9749
813 9761
814 9773
815 9785
816 9797
817 9809
818 9821
819 9833
820 9845
821 9857
822 9869
823 9881
824 9893
825 9905
826 9917
827 9929
828 9941
829 9953
830 9965
831 9977
832 9989
833 10001
834 10013
835 10025
836 10037
837 10049
838 10061
839 10073
840 10085
841 10097
842 10109
843 10121
844 10133
845 10145
846 10157
847 10169
848 10181
849 10193
850 10205
851 10217
852 10229
853 10241
854 10253
855 10265
856 10277
857 10289
858 10301
859 10313
860 10325
861 10337
862 10349
863 10361
864 10373
865 10385
866 10397
867 10409
868 10421
869 10433
870 10445
871 10457
872 10469
873 10481
874 10493
875 10505
876 10517
877 10529
878 10541
879 10553
880 10565
881 10577
882 10589
883 10601
884 10613
885 10625
886 10637
887 10649
888 10661
889 10673
890 10685
891 10697
892 10709
893 10721
894 10733
895 10745
896 10757
897 10769
898 10781
899 10793
900 10805
901 10817
902 10829
903 10841
904 10853
905 10865
906 10877
907 10889
908 10901
909 10913
910 10925
911 10937
912 10949
913 10961
914 10973
915 10985
916 10997
917 11009
918 11021
919 11033
920 11045
921 11057
922 11069
923 11081
924 11093
925 11105
926 11117
927 11129
928 11141
929 11153
930 11165
931 11177
932 11189
933 11201
934 11213
935 11225
936 11237
937 11249
938 11261
939 11273
940 11285
941 11297
942 11309
943 11321
944 11333
945 11345
946 11357
947 11369
948 11381
949 11393
950 11405
951 11417
952 11429
953 11441
954 11453
955 11465
956 11477
957 11489
958 11501
959 11513
960 11525
961 11537
962 11549
963 11561
964 11573
965 11585
966 11597
967 11609
968 11621
969 11633
970 11645
971 11657
972 11669
973 11681
974 11693
975 11705
976 11717
977 11729
978 11741
979 11753
980 11765
981 11777
982 11789
983 11801
984 11813
985 11825
986 11837
987 11849
988 11861
989 11873
990 11885
991 11897
992 11909
993 11921
994 11933
995 11945
996 11957
997 11969
998 11981
999 11993
1000 12005
