0 0
1 24
2 48
3 72
4 96
5 120
6 144
7 168
8 192
9 216
10 240
11 264
12 288
13 312
14 336
15 360
16 384
17 408
18 432
19 456
20 480
21 504
22 528
23 552
24 576
25 600
26 624
27 648
28 672
29 696
30 720
31 744
32 768
33 792
34 816
35 840
36 864
37 888
38 912
39 936
40 960
41 984
42 1008
43 1032
44 1056
45 1080
46 1104
47 1128
48 1152
49 1176
50 1200
51 1224
52 1248
53 1272
54 1296
55 1320
56 1344
57 1368
58 1392
59 1416
60 1440
61 1464
62 1488
63 1512
64 1536
65 1560
66 1584
67 1608
68 1632
69 1656
70 1680
71 1704
72 1728
73 1752
74 1776
75 1800
76 1824
77 1848
78 1872
79 1896
80 1920
81 1944
82 1968
83 1992
84 2016
85 2040
86 2064
87 2088
88 2112
89 2136
90 2160
91 2184
92 2208
93 2232
94 2256
95 2280
96 2304
97 2328
98 2352
99 2376
100 2400
101 2424
102 2448
103 2472
104 2496
105 2520
106 2544
107 2568
108 2592
109 2616
110 2640
111 2664
112 2688
113 2712
114 2736
115 2760
116 2784
117 2808
118 2832
119 2856
120 2880
121 2904
122 2928
123 2952
124 2976
125 3000
126 3024
127 3048
128 3072
129 3096
130 3120
131 3144
132 3168
133 3192
134 3216
135 3240
136 3264
137 3288
138 3312
139 3336
140 3360
141 3384
142 3408
143 3432
144 3456
145 3480
146 3504
147 3528
148 3552
149 3576
150 3600
151 3624
152 3648
153 3672
154 3696
155 3720
156 3744
157 3768
158 3792
159 3816
160 3840
161 3864
162 3888
163 3912
164 3936
165 3960
166 3984
167 4008
168 4032
169 4056
170 4080
171 4104
172 4128
173 4152
174 4176
175 4200
176 4224
177 4248
178 4272
179 4296
180 4320
181 4344
182 4368
183 4392
184 4416
185 4440
186 4464
187 4488
188 4512
189 4536
190 4560
191 4584
192 4608
193 4632
194 4656
195 4680
196 4704
197 4728
198 4752
199 4776
200 4800
201 4824
202 4848
203 4872
204 4896
205 4920
206 4944
207 4968
208 4992
209 5016
210 5040
211 5064
212 5088
213 5112
214 5136
215 5160
216 5184
217 5208
218 5232
219 5256
220 5280
221 5304
222 5328
223 5352
224 5376
225 5400
226 5424
227 5448
228 5472
229 5496
230 5520
231 5544
232 5568
233 5592
234 5616
235 5640
236 5664
237 5688
238 5712
239 5736
240 5760
241 5784
242 5808
243 5832
244 5856
245 5880
246 5904
247 5928
248 5952
249 5976
250 6000
251 6024
252 6048
253 6072
254 6096
255 6120
256 6144
257 6168
258 6192
259 6216
260 6240
261 6264
262 6288
263 6312
264 6336
265 6360
266 6384
267 6408
268 6432
269 6456
270 6480
271 6504
272 6528
273 6552
274 6576
275 6600
276 6624
277 6648
278 6672
279 6696
280 6720
281 6744
282 6768
283 6792
284 6816
285 6840
286 6864
287 6888
288 6912
289 6936
290 6960
291 6984
292 7008
293 7032
294 7056
295 7080
296 7104
297 7128
298 7152
299 7176
300 7200
301 7224
302 7248
303 7272
304 7296
305 7320
306 7344
307 7368
308 7392
309 7416
310 7440
311 7464
312 7488
313 7512
314 7536
315 7560
316 7584
317 7608
318 7632
319 7656
320 7680
321 7704
322 7728
323 7752
324 7776
325 7800
326 7824
327 7848
328 7872
329 7896
330 7920
331 7944
332 7968
333 7992
334 8016
335 8040
336 8064
337 8088
338 8112
339 8136
340 8160
341 8184
342 8208
343 8232
344 8256
345 8280
346 8304
347 8328
348 8352
349 8376
350 8400
351 8424
352 8448
353 8472
354 8496
355 8520
356 8544
357 8568
358 8592
359 8616
360 8640
361 8664
362 8688
363 8712
364 8736
365 8760
366 8784
367 8808
368 8832
369 8856
370 8880
371 8904
372 8928
373 8952
374 8976
375 9000
376 9024
377 9048
378 9072
379 9096
380 9120
381 9144
382 9168
383 9192
384 9216
385 9240
386 9264
387 9288
388 9312
389 9336
390 9360
391 9384
392 9408
393 9432
394 9456
395 9480
396 9504
397 9528
398 9552
399 9576
400 9600
401 9624
402 9648
403 9672
404 9696
405 9720
406 9744
407 9768
408 9792
409 9816
410 9840
411 9864
412 9888
413 9912
414 9936
415 9960
416 9984
417 10008
418 10032
419 10056
420 10080
421 10104
422 10128
423 10152
424 10176
425 10200
426 10224
427 10248
428 10272
429 10296
430 10320
431 10344
432 10368
433 10392
434 10416
435 10440
436 10464
437 10488
438 10512
439 10536
440 10560
441 10584
442 10608
443 10632
444 10656
445 10680
446 10704
447 10728
448 10752
449 10776
450 10800
451 10824
452 10848
453 10872
454 10896
455 10920
456 10944
457 10968
458 10992
459 11016
460 11040
461 11064
462 11088
463 11112
464 11136
465 11160
466 11184
467 11208
468 11232
469 11256
470 11280
471 11304
472 11328
473 11352
474 11376
475 11400
476 11424
477 11448
478 11472
479 11496
480 11520
481 11544
482 11568
483 11592
484 11616
485 11640
486 11664
487 11688
488 11712
489 11736
490 11760
491 11784
492 11808
493 11832
494 11856
495 11880
496 11904
497 11928
498 11952
499 11976
500 12000
501 12024
502 12048
503 12072
504 12096
505 12120
506 12144
507 12168
508 12192
509 12216
510 12240
511 12264
512 12288
513 12312
514 12336
515 12360
516 12384
517 12408
518 12432
519 12456
520 12480
521 12504
522 12528
523 12552
524 12576
525 12600
526 12624
527 12648
528 12672
529 12696
530 12720
531 12744
532 12768
533 12792
534 12816
535 12840
536 12864
537 12888
538 12912
539 12936
540 12960
541 12984
542 13008
543 13032
544 13056
545 13080
546 13104
547 13128
548 13152
549 13176
550 13200
551 13224
552 13248
553 13272
554 13296
555 13320
556 13344
557 13368
558 13392
559 13416
560 13440
561 13464
562 13488
563 13512
564 13536
565 13560
566 13584
567 13608
568 13632
569 13656
570 13680
571 13704
572 13728
573 13752
574 13776
575 13800
576 13824
577 13848
578 13872
579 13896
580 13920
581 13944
582 13968
583 13992
584 14016
585 14040
586 14064
587 14088
588 14112
589 14136
590 14160
591 14184
592 14208
593 14232
594 14256
595 14280
596 14304
597 14328
598 14352
599 14376
600 14400
601 14424
602 14448
603 14472
604 14496
605 14520
606 14544
607 14568
608 14592
609 14616
610 14640
611 14664
612 14688
613 14712
614 14736
615 14760
616 14784
617 14808
618 14832
619 14856
620 14880
621 14904
622 14928
623 14952
624 14976
625 15000
626 15024
627 15048
628 15072
629 15096
630 15120
631 15144
632 15168
633 15192
634 15216
635 15240
636 15264
637 15288
638 15312
639 15336
640 15360
641 15384
642 15408
643 15432
644 15456
645 15480
646 15504
647 15528
648 15552
649 15576
650 15600
651 15624
652 15648
653 15672
654 15696
655 15720
656 15744
657 15768
658 15792
659 15816
660 15840
661 15864
662 15888
663 15912
664 15936
665 15960
666 15984
667 16008
668 16032
669 16056
670 16080
671 16104
672 16128
673 16152
674 16176
675 16200
676 16224
677 16248
678 16272
679 16296
680 16320
681 16344
682 16368
683 16392
684 16416
685 16440
686 16464
687 16488
688 16512
689 16536
690 16560
691 16584
692 16608
693 16632
694 16656
695 16680
696 16704
697 16728
698 16752
699 16776
700 16800
701 16824
702 16848
703 16872
704 16896
705 16920
706 16944
707 16968
708 16992
709 17016
710 17040
711 17064
712 17088
713 17112
714 17136
715 17160
716 17184
717 17208
718 17232
719 17256
720 17280
721 17304
722 17328
723 17352
724 17376
725 17400
726 17424
727 17448
728 17472
729 17496
730 17520
731 17544
732 17568
733 17592
734 17616
735 17640
736 17664
737 17688
738 17712
739 17736
740 17760
741 17784
742 17808
743 17832
744 17856
745 17880
746 17904
747 17928
748 17952
749 17976
750 18000
751 18024
752 18048
753 18072
754 18096
755 18120
756 18144
757 18168
758 18192
759 18216
760 18240
761 18264
762 18288
763 18312
764 18336
765 18360
766 18384
767 18408
768 18432
769 18456
770 18480
771 18504
772 18528
773 18552
774 18576
775 18600
776 18624
777 18648
778 18672
779 18696
780 18720
781 18744
782 18768
783 18792
784 18816
785 18840
786 18864
787 18888
788 18912
789 18936
790 18960
791 18984
792 19008
793 19032
794 19056
795 19080
796 19104
797 19128
798 19152
799 19176
800 19200
801 19224
802 19248
803 19272
804 19296
805 19320
806 19344
807 19368
808 19392
809 19416
810 19440
811 19464
812 19488
813 19512
814 19536
815 19560
816 19584
817 19608
818 19632
819 19656
820 19680
821 19704
822 19728
823 19752
824 19776
825 19800
826 19824
827 19848
828 19872
829 19896
830 19920
831 19944
832 19968
833 19992
834 20016
835 20040
836 20064
837 20088
838 20112
839 20136
840 20160
841 20184
842 20208
843 20232
844 20256
845 20280
846 20304
847 20328
848 20352
849 20376
850 20400
851 20424
852 20448
853 20472
854 20496
855 20520
856 20544
857 20568
858 20592
859 20616
860 20640
861 20664
862 20688
863 20712
864 20736
865 20760
866 20784
867 20808
868 20832
869 20856
870 20880
871 20904
872 20928
873 20952
874 20976
875 21000
876 21024
877 21048
878 21072
879 21096
880 21120
881 21144
882 21168
883 21192
884 21216
885 21240
886 21264
887 21288
888 21312
889 21336
890 21360
891 21384
892 21408
893 21432
894 21456
895 21480
896 21504
897 21528
898 21552
899 21576
900 21600
901 21624
902 21648
903 21672
904 21696
905 21720
906 21744
907 21768
908 21792
909 21816
910 21840
911 21864
912 21888
913 21912
914 21936
915 21960
916 21984
917 22008
918 22032
919 22056
920 22080
921 22104
922 22128
923 22152
924 22176
925 22200
926 22224
927 22248
928 22272
929 22296
930 22320
931 22344
932 22368
933 22392
934 22416
935 22440
936 22464
937 22488
938 22512
939 22536
940 22560
941 22584
942 22608
943 22632
944 22656
945 22680
946 22704
947 22728
948 22752
949 22776
950 22800
951 22824
952 22848
953 22872
954 22896
955 22920
956 22944
957 22968
958 22992
959 23016
960 23040
961 23064
962 23088
963 23112
964 23136
965 23160
966 23184
967 23208
968 23232
969 23256
970 23280
971 23304
972 23328
973 23352
974 23376
975 23400
976 23424
977 23448
978 23472
979 23496
980 23520
981 23544
982 23568
983 23592
984 23616
985 23640
986 23664
987 23688
988 23712
989 23736
990 23760
991 23784
992 23808
993 23832
994 23856
995 23880
996 23904
997 23928
998 23952
999 23976
1000 24000
