0 1
1 9
2 24
3 46
4 75
5 111
6 154
7 204
8 261
9 325
10 396
11 474
12 559
13 651
14 750
15 856
16 969
17 1089
18 1216
19 1350
20 1491
21 1639
22 1794
23 1956
24 2125
25 2301
26 2484
27 2674
28 2871
29 3075
30 3286
31 3504
32 3729
33 3961
34 4200
35 4446
36 4699
37 4959
38 5226
39 5500
40 5781
41 6069
42 6364
43 6666
44 6975
45 7291
46 7614
47 7944
48 8281
49 8625
50 8976
51 9334
52 9699
53 10071
54 10450
55 10836
56 11229
57 11629
58 12036
59 12450
60 12871
61 13299
62 13734
63 14176
64 14625
65 15081
66 15544
67 16014
68 16491
69 16975
70 17466
71 17964
72 18469
73 18981
74 19500
75 20026
76 20559
77 21099
78 21646
79 22200
80 22761
81 23329
82 23904
83 24486
84 25075
85 25671
86 26274
87 26884
88 27501
89 28125
90 28756
91 29394
92 30039
93 30691
94 31350
95 32016
96 32689
97 33369
98 34056
99 34750
100 35451
101 36159
102 36874
103 37596
104 38325
105 39061
106 39804
107 40554
108 41311
109 42075
110 42846
111 43624
112 44409
113 45201
114 46000
115 46806
116 47619
117 48439
118 49266
119 50100
120 50941
121 51789
122 52644
123 53506
124 54375
125 55251
126 56134
127 57024
128 57921
129 58825
130 59736
131 60654
132 61579
133 62511
134 63450
135 64396
136 65349
137 66309
138 67276
139 68250
140 69231
141 70219
142 71214
143 72216
144 73225
145 74241
146 75264
147 76294
148 77331
149 78375
150 79426
151 80484
152 81549
153 82621
154 83700
155 84786
156 85879
157 86979
158 88086
159 89200
160 90321
161 91449
162 92584
163 93726
164 94875
165 96031
166 97194
167 98364
168 99541
169 100725
170 101916
171 103114
172 104319
173 105531
174 106750
175 107976
176 109209
177 110449
178 111696
179 112950
180 114211
181 115479
182 116754
183 118036
184 119325
185 120621
186 121924
187 123234
188 124551
189 125875
190 127206
191 128544
192 129889
193 131241
194 132600
195 133966
196 135339
197 136719
198 138106
199 139500
200 140901
201 142309
202 143724
203 145146
204 146575
205 148011
206 149454
207 150904
208 152361
209 153825
210 155296
211 156774
212 158259
213 159751
214 161250
215 162756
216 164269
217 165789
218 167316
219 168850
220 170391
221 171939
222 173494
223 175056
224 176625
225 178201
226 179784
227 181374
228 182971
229 184575
230 186186
231 187804
232 189429
233 191061
234 192700
235 194346
236 195999
237 197659
238 199326
239 201000
240 202681
241 204369
242 206064
243 207766
244 209475
245 211191
246 212914
247 214644
248 216381
249 218125
250 219876
251 221634
252 223399
253 225171
254 226950
255 228736
256 230529
257 232329
258 234136
259 235950
260 237771
261 239599
262 241434
263 243276
264 245125
265 246981
266 248844
267 250714
268 252591
269 254475
270 256366
271 258264
272 260169
273 262081
274 264000
275 265926
276 267859
277 269799
278 271746
279 273700
280 275661
281 277629
282 279604
283 281586
284 283575
285 285571
286 287574
287 289584
288 291601
289 293625
290 295656
291 297694
292 299739
293 301791
294 303850
295 305916
296 307989
297 310069
298 312156
299 314250
300 316351
301 318459
302 320574
303 322696
304 324825
305 326961
306 329104
307 331254
308 333411
309 335575
310 337746
311 339924
312 342109
313 344301
314 346500
315 348706
316 350919
317 353139
318 355366
319 357600
320 359841
321 362089
322 364344
323 366606
324 368875
325 371151
326 373434
327 375724
328 378021
329 380325
330 382636
331 384954
332 387279
333 389611
334 391950
335 394296
336 396649
337 399009
338 401376
339 403750
340 406131
341 408519
342 410914
343 413316
344 415725
345 418141
346 420564
347 422994
348 425431
349 427875
350 430326
351 432784
352 435249
353 437721
354 440200
355 442686
356 445179
357 447679
358 450186
359 452700
360 455221
361 457749
362 460284
363 462826
364 465375
365 467931
366 470494
367 473064
368 475641
369 478225
370 480816
371 483414
372 486019
373 488631
374 491250
375 493876
376 496509
377 499149
378 501796
379 504450
380 507111
381 509779
382 512454
383 515136
384 517825
385 520521
386 523224
387 525934
388 528651
389 531375
390 534106
391 536844
392 539589
393 542341
394 545100
395 547866
396 550639
397 553419
398 556206
399 559000
400 561801
401 564609
402 567424
403 570246
404 573075
405 575911
406 578754
407 581604
408 584461
409 587325
410 590196
411 593074
412 595959
413 598851
414 601750
415 604656
416 607569
417 610489
418 613416
419 616350
420 619291
421 622239
422 625194
423 628156
424 631125
425 634101
426 637084
427 640074
428 643071
429 646075
430 649086
431 652104
432 655129
433 658161
434 661200
435 664246
436 667299
437 670359
438 673426
439 676500
440 679581
441 682669
442 685764
443 688866
444 691975
445 695091
446 698214
447 701344
448 704481
449 707625
450 710776
451 713934
452 717099
453 720271
454 723450
455 726636
456 729829
457 733029
458 736236
459 739450
460 742671
461 745899
462 749134
463 752376
464 755625
465 758881
466 762144
467 765414
468 768691
469 771975
470 775266
471 778564
472 781869
473 785181
474 788500
475 791826
476 795159
477 798499
478 801846
479 805200
480 808561
481 811929
482 815304
483 818686
484 822075
485 825471
486 828874
487 832284
488 835701
489 839125
490 842556
491 845994
492 849439
493 852891
494 856350
495 859816
496 863289
497 866769
498 870256
499 873750
500 877251
501 880759
502 884274
503 887796
504 891325
505 894861
506 898404
507 901954
508 905511
509 909075
510 912646
511 916224
512 919809
513 923401
514 927000
515 930606
516 934219
517 937839
518 941466
519 945100
520 948741
521 952389
522 956044
523 959706
524 963375
525 967051
526 970734
527 974424
528 978121
529 981825
530 985536
531 989254
532 992979
533 996711
534 1000450
535 1004196
536 1007949
537 1011709
538 1015476
539 1019250
540 1023031
541 1026819
542 1030614
543 1034416
544 1038225
545 1042041
546 1045864
547 1049694
548 1053531
549 1057375
550 1061226
551 1065084
552 1068949
553 1072821
554 1076700
555 1080586
556 1084479
557 1088379
558 1092286
559 1096200
560 1100121
561 1104049
562 1107984
563 1111926
564 1115875
565 1119831
566 1123794
567 1127764
568 1131741
569 1135725
570 1139716
571 1143714
572 1147719
573 1151731
574 1155750
575 1159776
576 1163809
577 1167849
578 1171896
579 1175950
580 1180011
581 1184079
582 1188154
583 1192236
584 1196325
585 1200421
586 1204524
587 1208634
588 1212751
589 1216875
590 1221006
591 1225144
592 1229289
593 1233441
594 1237600
595 1241766
596 1245939
597 1250119
598 1254306
599 1258500
600 1262701
601 1266909
602 1271124
603 1275346
604 1279575
605 1283811
606 1288054
607 1292304
608 1296561
609 1300825
610 1305096
611 1309374
612 1313659
613 1317951
614 1322250
615 1326556
616 1330869
617 1335189
618 1339516
619 1343850
620 1348191
621 1352539
622 1356894
623 1361256
624 1365625
625 1370001
626 1374384
627 1378774
628 1383171
629 1387575
630 1391986
631 1396404
632 1400829
633 1405261
634 1409700
635 1414146
636 1418599
637 1423059
638 1427526
639 1432000
640 1436481
641 1440969
642 1445464
643 1449966
644 1454475
645 1458991
646 1463514
647 1468044
648 1472581
649 1477125
650 1481676
651 1486234
652 1490799
653 1495371
654 1499950
655 1504536
656 1509129
657 1513729
658 1518336
659 1522950
660 1527571
661 1532199
662 1536834
663 1541476
664 1546125
665 1550781
666 1555444
667 1560114
668 1564791
669 1569475
670 1574166
671 1578864
672 1583569
673 1588281
674 1593000
675 1597726
676 1602459
677 1607199
678 1611946
679 1616700
680 1621461
681 1626229
682 1631004
683 1635786
684 1640575
685 1645371
686 1650174
687 1654984
688 1659801
689 1664625
690 1669456
691 1674294
692 1679139
693 1683991
694 1688850
695 1693716
696 1698589
697 1703469
698 1708356
699 1713250
700 1718151
701 1723059
702 1727974
703 1732896
704 1737825
705 1742761
706 1747704
707 1752654
708 1757611
709 1762575
710 1767546
711 1772524
712 1777509
713 1782501
714 1787500
715 1792506
716 1797519
717 1802539
718 1807566
719 1812600
720 1817641
721 1822689
722 1827744
723 1832806
724 1837875
725 1842951
726 1848034
727 1853124
728 1858221
729 1863325
730 1868436
731 1873554
732 1878679
733 1883811
734 1888950
735 1894096
736 1899249
737 1904409
738 1909576
739 1914750
740 1919931
741 1925119
742 1930314
743 1935516
744 1940725
745 1945941
746 1951164
747 1956394
748 1961631
749 1966875
750 1972126
751 1977384
752 1982649
753 1987921
754 1993200
755 1998486
756 2003779
757 2009079
758 2014386
759 2019700
760 2025021
761 2030349
762 2035684
763 2041026
764 2046375
765 2051731
766 2057094
767 2062464
768 2067841
769 2073225
770 2078616
771 2084014
772 2089419
773 2094831
774 2100250
775 2105676
776 2111109
777 2116549
778 2121996
779 2127450
780 2132911
781 2138379
782 2143854
783 2149336
784 2154825
785 2160321
786 2165824
787 2171334
788 2176851
789 2182375
790 2187906
791 2193444
792 2198989
793 2204541
794 2210100
795 2215666
796 2221239
797 2226819
798 2232406
799 2238000
800 2243601
801 2249209
802 2254824
803 2260446
804 2266075
805 2271711
806 2277354
807 2283004
808 2288661
809 2294325
810 2299996
811 2305674
812 2311359
813 2317051
814 2322750
815 2328456
816 2334169
817 2339889
818 2345616
819 2351350
820 2357091
821 2362839
822 2368594
823 2374356
824 2380125
825 2385901
826 2391684
827 2397474
828 2403271
829 2409075
830 2414886
831 2420704
832 2426529
833 2432361
834 2438200
835 2444046
836 2449899
837 2455759
838 2461626
839 2467500
840 2473381
841 2479269
842 2485164
843 2491066
844 2496975
845 2502891
846 2508814
847 2514744
848 2520681
849 2526625
850 2532576
851 2538534
852 2544499
853 2550471
854 2556450
855 2562436
856 2568429
857 2574429
858 2580436
859 2586450
860 2592471
861 2598499
862 2604534
863 2610576
864 2616625
865 2622681
866 2628744
867 2634814
868 2640891
869 2646975
870 2653066
871 2659164
872 2665269
873 2671381
874 2677500
875 2683626
876 2689759
877 2695899
878 2702046
879 2708200
880 2714361
881 2720529
882 2726704
883 2732886
884 2739075
885 2745271
886 2751474
887 2757684
888 2763901
889 2770125
890 2776356
891 2782594
892 2788839
893 2795091
894 2801350
895 2807616
896 2813889
897 2820169
898 2826456
899 2832750
900 2839051
901 2845359
902 2851674
903 2857996
904 2864325
905 2870661
906 2877004
907 2883354
908 2889711
909 2896075
910 2902446
911 2908824
912 2915209
913 2921601
914 2928000
915 2934406
916 2940819
917 2947239
918 2953666
919 2960100
920 2966541
921 2972989
922 2979444
923 2985906
924 2992375
925 2998851
926 3005334
927 3011824
928 3018321
929 3024825
930 3031336
931 3037854
932 3044379
933 3050911
934 3057450
935 3063996
936 3070549
937 3077109
938 3083676
939 3090250
940 3096831
941 3103419
942 3110014
943 3116616
944 3123225
945 3129841
946 3136464
947 3143094
948 3149731
949 3156375
950 3163026
951 3169684
952 3176349
953 3183021
954 3189700
955 3196386
956 3203079
957 3209779
958 3216486
959 3223200
960 3229921
961 3236649
962 3243384
963 3250126
964 3256875
965 3263631
966 3270394
967 3277164
968 3283941
969 3290725
970 3297516
971 3304314
972 3311119
973 3317931
974 3324750
975 3331576
976 3338409
977 3345249
978 3352096
979 3358950
980 3365811
981 3372679
982 3379554
983 3386436
984 3393325
985 3400221
986 3407124
987 3414034
988 3420951
989 3427875
990 3434806
991 3441744
992 3448689
993 3455641
994 3462600
995 3469566
996 3476539
997 3483519
998 3490506
999 3497500
1000 3504501
