0 0
1 9
2 17
3 25
4 33
5 41
6 49
7 57
8 65
9 73
10 81
11 89
12 97
13 105
14 113
15 121
16 129
17 137
18 145
19 153
20 161
21 169
22 177
23 185
24 193
25 201
26 209
27 217
28 225
29 233
30 241
31 249
32 257
33 265
34 273
35 281
36 289
37 297
38 305
39 313
40 321
41 329
42 337
43 345
44 353
45 361
46 369
47 377
48 385
49 393
50 401
51 409
52 417
53 425
54 433
55 441
56 449
57 457
58 465
59 473
60 481
61 489
62 497
63 505
64 513
65 521
66 529
67 537
68 545
69 553
70 561
71 569
72 577
73 585
74 593
75 601
76 609
77 617
78 625
79 633
80 641
81 649
82 657
83 665
84 673
85 681
86 689
87 697
88 705
89 713
90 721
91 729
92 737
93 745
94 753
95 761
96 769
97 777
98 785
99 793
100 801
101 809
102 817
103 825
104 833
105 841
106 849
107 857
108 865
109 873
110 881
111 889
112 897
113 905
114 913
115 921
116 929
117 937
118 945
119 953
120 961
121 969
122 977
123 985
124 993
125 1001
126 1009
127 1017
128 1025
129 1033
130 1041
131 1049
132 1057
133 1065
134 1073
135 1081
136 1089
137 1097
138 1105
139 1113
140 1121
141 1129
142 1137
143 1145
144 1153
145 1161
146 1169
147 1177
148 1185
149 1193
150 1201
151 1209
152 1217
153 1225
154 1233
155 1241
156 1249
157 1257
158 1265
159 1273
160 1281
161 1289
162 1297
163 1305
164 1313
165 1321
166 1329
167 1337
168 1345
169 1353
170 1361
171 1369
172 1377
173 1385
174 1393
175 1401
176 1409
177 1417
178 1425
179 1433
180 1441
181 1449
182 1457
183 1465
184 1473
185 1481
186 1489
187 1497
188 1505
189 1513
190 1521
191 1529
192 1537
193 1545
194 1553
195 1561
196 1569
197 1577
198 1585
199 1593
200 1601
201 1609
202 1617
203 1625
204 1633
205 1641
206 1649
207 1657
208 1665
209 1673
210 1681
211 1689
212 1697
213 1705
214 1713
215 1721
216 1729
217 1737
218 1745
219 1753
220 1761
221 1769
222 1777
223 1785
224 1793
225 1801
226 1809
227 1817
228 1825
229 1833
230 1841
231 1849
232 1857
233 1865
234 1873
235 1881
236 1889
237 1897
238 1905
239 1913
240 1921
241 1929
242 1937
243 1945
244 1953
245 1961
246 1969
247 1977
248 1985
249 1993
250 2001
251 2009
252 2017
253 2025
254 2033
255 2041
256 2049
257 2057
258 2065
259 2073
260 2081
261 2089
262 2097
263 2105
264 2113
265 2121
266 2129
267 2137
268 2145
269 2153
270 2161
271 2169
272 2177
273 2185
274 2193
275 2201
276 2209
277 2217
278 2225
279 2233
280 2241
281 2249
282 2257
283 2265
284 2273
285 2281
286 2289
287 2297
288 2305
289 2313
290 2321
291 2329
292 2337
293 2345
294 2353
295 2361
296 2369
297 2377
298 2385
299 2393
300 2401
301 2409
302 2417
303 2425
304 2433
305 2441
306 2449
307 2457
308 2465
309 2473
310 2481
311 2489
312 2497
313 2505
314 2513
315 2521
316 2529
317 2537
318 2545
319 2553
320 2561
321 2569
322 2577
323 2585
324 2593
325 2601
326 2609
327 2617
328 2625
329 2633
330 2641
331 2649
332 2657
333 2665
334 2673
335 2681
336 2689
337 2697
338 2705
339 2713
340 2721
341 2729
342 2737
343 2745
344 2753
345 2761
346 2769
347 2777
348 2785
349 2793
350 2801
351 2809
352 2817
353 2825
354 2833
355 2841
356 2849
357 2857
358 2865
359 2873
360 2881
361 2889
362 2897
363 2905
364 2913
365 2921
366 2929
367 2937
368 2945
369 2953
370 2961
371 2969
372 2977
373 2985
374 2993
375 3001
376 3009
377 3017
378 3025
379 3033
380 3041
381 3049
382 3057
383 3065
384 3073
385 3081
386 3089
387 3097
388 3105
389 3113
390 3121
391 3129
392 3137
393 3145
394 3153
395 3161
396 3169
397 3177
398 3185
399 3193
400 3201
401 3209
402 3217
403 3225
404 3233
405 3241
406 3249
407 3257
408 3265
409 3273
410 3281
411 3289
412 3297
413 3305
414 3313
415 3321
416 3329
417 3337
418 3345
419 3353
420 3361
421 3369
422 3377
423 3385
424 3393
425 3401
426 3409
427 3417
428 3425
429 3433
430 3441
431 3449
432 3457
433 3465
434 3473
435 3481
436 3489
437 3497
438 3505
439 3513
440 3521
441 3529
442 3537
443 3545
444 3553
445 3561
446 3569
447 3577
448 3585
449 3593
450 3601
451 3609
452 3617
453 3625
454 3633
455 3641
456 3649
457 3657
458 3665
459 3673
460 3681
461 3689
462 3697
463 3705
464 3713
465 3721
466 3729
467 3737
468 3745
469 3753
470 3761
471 3769
472 3777
473 3785
474 3793
475 3801
476 3809
477 3817
478 3825
479 3833
480 3841
481 3849
482 3857
483 3865
484 3873
485 3881
486 3889
487 3897
488 3905
489 3913
490 3921
491 3929
492 3937
493 3945
494 3953
495 3961
496 3969
497 3977
498 3985
499 3993
500 4001
501 4009
502 4017
503 4025
504 4033
505 4041
506 4049
507 4057
508 4065
509 4073
510 4081
511 4089
512 4097
513 4105
514 4113
515 4121
516 4129
517 4137
518 4145
519 4153
520 4161
521 4169
522 4177
523 4185
524 4193
525 4201
526 4209
527 4217
528 4225
529 4233
530 4241
531 4249
532 4257
533 4265
534 4273
535 4281
536 4289
537 4297
538 4305
539 4313
540 4321
541 4329
542 4337
543 4345
544 4353
545 4361
546 4369
547 4377
548 4385
549 4393
550 4401
551 4409
552 4417
553 4425
554 4433
555 4441
556 4449
557 4457
558 4465
559 4473
560 4481
561 4489
562 4497
563 4505
564 4513
565 4521
566 4529
567 4537
568 4545
569 4553
570 4561
571 4569
572 4577
573 4585
574 4593
575 4601
576 4609
577 4617
578 4625
579 4633
580 4641
581 4649
582 4657
583 4665
584 4673
585 4681
586 4689
587 4697
588 4705
589 4713
590 4721
591 4729
592 4737
593 4745
594 4753
595 4761
596 4769
597 4777
598 4785
599 4793
600 4801
601 4809
602 4817
603 4825
604 4833
605 4841
606 4849
607 4857
608 4865
609 4873
610 4881
611 4889
612 4897
613 4905
614 4913
615 4921
616 4929
617 4937
618 4945
619 4953
620 4961
621 4969
622 4977
623 4985
624 4993
625 5001
626 5009
627 5017
628 5025
629 5033
630 5041
631 5049
632 5057
633 5065
634 5073
635 5081
636 5089
637 5097
638 5105
639 5113
640 5121
641 5129
642 5137
643 5145
644 5153
645 5161
646 5169
647 5177
648 5185
649 5193
650 5201
651 5209
652 5217
653 5225
654 5233
655 5241
656 5249
657 5257
658 5265
659 5273
660 5281
661 5289
662 5297
663 5305
664 5313
665 5321
666 5329
667 5337
668 5345
669 5353
670 5361
671 5369
672 5377
673 5385
674 5393
675 5401
676 5409
677 5417
678 5425
679 5433
680 5441
681 5449
682 5457
683 5465
684 5473
685 5481
686 5489
687 5497
688 5505
689 5513
690 5521
691 5529
692 5537
693 5545
694 5553
695 5561
696 5569
697 5577
698 5585
699 5593
700 5601
701 5609
702 5617
703 5625
704 5633
705 5641
706 5649
707 5657
708 5665
709 5673
710 5681
711 5689
712 5697
713 5705
714 5713
715 5721
716 5729
717 5737
718 5745
719 5753
720 5761
721 5769
722 5777
723 5785
724 5793
725 5801
726 5809
727 5817
728 5825
729 5833
730 5841
731 5849
732 5857
733 5865
734 5873
735 5881
736 5889
737 5897
738 5905
739 5913
740 5921
741 5929
742 5937
743 5945
744 5953
745 5961
746 5969
747 5977
748 5985
749 5993
750 6001
751 6009
752 6017
753 6025
754 6033
755 6041
756 6049
757 6057
758 6065
759 6073
760 6081
761 6089
762 6097
763 6105
764 6113
765 6121
766 6129
767 6137
768 6145
769 6153
770 6161
771 6169
772 6177
773 6185
774 6193
775 6201
776 6209
777 6217
778 6225
779 6233
780 6241
781 6249
782 6257
783 6265
784 6273
785 6281
786 6289
787 6297
788 6305
789 6313
790 6321
791 6329
792 6337
793 6345
794 6353
795 6361
796 6369
797 6377
798 6385
799 6393
800 6401
801 6409
802 6417
803 6425
804 6433
805 6441
806 6449
807 6457
808 6465
809 6473
810 6481
811 6489
812 6497
813 6505
814 6513
815 6521
816 6529
817 6537
818 6545
819 6553
820 6561
821 6569
822 6577
823 6585
824 6593
825 6601
826 6609
827 6617
828 6625
829 6633
830 6641
831 6649
832 6657
833 6665
834 6673
835 6681
836 6689
837 6697
838 6705
839 6713
840 6721
841 6729
842 6737
843 6745
844 6753
845 6761
846 6769
847 6777
848 6785
849 6793
850 6801
851 6809
852 6817
853 6825
854 6833
855 6841
856 6849
857 6857
858 6865
859 6873
860 6881
861 6889
862 6897
863 6905
864 6913
865 6921
866 6929
867 6937
868 6945
869 6953
870 6961
871 6969
872 6977
873 6985
874 6993
875 7001
876 7009
877 7017
878 7025
879 7033
880 7041
881 7049
882 7057
883 7065
884 7073
885 7081
886 7089
887 7097
888 7105
889 7113
890 7121
891 7129
892 7137
893 7145
894 7153
895 7161
896 7169
897 7177
898 7185
899 7193
900 7201
901 7209
902 7217
903 7225
904 7233
905 7241
906 7249
907 7257
908 7265
909 7273
910 7281
911 7289
912 7297
913 7305
914 7313
915 7321
916 7329
917 7337
918 7345
919 7353
920 7361
921 7369
922 7377
923 7385
924 7393
925 7401
926 7409
927 7417
928 7425
929 7433
930 7441
931 7449
932 7457
933 7465
934 7473
935 7481
936 7489
937 7497
938 7505
939 7513
940 7521
941 7529
942 7537
943 7545
944 7553
945 7561
946 7569
947 7577
948 7585
949 7593
950 7601
951 7609
952 7617
953 7625
954 7633
955 7641
956 7649
957 7657
958 7665
959 7673
960 7681
961 7689
962 7697
963 7705
964 7713
965 7721
966 7729
967 7737
968 7745
969 7753
970 7761
971 7769
972 7777
973 7785
974 7793
975 7801
976 7809
977 7817
978 7825
979 7833
980 7841
981 7849
982 7857
983 7865
984 7873
985 7881
986 7889
987 7897
988 7905
989 7913
990 7921
991 7929
992 7937
993 7945
994 7953
995 7961
996 7969
997 7977
998 7985
999 7993
1000 8001
