0 1
1 3
2 6
3 9
4 13
5 17
6 22
7 27
8 33
9 39
10 46
11 53
12 61
13 69
14 78
15 87
16 97
17 107
18 118
19 129
20 141
21 153
22 166
23 179
24 193
25 207
26 222
27 237
28 253
29 269
30 286
31 303
32 321
33 339
34 358
35 377
36 397
37 417
38 438
39 459
40 481
41 503
42 526
43 549
44 573
45 597
46 622
47 647
48 673
49 699
50 726
51 753
52 781
53 809
54 838
55 867
56 897
57 927
58 958
59 989
60 1021
61 1053
62 1086
63 1119
64 1153
65 1187
66 1222
67 1257
68 1293
69 1329
70 1366
71 1403
72 1441
73 1479
74 1518
75 1557
76 1597
77 1637
78 1678
79 1719
80 1761
81 1803
82 1846
83 1889
84 1933
85 1977
86 2022
87 2067
88 2113
89 2159
90 2206
91 2253
92 2301
93 2349
94 2398
95 2447
96 2497
97 2547
98 2598
99 2649
100 2701
101 2753
102 2806
103 2859
104 2913
105 2967
106 3022
107 3077
108 3133
109 3189
110 3246
111 3303
112 3361
113 3419
114 3478
115 3537
116 3597
117 3657
118 3718
119 3779
120 3841
121 3903
122 3966
123 4029
124 4093
125 4157
126 4222
127 4287
128 4353
129 4419
130 4486
131 4553
132 4621
133 4689
134 4758
135 4827
136 4897
137 4967
138 5038
139 5109
140 5181
141 5253
142 5326
143 5399
144 5473
145 5547
146 5622
147 5697
148 5773
149 5849
150 5926
151 6003
152 6081
153 6159
154 6238
155 6317
156 6397
157 6477
158 6558
159 6639
160 6721
161 6803
162 6886
163 6969
164 7053
165 7137
166 7222
167 7307
168 7393
169 7479
170 7566
171 7653
172 7741
173 7829
174 7918
175 8007
176 8097
177 8187
178 8278
179 8369
180 8461
181 8553
182 8646
183 8739
184 8833
185 8927
186 9022
187 9117
188 9213
189 9309
190 9406
191 9503
192 9601
193 9699
194 9798
195 9897
196 9997
197 10097
198 10198
199 10299
200 10401
201 10503
202 10606
203 10709
204 10813
205 10917
206 11022
207 11127
208 11233
209 11339
210 11446
211 11553
212 11661
213 11769
214 11878
215 11987
216 12097
217 12207
218 12318
219 12429
220 12541
221 12653
222 12766
223 12879
224 12993
225 13107
226 13222
227 13337
228 13453
229 13569
230 13686
231 13803
232 13921
233 14039
234 14158
235 14277
236 14397
237 14517
238 14638
239 14759
240 14881
241 15003
242 15126
243 15249
244 15373
245 15497
246 15622
247 15747
248 15873
249 15999
250 16126
251 16253
252 16381
253 16509
254 16638
255 16767
256 16897
257 17027
258 17158
259 17289
260 17421
261 17553
262 17686
263 17819
264 17953
265 18087
266 18222
267 18357
268 18493
269 18629
270 18766
271 18903
272 19041
273 19179
274 19318
275 19457
276 19597
277 19737
278 19878
279 20019
280 20161
281 20303
282 20446
283 20589
284 20733
285 20877
286 21022
287 21167
288 21313
289 21459
290 21606
291 21753
292 21901
293 22049
294 22198
295 22347
296 22497
297 22647
298 22798
299 22949
300 23101
301 23253
302 23406
303 23559
304 23713
305 23867
306 24022
307 24177
308 24333
309 24489
310 24646
311 24803
312 24961
313 25119
314 25278
315 25437
316 25597
317 25757
318 25918
319 26079
320 26241
321 26403
322 26566
323 26729
324 26893
325 27057
326 27222
327 27387
328 27553
329 27719
330 27886
331 28053
332 28221
333 28389
334 28558
335 28727
336 28897
337 29067
338 29238
339 29409
340 29581
341 29753
342 29926
343 30099
344 30273
345 30447
346 30622
347 30797
348 30973
349 31149
350 31326
351 31503
352 31681
353 31859
354 32038
355 32217
356 32397
357 32577
358 32758
359 32939
360 33121
361 33303
362 33486
363 33669
364 33853
365 34037
366 34222
367 34407
368 34593
369 34779
370 34966
371 35153
372 35341
373 35529
374 35718
375 35907
376 36097
377 36287
378 36478
379 36669
380 36861
381 37053
382 37246
383 37439
384 37633
385 37827
386 38022
387 38217
388 38413
389 38609
390 38806
391 39003
392 39201
393 39399
394 39598
395 39797
396 39997
397 40197
398 40398
399 40599
400 40801
401 41003
402 41206
403 41409
404 41613
405 41817
406 42022
407 42227
408 42433
409 42639
410 42846
411 43053
412 43261
413 43469
414 43678
415 43887
416 44097
417 44307
418 44518
419 44729
420 44941
421 45153
422 45366
423 45579
424 45793
425 46007
426 46222
427 46437
428 46653
429 46869
430 47086
431 47303
432 47521
433 47739
434 47958
435 48177
436 48397
437 48617
438 48838
439 49059
440 49281
441 49503
442 49726
443 49949
444 50173
445 50397
446 50622
447 50847
448 51073
449 51299
450 51526
451 51753
452 51981
453 52209
454 52438
455 52667
456 52897
457 53127
458 53358
459 53589
460 53821
461 54053
462 54286
463 54519
464 54753
465 54987
466 55222
467 55457
468 55693
469 55929
470 56166
471 56403
472 56641
473 56879
474 57118
475 57357
476 57597
477 57837
478 58078
479 58319
480 58561
481 58803
482 59046
483 59289
484 59533
485 59777
486 60022
487 60267
488 60513
489 60759
490 61006
491 61253
492 61501
493 61749
494 61998
495 62247
496 62497
497 62747
498 62998
499 63249
500 63501
501 63753
502 64006
503 64259
504 64513
505 64767
506 65022
507 65277
508 65533
509 65789
510 66046
511 66303
512 66561
513 66819
514 67078
515 67337
516 67597
517 67857
518 68118
519 68379
520 68641
521 68903
522 69166
523 69429
524 69693
525 69957
526 70222
527 70487
528 70753
529 71019
530 71286
531 71553
532 71821
533 72089
534 72358
535 72627
536 72897
537 73167
538 73438
539 73709
540 73981
541 74253
542 74526
543 74799
544 75073
545 75347
546 75622
547 75897
548 76173
549 76449
550 76726
551 77003
552 77281
553 77559
554 77838
555 78117
556 78397
557 78677
558 78958
559 79239
560 79521
561 79803
562 80086
563 80369
564 80653
565 80937
566 81222
567 81507
568 81793
569 82079
570 82366
571 82653
572 82941
573 83229
574 83518
575 83807
576 84097
577 84387
578 84678
579 84969
580 85261
581 85553
582 85846
583 86139
584 86433
585 86727
586 87022
587 87317
588 87613
589 87909
590 88206
591 88503
592 88801
593 89099
594 89398
595 89697
596 89997
597 90297
598 90598
599 90899
600 91201
601 91503
602 91806
603 92109
604 92413
605 92717
606 93022
607 93327
608 93633
609 93939
610 94246
611 94553
612 94861
613 95169
614 95478
615 95787
616 96097
617 96407
618 96718
619 97029
620 97341
621 97653
622 97966
623 98279
624 98593
625 98907
626 99222
627 99537
628 99853
629 100169
630 100486
631 100803
632 101121
633 101439
634 101758
635 102077
636 102397
637 102717
638 103038
639 103359
640 103681
641 104003
642 104326
643 104649
644 104973
645 105297
646 105622
647 105947
648 106273
649 106599
650 106926
651 107253
652 107581
653 107909
654 108238
655 108567
656 108897
657 109227
658 109558
659 109889
660 110221
661 110553
662 110886
663 111219
664 111553
665 111887
666 112222
667 112557
668 112893
669 113229
670 113566
671 113903
672 114241
673 114579
674 114918
675 115257
676 115597
677 115937
678 116278
679 116619
680 116961
681 117303
682 117646
683 117989
684 118333
685 118677
686 119022
687 119367
688 119713
689 120059
690 120406
691 120753
692 121101
693 121449
694 121798
695 122147
696 122497
697 122847
698 123198
699 123549
700 123901
701 124253
702 124606
703 124959
704 125313
705 125667
706 126022
707 126377
708 126733
709 127089
710 127446
711 127803
712 128161
713 128519
714 128878
715 129237
716 129597
717 129957
718 130318
719 130679
720 131041
721 131403
722 131766
723 132129
724 132493
725 132857
726 133222
727 133587
728 133953
729 134319
730 134686
731 135053
732 135421
733 135789
734 136158
735 136527
736 136897
737 137267
738 137638
739 138009
740 138381
741 138753
742 139126
743 139499
744 139873
745 140247
746 140622
747 140997
748 141373
749 141749
750 142126
751 142503
752 142881
753 143259
754 143638
755 144017
756 144397
757 144777
758 145158
759 145539
760 145921
761 146303
762 146686
763 147069
764 147453
765 147837
766 148222
767 148607
768 148993
769 149379
770 149766
771 150153
772 150541
773 150929
774 151318
775 151707
776 152097
777 152487
778 152878
779 153269
780 153661
781 154053
782 154446
783 154839
784 155233
785 155627
786 156022
787 156417
788 156813
789 157209
790 157606
791 158003
792 158401
793 158799
794 159198
795 159597
796 159997
797 160397
798 160798
799 161199
800 161601
801 162003
802 162406
803 162809
804 163213
805 163617
806 164022
807 164427
808 164833
809 165239
810 165646
811 166053
812 166461
813 166869
814 167278
815 167687
816 168097
817 168507
818 168918
819 169329
820 169741
821 170153
822 170566
823 170979
824 171393
825 171807
826 172222
827 172637
828 173053
829 173469
830 173886
831 174303
832 174721
833 175139
834 175558
835 175977
836 176397
837 176817
838 177238
839 177659
840 178081
841 178503
842 178926
843 179349
844 179773
845 180197
846 180622
847 181047
848 181473
849 181899
850 182326
851 182753
852 183181
853 183609
854 184038
855 184467
856 184897
857 185327
858 185758
859 186189
860 186621
861 187053
862 187486
863 187919
864 188353
865 188787
866 189222
867 189657
868 190093
869 190529
870 190966
871 191403
872 191841
873 192279
874 192718
875 193157
876 193597
877 194037
878 194478
879 194919
880 195361
881 195803
882 196246
883 196689
884 197133
885 197577
886 198022
887 198467
888 198913
889 199359
890 199806
891 200253
892 200701
893 201149
894 201598
895 202047
896 202497
897 202947
898 203398
899 203849
900 204301
901 204753
902 205206
903 205659
904 206113
905 206567
906 207022
907 207477
908 207933
909 208389
910 208846
911 209303
912 209761
913 210219
914 210678
915 211137
916 211597
917 212057
918 212518
919 212979
920 213441
921 213903
922 214366
923 214829
924 215293
925 215757
926 216222
927 216687
928 217153
929 217619
930 218086
931 218553
932 219021
933 219489
934 219958
935 220427
936 220897
937 221367
938 221838
939 222309
940 222781
941 223253
942 223726
943 224199
944 224673
945 225147
946 225622
947 226097
948 226573
949 227049
950 227526
951 228003
952 228481
953 228959
954 229438
955 229917
956 230397
957 230877
958 231358
959 231839
960 232321
961 232803
962 233286
963 233769
964 234253
965 234737
966 235222
967 235707
968 236193
969 236679
970 237166
971 237653
972 238141
973 238629
974 239118
975 239607
976 240097
977 240587
978 241078
979 241569
980 242061
981 242553
982 243046
983 243539
984 244033
985 244527
986 245022
987 245517
988 246013
989 246509
990 247006
991 247503
992 248001
993 248499
994 248998
995 249497
996 249997
997 250497
998 250998
999 251499
1000 252001
