0 0
1 14
2 25
3 36
4 47
5 58
6 69
7 80
8 91
9 102
10 113
11 124
12 135
13 146
14 157
15 168
16 179
17 190
18 201
19 212
20 223
21 234
22 245
23 256
24 267
25 278
26 289
27 300
28 311
29 322
30 333
31 344
32 355
33 366
34 377
35 388
36 399
37 410
38 421
39 432
40 443
41 454
42 465
43 476
44 487
45 498
46 509
47 520
48 531
49 542
50 553
51 564
52 575
53 586
54 597
55 608
56 619
57 630
58 641
59 652
60 663
61 674
62 685
63 696
64 707
65 718
66 729
67 740
68 751
69 762
70 773
71 784
72 795
73 806
74 817
75 828
76 839
77 850
78 861
79 872
80 883
81 894
82 905
83 916
84 927
85 938
86 949
87 960
88 971
89 982
90 993
91 1004
92 1015
93 1026
94 1037
95 1048
96 1059
97 1070
98 1081
99 1092
100 1103
101 1114
102 1125
103 1136
104 1147
105 1158
106 1169
107 1180
108 1191
109 1202
110 1213
111 1224
112 1235
113 1246
114 1257
115 1268
116 1279
117 1290
118 1301
119 1312
120 1323
121 1334
122 1345
123 1356
124 1367
125 1378
126 1389
127 1400
128 1411
129 1422
130 1433
131 1444
132 1455
133 1466
134 1477
135 1488
136 1499
137 1510
138 1521
139 1532
140 1543
141 1554
142 1565
143 1576
144 1587
145 1598
146 1609
147 1620
148 1631
149 1642
150 1653
151 1664
152 1675
153 1686
154 1697
155 1708
156 1719
157 1730
158 1741
159 1752
160 1763
161 1774
162 1785
163 1796
164 1807
165 1818
166 1829
167 1840
168 1851
169 1862
170 1873
171 1884
172 1895
173 1906
174 1917
175 1928
176 1939
177 1950
178 1961
179 1972
180 1983
181 1994
182 2005
183 2016
184 2027
185 2038
186 2049
187 2060
188 2071
189 2082
190 2093
191 2104
192 2115
193 2126
194 2137
195 2148
196 2159
197 2170
198 2181
199 2192
200 2203
201 2214
202 2225
203 2236
204 2247
205 2258
206 2269
207 2280
208 2291
209 2302
210 2313
211 2324
212 2335
213 2346
214 2357
215 2368
216 2379
217 2390
218 2401
219 2412
220 2423
221 2434
222 2445
223 2456
224 2467
225 2478
226 2489
227 2500
228 2511
229 2522
230 2533
231 2544
232 2555
233 2566
234 2577
235 2588
236 2599
237 2610
238 2621
239 2632
240 2643
241 2654
242 2665
243 2676
244 2687
245 2698
246 2709
247 2720
248 2731
249 2742
250 2753
251 2764
252 2775
253 2786
254 2797
255 2808
256 2819
257 2830
258 2841
259 2852
260 2863
261 2874
262 2885
263 2896
264 2907
265 2918
266 2929
267 2940
268 2951
269 2962
270 2973
271 2984
272 2995
273 3006
274 3017
275 3028
276 3039
277 3050
278 3061
279 3072
280 3083
281 3094
282 3105
283 3116
284 3127
285 3138
286 3149
287 3160
288 3171
289 3182
290 3193
291 3204
292 3215
293 3226
294 3237
295 3248
296 3259
297 3270
298 3281
299 3292
300 3303
301 3314
302 3325
303 3336
304 3347
305 3358
306 3369
307 3380
308 3391
309 3402
310 3413
311 3424
312 3435
313 3446
314 3457
315 3468
316 3479
317 3490
318 3501
319 3512
320 3523
321 3534
322 3545
323 3556
324 3567
325 3578
326 3589
327 3600
328 3611
329 3622
330 3633
331 3644
332 3655
333 3666
334 3677
335 3688
336 3699
337 3710
338 3721
339 3732
340 3743
341 3754
342 3765
343 3776
344 3787
345 3798
346 3809
347 3820
348 3831
349 3842
350 3853
351 3864
352 3875
353 3886
354 3897
355 3908
356 3919
357 3930
358 3941
359 3952
360 3963
361 3974
362 3985
363 3996
364 4007
365 4018
366 4029
367 4040
368 4051
369 4062
370 4073
371 4084
372 4095
373 4106
374 4117
375 4128
376 4139
377 4150
378 4161
379 4172
380 4183
381 4194
382 4205
383 4216
384 4227
385 4238
386 4249
387 4260
388 4271
389 4282
390 4293
391 4304
392 4315
393 4326
394 4337
395 4348
396 4359
397 4370
398 4381
399 4392
400 4403
401 4414
402 4425
403 4436
404 4447
405 4458
406 4469
407 4480
408 4491
409 4502
410 4513
411 4524
412 4535
413 4546
414 4557
415 4568
416 4579
417 4590
418 4601
419 4612
420 4623
421 4634
422 4645
423 4656
424 4667
425 4678
426 4689
427 4700
428 4711
429 4722
430 4733
431 4744
432 4755
433 4766
434 4777
435 4788
436 4799
437 4810
438 4821
439 4832
440 4843
441 4854
442 4865
443 4876
444 4887
445 4898
446 4909
447 4920
448 4931
449 4942
450 4953
451 4964
452 4975
453 4986
454 4997
455 5008
456 5019
457 5030
458 5041
459 5052
460 5063
461 5074
462 5085
463 5096
464 5107
465 5118
466 5129
467 5140
468 5151
469 5162
470 5173
471 5184
472 5195
473 5206
474 5217
475 5228
476 5239
477 5250
478 5261
479 5272
480 5283
481 5294
482 5305
483 5316
484 5327
485 5338
486 5349
487 5360
488 5371
489 5382
490 5393
491 5404
492 5415
493 5426
494 5437
495 5448
496 5459
497 5470
498 5481
499 5492
500 5503
501 5514
502 5525
503 5536
504 5547
505 5558
506 5569
507 5580
508 5591
509 5602
510 5613
511 5624
512 5635
513 5646
514 5657
515 5668
516 5679
517 5690
518 5701
519 5712
520 5723
521 5734
522 5745
523 5756
524 5767
525 5778
526 5789
527 5800
528 5811
529 5822
530 5833
531 5844
532 5855
533 5866
534 5877
535 5888
536 5899
537 5910
538 5921
539 5932
540 5943
541 5954
542 5965
543 5976
544 5987
545 5998
546 6009
547 6020
548 6031
549 6042
550 6053
551 6064
552 6075
553 6086
554 6097
555 6108
556 6119
557 6130
558 6141
559 6152
560 6163
561 6174
562 6185
563 6196
564 6207
565 6218
566 6229
567 6240
568 6251
569 6262
570 6273
571 6284
572 6295
573 6306
574 6317
575 6328
576 6339
577 6350
578 6361
579 6372
580 6383
581 6394
582 6405
583 6416
584 6427
585 6438
586 6449
587 6460
588 6471
589 6482
590 6493
591 6504
592 6515
593 6526
594 6537
595 6548
596 6559
597 6570
598 6581
599 6592
600 6603
601 6614
602 6625
603 6636
604 6647
605 6658
606 6669
607 6680
608 6691
609 6702
610 6713
611 6724
612 6735
613 6746
614 6757
615 6768
616 6779
617 6790
618 6801
619 6812
620 6823
621 6834
622 6845
623 6856
624 6867
625 6878
626 6889
627 6900
628 6911
629 6922
630 6933
631 6944
632 6955
633 6966
634 6977
635 6988
636 6999
637 7010
638 7021
639 7032
640 7043
641 7054
642 7065
643 7076
644 7087
645 7098
646 7109
647 7120
648 7131
649 7142
650 7153
651 7164
652 7175
653 7186
654 7197
655 7208
656 7219
657 7230
658 7241
659 7252
660 7263
661 7274
662 7285
663 7296
664 7307
665 7318
666 7329
667 7340
668 7351
669 7362
670 7373
671 7384
672 7395
673 7406
674 7417
675 7428
676 7439
677 7450
678 7461
679 7472
680 7483
681 7494
682 7505
683 7516
684 7527
685 7538
686 7549
687 7560
688 7571
689 7582
690 7593
691 7604
692 7615
693 7626
694 7637
695 7648
696 7659
697 7670
698 7681
699 7692
700 7703
701 7714
702 7725
703 7736
704 7747
705 7758
706 7769
707 7780
708 7791
709 7802
710 7813
711 7824
712 7835
713 7846
714 7857
715 7868
716 7879
717 7890
718 7901
719 7912
720 7923
721 7934
722 7945
723 7956
724 7967
725 7978
726 7989
727 8000
728 8011
729 8022
730 8033
731 8044
732 8055
733 8066
734 8077
735 8088
736 8099
737 8110
738 8121
739 8132
740 8143
741 8154
742 8165
743 8176
744 8187
745 8198
746 8209
747 8220
748 8231
749 8242
750 8253
751 8264
752 8275
753 8286
754 8297
755 8308
756 8319
757 8330
758 8341
759 8352
760 8363
761 8374
762 8385
763 8396
764 8407
765 8418
766 8429
767 8440
768 8451
769 8462
770 8473
771 8484
772 8495
773 8506
774 8517
775 8528
776 8539
777 8550
778 8561
779 8572
780 8583
781 8594
782 8605
783 8616
784 8627
785 8638
786 8649
787 8660
788 8671
789 8682
790 8693
791 8704
792 8715
793 8726
794 8737
795 8748
796 8759
797 8770
798 8781
799 8792
800 8803
801 8814
802 8825
803 8836
804 8847
805 8858
806 8869
807 8880
808 8891
809 8902
810 8913
811 8924
812 8935
813 8946
814 8957
815 8968
816 8979
817 8990
818 9001
819 9012
820 9023
821 9034
822 9045
823 9056
824 9067
825 9078
826 9089
827 9100
828 9111
829 9122
830 9133
831 9144
832 9155
833 9166
834 9177
835 9188
836 9199
837 9210
838 9221
839 9232
840 9243
841 9254
842 9265
843 9276
844 9287
845 9298
846 9309
847 9320
848 9331
849 9342
850 9353
851 9364
852 9375
853 9386
854 9397
855 9408
856 9419
857 9430
858 9441
859 9452
860 9463
861 9474
862 9485
863 9496
864 9507
865 9518
866 9529
867 9540
868 9551
869 9562
870 9573
871 9584
872 9595
873 9606
874 9617
875 9628
876 9639
877 9650
878 9661
879 9672
880 9683
881 9694
882 9705
883 9716
884 9727
885 9738
886 9749
887 9760
888 9771
889 9782
890 9793
891 9804
892 9815
893 9826
894 9837
895 9848
896 9859
897 9870
898 9881
899 9892
900 9903
901 9914
902 9925
903 9936
904 9947
905 9958
906 9969
907 9980
908 9991
909 10002
910 10013
911 10024
912 10035
913 10046
914 10057
915 10068
916 10079
917 10090
918 10101
919 10112
920 10123
921 10134
922 10145
923 10156
924 10167
925 10178
926 10189
927 10200
928 10211
929 10222
930 10233
931 10244
932 10255
933 10266
934 10277
935 10288
936 10299
937 10310
938 10321
939 10332
940 10343
941 10354
942 10365
943 10376
944 10387
945 10398
946 10409
947 10420
948 10431
949 10442
950 10453
951 10464
952 10475
953 10486
954 10497
955 10508
956 10519
957 10530
958 10541
959 10552
960 10563
961 10574
962 10585
963 10596
964 10607
965 10618
966 10629
967 10640
968 10651
969 10662
970 10673
971 10684
972 10695
973 10706
974 10717
975 10728
976 10739
977 10750
978 10761
979 10772
980 10783
981 10794
982 10805
983 10816
984 10827
985 10838
986 10849
987 10860
988 10871
989 10882
990 10893
991 10904
992 10915
993 10926
994 10937
995 10948
996 10959
997 10970
998 10981
999 10992
1000 11003
