0 1
1 2
2 4
3 7
4 12
5 19
6 30
7 45
8 67
9 97
10 139
11 195
12 272
13 373
14 508
15 684
16 915
17 1212
18 1597
19 2087
20 2714
21 3506
22 4508
23 5763
24 7338
25 9296
26 11732
27 14742
28 18460
29 23025
30 28629
31 35471
32 43820
33 53963
34 66273
35 81156
36 99133
37 120770
38 146785
39 177970
40 215308
41 259891
42 313065
43 376326
44 451501
45 540635
46 646193
47 770947
48 918220
49 1091745
50 1295971
51 1535914
52 1817503
53 2147434
54 2533589
55 2984865
56 3511688
57 4125842
58 4841062
59 5672882
60 6639349
61 7760854
62 9061010
63 10566509
64 12308139
65 14320697
66 16644217
67 19323906
68 22411641
69 25965986
70 30053954
71 34751159
72 40143942
73 46329631
74 53419131
75 61537395
76 70826486
77 81446349
78 93578513
79 107427163
80 123223639
81 141227966
82 161734221
83 185072690
84 211616350
85 241783707
86 276046669
87 314934342
88 359042451
89 409038376
90 465672549
91 529784908
92 602318715
93 684328892
94 776998612
95 881650031
96 999764335
97 1132995265
98 1283193401
99 1452423276
100 1642992568
101 1857473694
102 2098739073
103 2369988023
104 2674789388
105 3017115097
106 3401391433
107 3832540822
108 4316043666
109 4857989906
110 5465153652
111 6145056855
112 6906059011
113 7757435639
114 8709486304
115 9773630755
116 10962539003
117 12290249079
118 13772323222
119 15425991887
120 17270341447
121 19326489498
122 21617810410
123 24170148651
124 27012089151
125 30175216503
126 33694439195
127 37608303490
128 41959382090
129 46794653960
130 52165969360
131 58130508864
132 64751339753
133 72097969265
134 80247009960
135 89282846036
136 99298427716
137 110396072732
138 122688414563
139 136299364458
140 151365242593
141 168035931801
142 186476225121
143 206867207878
144 229407862323
145 254316720332
146 281833772931
147 312222444909
148 345771864406
149 382799219606
150 423652454919
151 468713079501
152 518399367922
153 573169704246
154 633526377526
155 700019559623
156 773251803382
157 853882768151
158 942634546953
159 1040297275508
160 1147735434974
161 1265894503401
162 1395808408038
163 1538607403968
164 1695526879263
165 1867916679518
166 2057251502097
167 2265141922199
168 2493346654950
169 2743785580065
170 3018554197195
171 3319938999243
172 3650434498856
173 4012761358751
174 4409886433501
175 4845044131331
176 5321759988621
177 5843875819816
178 6415577425471
179 7041424178591
180 7726381569527
181 8475855981308
182 9295732889631
183 10192417707158
184 11172880587588
185 12244704361925
186 13416137054298
187 14696148096566
188 16094489842137
189 17621763441762
190 19289490845855
191 21110191946507
192 23097468802870
193 25266095908339
194 27632118650184
195 30212958863157
196 33027529850748
197 36096359729278
198 39441725712976
199 43087798145101
200 47060797174489
201 51389160833136
202 56103727719219
203 61237933007192
204 66828021324687
205 72913275183947
206 79536262891987
207 86743104598477
208 94583760824614
209 103112342126989
210 112387444702344
211 122472510588111
212 133436217793370
213 145352899029648
214 158302994955543
215 172373540654830
216 187658691903311
217 204260290011225
218 222288472527896
219 241862328689041
220 263110607698408
221 286172478872257
222 311198352632368
223 338350761557983
224 367805311499733
225 399751702195890
226 434394828518409
227 471955962100979
228 512674025728341
229 556806960612596
230 604633200358516
231 656453252197228
232 712591400868175
233 773397536306504
234 839249122276779
235 910553307791698
236 987749200455210
237 1071310304381081
238 1161747144049898
239 1259610077753483
240 1365492324476216
241 1480033209029254
242 1603921652106513
243 1737899911451401
244 1882767603947846
245 2039386016475792
246 2208682738867346
247 2391656628721372
248 2589383145403044
249 2803020065223669
250 3033813619588350
251 3283105070756909
252 3552337772009488
253 3843064729925600
254 4156956721232265
255 4495810985480945
256 4861560552351727
257 5256284229007084
258 5682217313416440
259 6141763063865115
260 6637504998625961
261 7172220061534570
262 7748892736481738
263 8370730152991353
264 9041178276051523
265 9763939229741895
266 10542989859304062
267 11382601589670876
268 12287361697987236
269 13262196067931861
270 14312393557862978
271 15443632061801584
272 16662006411645917
273 17974058212462132
274 19386807777635582
275 20907788270486757
276 22545082239823928
277 24307360672881197
278 26203924776472781
279 28244750629047856
280 30440536940730372
281 32802756086068083
282 35343708676113781
283 38076581859661316
284 41015511653590871
285 44175649520739868
286 47573233532726641
287 51225664368797694
288 55151586530287116
289 59370975058874211
290 63905228185775097
291 68777266242247181
292 74011637312000853
293 79634630003951458
294 85674393886046973
295 92161068013126061
296 99126918157321892
297 106606483235832476
298 114636731620775516
299 123257227896240541
300 132510310832964143
301 142441283225367644
302 153098614457916483
303 164534156535738587
304 176803374554968052
305 189965592450025756
306 204084255115305761
307 219227207854162955
308 235466994389992618
309 252881174523139913
310 271552662822740277
311 291570089585317222
312 313028185622670113
313 336028192278157450
314 360678298428987940
315 387094106062554266
316 415399126403550269
317 445725308393393233
318 478213601744859887
319 513014556614300717
320 550288962391048794
321 590208527918048785
322 632956605954003481
323 678728964497581509
324 727734608132819384
325 780196652361648025
326 836353254474522314
327 896458604314188858
328 960783978923303408
329 1029618864869377258
330 1103272152731227597
331 1182073408033894212
332 1266374223670119331
333 1356549658650668954
334 1452999768842871714
335 1556151235164607039
336 1666459095589899811
337 1784408587136013783
338 1910517104969810138
339 2045336285593111658
340 2189454222120985490
341 2343497819500561520
342 2508135298666322564
343 2684078858476745317
344 2872087505529038297
345 3072970061816721456
346 3287588361560007755
347 3516860648431224905
348 3761765185886607311
349 4023344093237751436
350 4302707421721453588
351 4601037484784211664
352 4919593458572540748
353 5259716268621118176
354 5622833780669228181
355 6010466313588257404
356 6424232494521599766
357 6865855476450958203
358 7337169540719356983
359 7840127107225357003
360 8376806177536048124
361 8949418236434085683
362 9560316640185969784
363 10212005520183176743
364 10907149233642122783
365 11648582393526204467
366 12439320513175615786
367 13282571301738144213
368 14181746650134232562
369 15140475348046570607
370 16162616576413915969
371 17252274220838315751
372 18413812055688278601
373 19651869849807403686
374 20971380449534877186
375 22377587896096361240
376 23876066639686942321
377 25472741914177699112
378 27173911342153512637
379 28986267841892985587
380 30916923914243451399
381 32973437389580085204
382 35163838722003850335
383 37496659920547742671
384 39980965214813160851
385 42626383555501924552
386 45443143058719867344
387 48442107506456319538
388 51634815024889852364
389 55033519066248012639
390 58651231830115617062
391 62501770264783046248
392 66599804800409641039
393 70960910971171925153
394 75601624095871548668
395 80539497192659740323
396 85793162317076715486
397 91382395519672119974
398 97328185634379994571
399 103652807116884288896
400 110379897168625330822
401 117534537391279273143
402 125143340234619152412
403 133234540511103617993
404 141838092270452273053
405 150985771339311390655
406 160711283853053412384
407 171050381120177359625
408 182040981183953286619
409 193723297461145604399
410 206139974864296794781
411 219336233831222230483
412 233360022714741077827
413 248262179005051026795
414 264096599889539214565
415 280920422676678450109
416 298794215646368326113
417 317782179913699990670
418 337952362932505924329
419 359376884292761560649
420 382132174509341585908
421 406299227530782949869
422 431963867744620664715
423 459217032290851086454
424 488155069547935884604
425 518880054695030935703
426 551500123312441167892
427 586129824026344743826
428 622890491268176271135
429 661910639268413530800
430 703326378475515889178
431 747281855646034005712
432 793929718930263273703
433 843431609339668424418
434 895958680068776665023
435 951692145213412951679
436 1010823859522582570324
437 1073556930898625649539
438 1140106367465591946906
439 1210699761112154082416
440 1285578009531624968649
441 1364996078878068370889
442 1449223809285797870670
443 1538546765607151516337
444 1633267135865044988157
445 1733704680036797835761
446 1840197731942036954342
447 1953104257141233057696
448 2072802969923953263650
449 2199694512614934681650
450 2334202700616507605490
451 2476775836771855009719
452 2627888098843772323397
453 2788041004088326038982
454 2957764955134784079947
455 3137620871588742347545
456 3328201912031394278579
457 3530135291316508967208
458 3744084198349242036340
459 3970749819785073381905
460 4210873475398998573986
461 4465238871157572773961
462 4734674476370527768432
463 5020056031612489754719
464 5322309194485066391324
465 5642412330638059681868
466 5981399457887585114417
467 6340363351655747991030
468 6720458820418868589507
469 7122906160280580064667
470 7548994798296232478084
471 8000087134651328577948
472 8477622594359492693541
473 8983121899673697323099
474 9518191575025304585224
475 10084528696891110184899
476 10683925901673412037825
477 11318276665327199066408
478 11989580869223930873640
479 12699950667460559111645
480 13451616671655552237236
481 14246934470070310469416
482 15088391498813134118871
483 15978614283765062207165
484 16920376072880059905220
485 17916604879488633316232
486 18970391958351088662745
487 20085000737287515146993
488 21263876228443250949639
489 22510654944444523869304
490 23829175346056794102527
491 25223488849281241919466
492 26697871421321605872598
493 28256835796316583678771
494 29905144343382756117531
495 31647822621130517098718
496 33490173654633676990184
497 35437792972621335054191
498 37496584444664219955754
499 39672776960103507417379
500 41972941992677831412406
501 44404012096987118740282
502 46973300385364217029563
503 49688521036136462342783
504 52557810886938863004828
505 55589752169403276137570
506 58793396444499478207582
507 62178289800743828051923
508 65754499380741982705594
509 69532641304777154242704
510 73523910063735318361004
511 77740109457239958459486
512 82193685156810899406864
513 86897758977813075248926
514 91866164948301201568701
515 97113487267225080362677
516 102655100249238194298810
517 108507210358159495959850
518 114686900436397580767850
519 121212176242947233555965
520 128102015418356775941613
521 135376419000908509318959
522 143056465624624603651512
523 151164368536152077775658
524 159723535574589794511808
525 168758632265418800427009
526 178295648187409040448547
527 188361966779196540555133
528 198986438760708615575864
529 210199459353230310687444
530 222033049491236611103854
531 234520941228604132907506
532 247698667552078657519814
533 261603656825324224854826
534 276275332098165008087301
535 291755215527135769156260
536 308087038165865470650063
537 325316855396482681370662
538 343493168286873542805696
539 362667051172560997289806
540 382892285776970148556027
541 404225502199181857126625
542 426726327114759213292118
543 450457539552105583430473
544 475485234624926862576893
545 501878995619932245545047
546 529712074858812094930734
547 559061583773946081305575
548 590008692659163556407451
549 622638840579326790468351
550 657041955946531841411511
551 693312688295403126540263
552 731550651816346303777817
553 771860681232755548364939
554 814353100637153269237539
555 859144005931060287246670
556 906355561545220685287008
557 956116312149575118044384
558 1008561510097321431671791
559 1063833459383406569387746
560 1122081876936158437437753
561 1183464272100320212756249
562 1248146345211863156136703
563 1316302406208399392308877
564 1388115814265238988512447
565 1463779439494848043956084
566 1543496147798191174477683
567 1627479310008832054480004
568 1715953336526327872461257
569 1809154238692971526648837
570 1907330218229005497961225
571 2010742286104569208953671
572 2119664912293636601909708
573 2234386707924497010568199
574 2355211141414817574805324
575 2482457290255369541367625
576 2616460630187094694965098
577 2757573863599624607711656
578 2906167789067744497909271
579 3062632214033827315357331
580 3227376912741167702941571
581 3400832631623547799036819
582 3583452144462604622956706
583 3775711359734682752482983
584 3978110482685311848063158
585 4191175234790196055223287
586 4415458133389242886257918
587 4651539834412548017203839
588 4900030541257134278617697
589 5161571483018374920883407
590 5436836465433309094090049
591 5726533498052136217065021
592 6031406501322111583096804
593 6352237097442406969707611
594 6689846489032472139268546
595 7045097429847474841826733
596 7418896291975911694536163
597 7812195234163794945693207
598 8225994476130522778671234
599 8661344683970840126941234
600 9119349471978984435494856
601 9601168026482270798418595
602 10108017857536005659900467
603 10641177684606685526179454
604 11201990462660162064528874
605 11791866555372664396992738
606 12412287062499724111300090
607 13064807308767840223357254
608 13751060502000860050237731
609 14472761568554089807617211
610 15231711174509059516722932
611 16029799941477058702729699
612 16869012866275285113790494
613 17751433954171968378344669
614 18679251075851692100194464
615 19654761058725448897119968
616 20680375023707583887573262
617 21758623979099663892048051
618 22892164683765643510954713
619 24083785792349275257864858
620 25336414295880070764305767
621 26653122271733888734226328
622 28037133957565315692785207
623 29491833164506873807926883
624 31020771045642042082990258
625 32627674236500396772118629
626 34316453385101586381635358
627 36091212089885463748293347
628 37956256264716666431069883
629 39916103951038195395739378
630 41975495598178722624268857
631 44139404833787207180631281
632 46413049747385044510712417
633 48801904711084976893448399
634 51311712762637008501530934
635 53948498577118971152750009
636 56718582054803389263145130
637 59628592553997081106448144
638 62685483798976313338310618
639 65896549494522293615559358
640 69269439680010776025244377
641 72812177857519372733952251
642 76533178929998914185460648
643 80441267987204496672129582
644 84545699978810510372586692
645 88856180315935381834663640
646 93382886444189555615707938
647 98136490433327622883534883
648 103128182630646843255925427
649 108369696427422659575609127
650 113873334189922386726916222
651 119651994408883945730639802
652 125719200123803430036983343
653 132089128680936139854126272
654 138776642886597580026679922
655 145797323620146329491633799
656 153167503973957755039295938
657 160904304990748644074428222
658 169025673071807156962935279
659 177550419133012288265330229
660 186498259589012621083003926
661 195889859249567665670645443
662 205746876215858067103905035
663 216092008868535434623961711
664 226949045043431373280545006
665 238342913495170373574997945
666 250299737753456819092627430
667 262846892481524312688129485
668 276013062451171568171109868
669 289828304253955017114316028
670 304324110873491394119695446
671 319533479249435609602937434
672 335490980969569240907168207
673 352232836232554692888115378
674 369796991230310343151736878
675 388223199105634553593732014
676 407553104647684065016931350
677 427830332895186829902832134
678 449100581824875595009710159
679 471411719310558475576005939
680 494813884546533367950960241
681 519359594137696453075206742
682 545103853067730584608470134
683 572104270766179384962023999
684 600421182505059216325649419
685 630117776365926494197254740
686 661260226029046554444275135
687 693917829647495473377679793
688 728163155080715202097453213
689 764072191774228551173177908
690 801724509584954313773943091
691 841203424864838109530566422
692 882596174129384976391459838
693 925994095652139919564052633
694 971492819341269622627702083
695 1019192465270147650343841352
696 1069197851250297511089903515
697 1121618709852199060549562045
698 1176569915297378668831281117
699 1234171720663879479322500117
700 1294550005866713953933528776
701 1357836536895234986774514286
702 1424169236810597710894494980
703 1493692469028621263265647300
704 1566557333436476604485617125
705 1642921975915724011459149479
706 1722951911869385668033273053
707 1806820364376967520408095651
708 1894708617628729404583225834
709 1986806386319047905889178679
710 2083312201708517603766228613
711 2184433815095499898653808283
712 2290388619470256029977247480
713 2401404090158601138124097770
714 2517718245297297662564281575
715 2639580127020180601219241717
716 2767250304272389883001982238
717 2901001398210090867132063523
718 3041118631184816344238823775
719 3187900400355080197058397280
720 3341658877013326078652803873
721 3502720632763605556288338635
722 3671427293734770186410777752
723 3848136224065436458270659319
724 4033221239950692205151285194
725 4227073355596487958135474575
726 4430101562486057944333125890
727 4642733643423578016519716382
728 4865417022883764041371293783
729 5098619655262284684972168928
730 5342830952690891391682094445
731 5598562754153102257547095970
732 5866350337711312581467471847
733 6146753477734396453581745731
734 6440357549096421739425308401
735 6747774680402085958379324828
736 7069644958383118580961918401
737 7406637685702255048534057496
738 7759452694497711005667273148
739 8128821718101449661424731223
740 8515509823469199602645382598
741 8920316906969232453297116657
742 9344079256290626605216045138
743 9787671181350223338965060000
744 10252006717201021822599198280
745 10738041402073470094383524576
746 11246774133815308201997127331
747 11779249108135430574521834962
748 12336557842202998210327229600
749 12919841287304885023863469475
750 13530292034422851940055241284
751 14169156616756760322415798660
752 14837737913392054601727192560
753 15537397658488832888621515347
754 16269559060556503709195920577
755 17035709536572485836379377950
756 17837403565906096698948128901
757 18676265669219902497657428274
758 19553993517740852822816670932
759 20472361178522726022304805867
760 21433222501560286836788678947
761 22438514654864361030668577867
762 23490261813866318720878166754
763 24590579011790511554801836507
764 25741676157914625281380563867
765 26945862230931000303600080859
766 28205549654927378690711310009
767 29523258865823600183889353561
768 30901623076432179181255951946
769 32343393248655827307806461111
770 33851443281694579798544772837
771 35428775425509653847434371859
772 37078525929181305583240975753
773 38803970934204215589381621365
774 40608532623187171753874566015
775 42495785634864533363703388395
776 44469463756786065650111338395
777 46533466907529778493980068031
778 48691868420780368458711428524
779 50948922644134351424561070529
780 53309072866033038606725848495
781 55776959584786810588627570165
782 58357429134239815522221491027
783 61055542681233980002396247400
784 63876585610666292218863449470
785 66826077314594485607137899762
786 69909781402534826300160664265
787 73133716350812551460432299063
788 76504166609572024980859413172
789 80027694186830814089023200272
790 83711150729771157493386284872
791 87561690124304721487729698659
792 91586781634823750858151129692
793 95794223606964839138885187562
794 100192157757162315966798947412
795 104789084073757902619626421598
796 109593876355463700134688981341
797 114615798414048082984017850583
798 119864520969230696673502238405
799 125350139264934955150572222455
800 131083191437256377655029134434
801 137074677665764380081844853971
802 143336080141066081414925363458
803 149879383882925027865830648996
804 156717098444647991244285743381
805 163862280540931043230992846986
806 171328557637894649282206651482
807 179130152545638609983155651925
808 187281909055314214495678125492
809 195799318664445184917249883057
810 204698548436034013379219801019
811 213996470038868544575071069737
812 223710690018398504352933838002
813 233859581349585749568481831866
814 244462316325248940789705426021
815 255538900835625975145096568085
816 267110210097169762465157960764
817 279198025890977888090820124471
818 291825075373738577968881869172
819 305015071526657537164860739202
820 318792755310517188951436954884
821 333183939597815258370542811833
822 348215554955838383005136904557
823 363915697357552467446514107620
824 380313677900340058545510929370
825 397440074615890416963105196391
826 415326786457955827734139946370
827 434007089558232705225662934490
828 453515695844314266585974372164
829 473888814117498044719432692389
830 495164213692222810169416052392
831 517381290703061070801595463705
832 540581137189512240145588614827
833 564806613073333771640286397749
834 590102421147820604453387444174
835 616515185203303618550566201863
836 644093531418193587354803373349
837 672888173150155347077154745332
838 702951999267466329449241221412
839 734340166166301813901381107162
840 767110193625605672457731905762
841 801322064657358220736504190215
842 837038329516452198424151503630
843 874324214041042778173012898200
844 913247732501158765979861571470
845 953879805140559439731990871794
846 996294380604306534069171663893
847 1040568563452304144011482242491
848 1086782746967153444605678436223
849 1135020751473085391495203857223
850 1185369968391486603672752336898
851 1237921510267633642683136899885
852 1292770367012713560322531718708
853 1350015568615047096559645741513
854 1409760354584661061075185000618
855 1472112350405992511063651092330
856 1537183751284566342607261049597
857 1605091513484985292483113916128
858 1675957553569525399575812259224
859 1749908955859057405533144010544
860 1827078188450935080123312553821
861 1907603328141923098402068439026
862 1991628294618201077634924773475
863 2079303094288996224310598633062
864 2170784074155487569959857391157
865 2266234186122311088174741312767
866 2365823262175301653345427972184
867 2469728300866057624364912269760
868 2578133765561533260732851643355
869 2691231894935177838584256116890
870 2809223026195176697755074075729
871 2932315931565135130532149871781
872 3060728168553111660402222562056
873 3194686444566281600071753581372
874 3334426996450727804551084992372
875 3480195985558944291613319765223
876 3632249908971635388783809921146
877 3790856027525331806215656967142
878 3956292811323263738149952187479
879 4128850403433865956783043731319
880 4308831102509282006339102094159
881 4496549865085323105981916523879
882 4692334828354566489562866105040
883 4896527854235689825075696283861
884 5109485095594780703311879018306
885 5331577585508278484163106621692
886 5563191850492451306983179630949
887 5804730548660932931510494809310
888 6056613133809897450275955293984
889 6319276546469987806430460289079
890 6593175933005195836005494850416
891 6878785393881574415900562502339
892 7176598762273010131063885033670
893 7487130414217359364877805546499
894 7810916111584120619326368513174
895 8148513879164547724827426430480
896 8500504917246776385616878548890
897 8867494551092211987340633239725
898 9250113218785189374166894432924
899 9649017498985842769986148950824
900 10064891180176301824770263316254
901 10498446373052841355857492571731
902 10950424667781549881071515573456
903 11421598337902535469443566371455
904 11912771592737755915876428462255
905 12424781880230340761022912874563
906 12958501242218871897347308034018
907 13514837724228611965418707098026
908 14094736841943230207697755015326
909 14699183106605286581887743850081
910 15329201611681720193518123603888
911 15985859683221968912294915950673
912 16670268596431256187845260025686
913 17383585361080149421967881651437
914 18127014578473864635010857269002
915 18901810372811105563945673553901
916 19709278399872635401461465956576
917 20550777936094438015798698004044
918 21427724051199397946192536361615
919 22341589867685078369678941428365
920 23293908910593581331590529676173
921 24286277551122811068932154088097
922 25320357547776920401363916999939
923 26397878688897491742761320386471
924 27520641540566293887837931084246
925 28690520304025467783571363821774
926 29909465786921950094951100820177
927 31179508492850062659160941247073
928 32502761833839716640437341432879
929 33881425470617839385045847852449
930 35317788785657685281945206180482
931 36814234494224894563981784668285
932 38373242398830790822823806130759
933 39997393292712733799068627024014
934 41689373018178664302472838123674
935 43451976685878588662603030726911
936 45288113061299968671271887444443
937 47200809125027127885215738525298
938 49193214813557198035184152286894
939 51268607947727152744669868334049
940 53430399356078477057000780856496
941 55682138200768369110428763146340
942 58027517513929459484865177697898
943 60470379952684261030432472790795
944 63014723781336351757211928651230
945 65664709089588072527479062090541
946 68424664255974746002882161879950
947 71299092666058552872789981858342
948 74292679695291726113958761573074
949 77410299966839138040937888626324
950 80657024895045185146878861485830
951 84038130525639653758889149613693
952 87559105684202541656505627024239
953 91225660444849188784461971330429
954 95043734931555142627756599142464
955 99019508465015565662602274177883
956 103159409068427337550417984543798
957 107470123346093974764954129471127
958 111958606749284787888169769378429
959 116632094244331033092411398829539
960 121498111398513944447105664035952
961 126564485899893222411504830455515
962 131839359527840612509490982699220
963 137331200591682459009943878752802
964 143048816855518433109199446486552
965 149001368967971897688052454796346
966 155198384416341517629894559445240
967 161649772025364706339864689356037
968 168365837021572321476861382430339
969 175357296685011707646297242209249
970 182635296610942811532504918714678
971 190211427604970763823208733811855
972 198097743235969193054457466848274
973 206306778072072789472515995603612
974 214851566625976518933257522318362
975 223745663036773666221213237073444
976 233003161516596903037532014893860
977 242638717591397191441301000928113
978 252667570166305986860125728269859
979 263105564447178360716801791149594
980 273969175751109865682394443994472
981 285275534239959790469761111759879
982 297042450612199554431562676749895
983 309288442789739066039397164202947
984 322032763637767694503643223830637
985 335295429757081897054839966652645
986 349097251389860417985919404372197
987 363459863481392281053039672774425
988 378405757941864587394192746666442
989 393958317153978503114163546025342
990 410141848773884978411024770650369
991 426981621874718935289629683865846
992 444503904483864259997265649942868
993 462736002567004357715118362288983
994 481706300514006811179779033444973
995 501444303183758429021876025677409
996 521980679567211400722643619271430
997 543347308130125182307200527066159
998 565577323899295047384026268971714
999 588705167358449946848906713603964
1000 612766635222482569322598863331955
