0 0
1 20
2 31
3 42
4 53
5 64
6 75
7 86
8 97
9 108
10 119
11 130
12 141
13 152
14 163
15 174
16 185
17 196
18 207
19 218
20 229
21 240
22 251
23 262
24 273
25 284
26 295
27 306
28 317
29 328
30 339
31 350
32 361
33 372
34 383
35 394
36 405
37 416
38 427
39 438
40 449
41 460
42 471
43 482
44 493
45 504
46 515
47 526
48 537
49 548
50 559
51 570
52 581
53 592
54 603
55 614
56 625
57 636
58 647
59 658
60 669
61 680
62 691
63 702
64 713
65 724
66 735
67 746
68 757
69 768
70 779
71 790
72 801
73 812
74 823
75 834
76 845
77 856
78 867
79 878
80 889
81 900
82 911
83 922
84 933
85 944
86 955
87 966
88 977
89 988
90 999
91 1010
92 1021
93 1032
94 1043
95 1054
96 1065
97 1076
98 1087
99 1098
100 1109
101 1120
102 1131
103 1142
104 1153
105 1164
106 1175
107 1186
108 1197
109 1208
110 1219
111 1230
112 1241
113 1252
114 1263
115 1274
116 1285
117 1296
118 1307
119 1318
120 1329
121 1340
122 1351
123 1362
124 1373
125 1384
126 1395
127 1406
128 1417
129 1428
130 1439
131 1450
132 1461
133 1472
134 1483
135 1494
136 1505
137 1516
138 1527
139 1538
140 1549
141 1560
142 1571
143 1582
144 1593
145 1604
146 1615
147 1626
148 1637
149 1648
150 1659
151 1670
152 1681
153 1692
154 1703
155 1714
156 1725
157 1736
158 1747
159 1758
160 1769
161 1780
162 1791
163 1802
164 1813
165 1824
166 1835
167 1846
168 1857
169 1868
170 1879
171 1890
172 1901
173 1912
174 1923
175 1934
176 1945
177 1956
178 1967
179 1978
180 1989
181 2000
182 2011
183 2022
184 2033
185 2044
186 2055
187 2066
188 2077
189 2088
190 2099
191 2110
192 2121
193 2132
194 2143
195 2154
196 2165
197 2176
198 2187
199 2198
200 2209
201 2220
202 2231
203 2242
204 2253
205 2264
206 2275
207 2286
208 2297
209 2308
210 2319
211 2330
212 2341
213 2352
214 2363
215 2374
216 2385
217 2396
218 2407
219 2418
220 2429
221 2440
222 2451
223 2462
224 2473
225 2484
226 2495
227 2506
228 2517
229 2528
230 2539
231 2550
232 2561
233 2572
234 2583
235 2594
236 2605
237 2616
238 2627
239 2638
240 2649
241 2660
242 2671
243 2682
244 2693
245 2704
246 2715
247 2726
248 2737
249 2748
250 2759
251 2770
252 2781
253 2792
254 2803
255 2814
256 2825
257 2836
258 2847
259 2858
260 2869
261 2880
262 2891
263 2902
264 2913
265 2924
266 2935
267 2946
268 2957
269 2968
270 2979
271 2990
272 3001
273 3012
274 3023
275 3034
276 3045
277 3056
278 3067
279 3078
280 3089
281 3100
282 3111
283 3122
284 3133
285 3144
286 3155
287 3166
288 3177
289 3188
290 3199
291 3210
292 3221
293 3232
294 3243
295 3254
296 3265
297 3276
298 3287
299 3298
300 3309
301 3320
302 3331
303 3342
304 3353
305 3364
306 3375
307 3386
308 3397
309 3408
310 3419
311 3430
312 3441
313 3452
314 3463
315 3474
316 3485
317 3496
318 3507
319 3518
320 3529
321 3540
322 3551
323 3562
324 3573
325 3584
326 3595
327 3606
328 3617
329 3628
330 3639
331 3650
332 3661
333 3672
334 3683
335 3694
336 3705
337 3716
338 3727
339 3738
340 3749
341 3760
342 3771
343 3782
344 3793
345 3804
346 3815
347 3826
348 3837
349 3848
350 3859
351 3870
352 3881
353 3892
354 3903
355 3914
356 3925
357 3936
358 3947
359 3958
360 3969
361 3980
362 3991
363 4002
364 4013
365 4024
366 4035
367 4046
368 4057
369 4068
370 4079
371 4090
372 4101
373 4112
374 4123
375 4134
376 4145
377 4156
378 4167
379 4178
380 4189
381 4200
382 4211
383 4222
384 4233
385 4244
386 4255
387 4266
388 4277
389 4288
390 4299
391 4310
392 4321
393 4332
394 4343
395 4354
396 4365
397 4376
398 4387
399 4398
400 4409
401 4420
402 4431
403 4442
404 4453
405 4464
406 4475
407 4486
408 4497
409 4508
410 4519
411 4530
412 4541
413 4552
414 4563
415 4574
416 4585
417 4596
418 4607
419 4618
420 4629
421 4640
422 4651
423 4662
424 4673
425 4684
426 4695
427 4706
428 4717
429 4728
430 4739
431 4750
432 4761
433 4772
434 4783
435 4794
436 4805
437 4816
438 4827
439 4838
440 4849
441 4860
442 4871
443 4882
444 4893
445 4904
446 4915
447 4926
448 4937
449 4948
450 4959
451 4970
452 4981
453 4992
454 5003
455 5014
456 5025
457 5036
458 5047
459 5058
460 5069
461 5080
462 5091
463 5102
464 5113
465 5124
466 5135
467 5146
468 5157
469 5168
470 5179
471 5190
472 5201
473 5212
474 5223
475 5234
476 5245
477 5256
478 5267
479 5278
480 5289
481 5300
482 5311
483 5322
484 5333
485 5344
486 5355
487 5366
488 5377
489 5388
490 5399
491 5410
492 5421
493 5432
494 5443
495 5454
496 5465
497 5476
498 5487
499 5498
500 5509
501 5520
502 5531
503 5542
504 5553
505 5564
506 5575
507 5586
508 5597
509 5608
510 5619
511 5630
512 5641
513 5652
514 5663
515 5674
516 5685
517 5696
518 5707
519 5718
520 5729
521 5740
522 5751
523 5762
524 5773
525 5784
526 5795
527 5806
528 5817
529 5828
530 5839
531 5850
532 5861
533 5872
534 5883
535 5894
536 5905
537 5916
538 5927
539 5938
540 5949
541 5960
542 5971
543 5982
544 5993
545 6004
546 6015
547 6026
548 6037
549 6048
550 6059
551 6070
552 6081
553 6092
554 6103
555 6114
556 6125
557 6136
558 6147
559 6158
560 6169
561 6180
562 6191
563 6202
564 6213
565 6224
566 6235
567 6246
568 6257
569 6268
570 6279
571 6290
572 6301
573 6312
574 6323
575 6334
576 6345
577 6356
578 6367
579 6378
580 6389
581 6400
582 6411
583 6422
584 6433
585 6444
586 6455
587 6466
588 6477
589 6488
590 6499
591 6510
592 6521
593 6532
594 6543
595 6554
596 6565
597 6576
598 6587
599 6598
600 6609
601 6620
602 6631
603 6642
604 6653
605 6664
606 6675
607 6686
608 6697
609 6708
610 6719
611 6730
612 6741
613 6752
614 6763
615 6774
616 6785
617 6796
618 6807
619 6818
620 6829
621 6840
622 6851
623 6862
624 6873
625 6884
626 6895
627 6906
628 6917
629 6928
630 6939
631 6950
632 6961
633 6972
634 6983
635 6994
636 7005
637 7016
638 7027
639 7038
640 7049
641 7060
642 7071
643 7082
644 7093
645 7104
646 7115
647 7126
648 7137
649 7148
650 7159
651 7170
652 7181
653 7192
654 7203
655 7214
656 7225
657 7236
658 7247
659 7258
660 7269
661 7280
662 7291
663 7302
664 7313
665 7324
666 7335
667 7346
668 7357
669 7368
670 7379
671 7390
672 7401
673 7412
674 7423
675 7434
676 7445
677 7456
678 7467
679 7478
680 7489
681 7500
682 7511
683 7522
684 7533
685 7544
686 7555
687 7566
688 7577
689 7588
690 7599
691 7610
692 7621
693 7632
694 7643
695 7654
696 7665
697 7676
698 7687
699 7698
700 7709
701 7720
702 7731
703 7742
704 7753
705 7764
706 7775
707 7786
708 7797
709 7808
710 7819
711 7830
712 7841
713 7852
714 7863
715 7874
716 7885
717 7896
718 7907
719 7918
720 7929
721 7940
722 7951
723 7962
724 7973
725 7984
726 7995
727 8006
728 8017
729 8028
730 8039
731 8050
732 8061
733 8072
734 8083
735 8094
736 8105
737 8116
738 8127
739 8138
740 8149
741 8160
742 8171
743 8182
744 8193
745 8204
746 8215
747 8226
748 8237
749 8248
750 8259
751 8270
752 8281
753 8292
754 8303
755 8314
756 8325
757 8336
758 8347
759 8358
760 8369
761 8380
762 8391
763 8402
764 8413
765 8424
766 8435
767 8446
768 8457
769 8468
770 8479
771 8490
772 8501
773 8512
774 8523
775 8534
776 8545
777 8556
778 8567
779 8578
780 8589
781 8600
782 8611
783 8622
784 8633
785 8644
786 8655
787 8666
788 8677
789 8688
790 8699
791 8710
792 8721
793 8732
794 8743
795 8754
796 8765
797 8776
798 8787
799 8798
800 8809
801 8820
802 8831
803 8842
804 8853
805 8864
806 8875
807 8886
808 8897
809 8908
810 8919
811 8930
812 8941
813 8952
814 8963
815 8974
816 8985
817 8996
818 9007
819 9018
820 9029
821 9040
822 9051
823 9062
824 9073
825 9084
826 9095
827 9106
828 9117
829 9128
830 9139
831 9150
832 9161
833 9172
834 9183
835 9194
836 9205
837 9216
838 9227
839 9238
840 9249
841 9260
842 9271
843 9282
844 9293
845 9304
846 9315
847 9326
848 9337
849 9348
850 9359
851 9370
852 9381
853 9392
854 9403
855 9414
856 9425
857 9436
858 9447
859 9458
860 9469
861 9480
862 9491
863 9502
864 9513
865 9524
866 9535
867 9546
868 9557
869 9568
870 9579
871 9590
872 9601
873 9612
874 9623
875 9634
876 9645
877 9656
878 9667
879 9678
880 9689
881 9700
882 9711
883 9722
884 9733
885 9744
886 9755
887 9766
888 9777
889 9788
890 9799
891 9810
892 9821
893 9832
894 9843
895 9854
896 9865
897 9876
898 9887
899 9898
900 9909
901 9920
902 9931
903 9942
904 9953
905 9964
906 9975
907 9986
908 9997
909 10008
910 10019
911 10030
912 10041
913 10052
914 10063
915 10074
916 10085
917 10096
918 10107
919 10118
920 10129
921 10140
922 10151
923 10162
924 10173
925 10184
926 10195
927 10206
928 10217
929 10228
930 10239
931 10250
932 10261
933 10272
934 10283
935 10294
936 10305
937 10316
938 10327
939 10338
940 10349
941 10360
942 10371
943 10382
944 10393
945 10404
946 10415
947 10426
948 10437
949 10448
950 10459
951 10470
952 10481
953 10492
954 10503
955 10514
956 10525
957 10536
958 10547
959 10558
960 10569
961 10580
962 10591
963 10602
964 10613
965 10624
966 10635
967 10646
968 10657
969 10668
970 10679
971 10690
972 10701
973 10712
974 10723
975 10734
976 10745
977 10756
978 10767
979 10778
980 10789
981 10800
982 10811
983 10822
984 10833
985 10844
986 10855
987 10866
988 10877
989 10888
990 10899
991 10910
992 10921
993 10932
994 10943
995 10954
996 10965
997 10976
998 10987
999 10998
1000 11009
