0 0
1 19
2 31
3 43
4 55
5 67
6 79
7 91
8 103
9 115
10 127
11 139
12 151
13 163
14 175
15 187
16 199
17 211
18 223
19 235
20 247
21 259
22 271
23 283
24 295
25 307
26 319
27 331
28 343
29 355
30 367
31 379
32 391
33 403
34 415
35 427
36 439
37 451
38 463
39 475
40 487
41 499
42 511
43 523
44 535
45 547
46 559
47 571
48 583
49 595
50 607
51 619
52 631
53 643
54 655
55 667
56 679
57 691
58 703
59 715
60 727
61 739
62 751
63 763
64 775
65 787
66 799
67 811
68 823
69 835
70 847
71 859
72 871
73 883
74 895
75 907
76 919
77 931
78 943
79 955
80 967
81 979
82 991
83 1003
84 1015
85 1027
86 1039
87 1051
88 1063
89 1075
90 1087
91 1099
92 1111
93 1123
94 1135
95 1147
96 1159
97 1171
98 1183
99 1195
100 1207
101 1219
102 1231
103 1243
104 1255
105 1267
106 1279
107 1291
108 1303
109 1315
110 1327
111 1339
112 1351
113 1363
114 1375
115 1387
116 1399
117 1411
118 1423
119 1435
120 1447
121 1459
122 1471
123 1483
124 1495
125 1507
126 1519
127 1531
128 1543
129 1555
130 1567
131 1579
132 1591
133 1603
134 1615
135 1627
136 1639
137 1651
138 1663
139 1675
140 1687
141 1699
142 1711
143 1723
144 1735
145 1747
146 1759
147 1771
148 1783
149 1795
150 1807
151 1819
152 1831
153 1843
154 1855
155 1867
156 1879
157 1891
158 1903
159 1915
160 1927
161 1939
162 1951
163 1963
164 1975
165 1987
166 1999
167 2011
168 2023
169 2035
170 2047
171 2059
172 2071
173 2083
174 2095
175 2107
176 2119
177 2131
178 2143
179 2155
180 2167
181 2179
182 2191
183 2203
184 2215
185 2227
186 2239
187 2251
188 2263
189 2275
190 2287
191 2299
192 2311
193 2323
194 2335
195 2347
196 2359
197 2371
198 2383
199 2395
200 2407
201 2419
202 2431
203 2443
204 2455
205 2467
206 2479
207 2491
208 2503
209 2515
210 2527
211 2539
212 2551
213 2563
214 2575
215 2587
216 2599
217 2611
218 2623
219 2635
220 2647
221 2659
222 2671
223 2683
224 2695
225 2707
226 2719
227 2731
228 2743
229 2755
230 2767
231 2779
232 2791
233 2803
234 2815
235 2827
236 2839
237 2851
238 2863
239 2875
240 2887
241 2899
242 2911
243 2923
244 2935
245 2947
246 2959
247 2971
248 2983
249 2995
250 3007
251 3019
252 3031
253 3043
254 3055
255 3067
256 3079
257 3091
258 3103
259 3115
260 3127
261 3139
262 3151
263 3163
264 3175
265 3187
266 3199
267 3211
268 3223
269 3235
270 3247
271 3259
272 3271
273 3283
274 3295
275 3307
276 3319
277 3331
278 3343
279 3355
280 3367
281 3379
282 3391
283 3403
284 3415
285 3427
286 3439
287 3451
288 3463
289 3475
290 3487
291 3499
292 3511
293 3523
294 3535
295 3547
296 3559
297 3571
298 3583
299 3595
300 3607
301 3619
302 3631
303 3643
304 3655
305 3667
306 3679
307 3691
308 3703
309 3715
310 3727
311 3739
312 3751
313 3763
314 3775
315 3787
316 3799
317 3811
318 3823
319 3835
320 3847
321 3859
322 3871
323 3883
324 3895
325 3907
326 3919
327 3931
328 3943
329 3955
330 3967
331 3979
332 3991
333 4003
334 4015
335 4027
336 4039
337 4051
338 4063
339 4075
340 4087
341 4099
342 4111
343 4123
344 4135
345 4147
346 4159
347 4171
348 4183
349 4195
350 4207
351 4219
352 4231
353 4243
354 4255
355 4267
356 4279
357 4291
358 4303
359 4315
360 4327
361 4339
362 4351
363 4363
364 4375
365 4387
366 4399
367 4411
368 4423
369 4435
370 4447
371 4459
372 4471
373 4483
374 4495
375 4507
376 4519
377 4531
378 4543
379 4555
380 4567
381 4579
382 4591
383 4603
384 4615
385 4627
386 4639
387 4651
388 4663
389 4675
390 4687
391 4699
392 4711
393 4723
394 4735
395 4747
396 4759
397 4771
398 4783
399 4795
400 4807
401 4819
402 4831
403 4843
404 4855
405 4867
406 4879
407 4891
408 4903
409 4915
410 4927
411 4939
412 4951
413 4963
414 4975
415 4987
416 4999
417 5011
418 5023
419 5035
420 5047
421 5059
422 5071
423 5083
424 5095
425 5107
426 5119
427 5131
428 5143
429 5155
430 5167
431 5179
432 5191
433 5203
434 5215
435 5227
436 5239
437 5251
438 5263
439 5275
440 5287
441 5299
442 5311
443 5323
444 5335
445 5347
446 5359
447 5371
448 5383
449 5395
450 5407
451 5419
452 5431
453 5443
454 5455
455 5467
456 5479
457 5491
458 5503
459 5515
460 5527
461 5539
462 5551
463 5563
464 5575
465 5587
466 5599
467 5611
468 5623
469 5635
470 5647
471 5659
472 5671
473 5683
474 5695
475 5707
476 5719
477 5731
478 5743
479 5755
480 5767
481 5779
482 5791
483 5803
484 5815
485 5827
486 5839
487 5851
488 5863
489 5875
490 5887
491 5899
492 5911
493 5923
494 5935
495 5947
496 5959
497 5971
498 5983
499 5995
500 6007
501 6019
502 6031
503 6043
504 6055
505 6067
506 6079
507 6091
508 6103
509 6115
510 6127
511 6139
512 6151
513 6163
514 6175
515 6187
516 6199
517 6211
518 6223
519 6235
520 6247
521 6259
522 6271
523 6283
524 6295
525 6307
526 6319
527 6331
528 6343
529 6355
530 6367
531 6379
532 6391
533 6403
534 6415
535 6427
536 6439
537 6451
538 6463
539 6475
540 6487
541 6499
542 6511
543 6523
544 6535
545 6547
546 6559
547 6571
548 6583
549 6595
550 6607
551 6619
552 6631
553 6643
554 6655
555 6667
556 6679
557 6691
558 6703
559 6715
560 6727
561 6739
562 6751
563 6763
564 6775
565 6787
566 6799
567 6811
568 6823
569 6835
570 6847
571 6859
572 6871
573 6883
574 6895
575 6907
576 6919
577 6931
578 6943
579 6955
580 6967
581 6979
582 6991
583 7003
584 7015
585 7027
586 7039
587 7051
588 7063
589 7075
590 7087
591 7099
592 7111
593 7123
594 7135
595 7147
596 7159
597 7171
598 7183
599 7195
600 7207
601 7219
602 7231
603 7243
604 7255
605 7267
606 7279
607 7291
608 7303
609 7315
610 7327
611 7339
612 7351
613 7363
614 7375
615 7387
616 7399
617 7411
618 7423
619 7435
620 7447
621 7459
622 7471
623 7483
624 7495
625 7507
626 7519
627 7531
628 7543
629 7555
630 7567
631 7579
632 7591
633 7603
634 7615
635 7627
636 7639
637 7651
638 7663
639 7675
640 7687
641 7699
642 7711
643 7723
644 7735
645 7747
646 7759
647 7771
648 7783
649 7795
650 7807
651 7819
652 7831
653 7843
654 7855
655 7867
656 7879
657 7891
658 7903
659 7915
660 7927
661 7939
662 7951
663 7963
664 7975
665 7987
666 7999
667 8011
668 8023
669 8035
670 8047
671 8059
672 8071
673 8083
674 8095
675 8107
676 8119
677 8131
678 8143
679 8155
680 8167
681 8179
682 8191
683 8203
684 8215
685 8227
686 8239
687 8251
688 8263
689 8275
690 8287
691 8299
692 8311
693 8323
694 8335
695 8347
696 8359
697 8371
698 8383
699 8395
700 8407
701 8419
702 8431
703 8443
704 8455
705 8467
706 8479
707 8491
708 8503
709 8515
710 8527
711 8539
712 8551
713 8563
714 8575
715 8587
716 8599
717 8611
718 8623
719 8635
720 8647
721 8659
722 8671
723 8683
724 8695
725 8707
726 8719
727 8731
728 8743
729 8755
730 8767
731 8779
732 8791
733 8803
734 8815
735 8827
736 8839
737 8851
738 8863
739 8875
740 8887
741 8899
742 8911
743 8923
744 8935
745 8947
746 8959
747 8971
748 8983
749 8995
750 9007
751 9019
752 9031
753 9043
754 9055
755 9067
756 9079
757 9091
758 9103
759 9115
760 9127
761 9139
762 9151
763 9163
764 9175
765 9187
766 9199
767 9211
768 9223
769 9235
770 9247
771 9259
772 9271
773 9283
774 9295
775 9307
776 9319
777 9331
778 9343
779 9355
780 9367
781 9379
782 9391
783 9403
784 9415
785 9427
786 9439
787 9451
788 9463
789 9475
790 9487
791 9499
792 9511
793 9523
794 9535
795 9547
796 9559
797 9571
798 9583
799 9595
800 9607
801 9619
802 9631
803 9643
804 9655
805 9667
806 9679
807 9691
808 9703
809 9715
810 9727
811 9739
812 9751
813 9763
814 9775
815 9787
816 9799
817 9811
818 9823
819 9835
820 9847
821 9859
822 9871
823 9883
824 9895
825 9907
826 9919
827 9931
828 9943
829 9955
830 9967
831 9979
832 9991
833 10003
834 10015
835 10027
836 10039
837 10051
838 10063
839 10075
840 10087
841 10099
842 10111
843 10123
844 10135
845 10147
846 10159
847 10171
848 10183
849 10195
850 10207
851 10219
852 10231
853 10243
854 10255
855 10267
856 10279
857 10291
858 10303
859 10315
860 10327
861 10339
862 10351
863 10363
864 10375
865 10387
866 10399
867 10411
868 10423
869 10435
870 10447
871 10459
872 10471
873 10483
874 10495
875 10507
876 10519
877 10531
878 10543
879 10555
880 10567
881 10579
882 10591
883 10603
884 10615
885 10627
886 10639
887 10651
888 10663
889 10675
890 10687
891 10699
892 10711
893 10723
894 10735
895 10747
896 10759
897 10771
898 10783
899 10795
900 10807
901 10819
902 10831
903 10843
904 10855
905 10867
906 10879
907 10891
908 10903
909 10915
910 10927
911 10939
912 10951
913 10963
914 10975
915 10987
916 10999
917 11011
918 11023
919 11035
920 11047
921 11059
922 11071
923 11083
924 11095
925 11107
926 11119
927 11131
928 11143
929 11155
930 11167
931 11179
932 11191
933 11203
934 11215
935 11227
936 11239
937 11251
938 11263
939 11275
940 11287
941 11299
942 11311
943 11323
944 11335
945 11347
946 11359
947 11371
948 11383
949 11395
950 11407
951 11419
952 11431
953 11443
954 11455
955 11467
956 11479
957 11491
958 11503
959 11515
960 11527
961 11539
962 11551
963 11563
964 11575
965 11587
966 11599
967 11611
968 11623
969 11635
970 11647
971 11659
972 11671
973 11683
974 11695
975 11707
976 11719
977 11731
978 11743
979 11755
980 11767
981 11779
982 11791
983 11803
984 11815
985 11827
986 11839
987 11851
988 11863
989 11875
990 11887
991 11899
992 11911
993 11923
994 11935
995 11947
996 11959
997 11971
998 11983
999 11995
1000 12007
