0 1
1 1
2 2
3 2
4 4
5 4
6 6
7 6
8 10
9 10
10 14
11 14
12 20
13 20
14 26
15 26
16 36
17 36
18 46
19 46
20 60
21 60
22 74
23 74
24 94
25 94
26 114
27 114
28 140
29 140
30 166
31 166
32 201
33 201
34 236
35 236
36 280
37 280
38 324
39 324
40 380
41 380
42 436
43 436
44 504
45 504
46 572
47 572
48 656
49 656
50 740
51 740
52 840
53 840
54 940
55 940
56 1060
57 1060
58 1180
59 1180
60 1320
61 1320
62 1460
63 1460
64 1625
65 1625
66 1790
67 1790
68 1980
69 1980
70 2170
71 2170
72 2390
73 2390
74 2610
75 2610
76 2860
77 2860
78 3110
79 3110
80 3396
81 3396
82 3682
83 3682
84 4004
85 4004
86 4326
87 4326
88 4690
89 4690
90 5054
91 5054
92 5460
93 5460
94 5866
95 5866
96 6321
97 6321
98 6776
99 6776
100 7280
101 7280
102 7784
103 7784
104 8344
105 8344
106 8904
107 8904
108 9520
109 9520
110 10136
111 10136
112 10816
113 10816
114 11496
115 11496
116 12240
117 12240
118 12984
119 12984
120 13800
121 13800
122 14616
123 14616
124 15504
125 15504
126 16392
127 16392
128 17361
129 17361
130 18330
131 18330
132 19380
133 19380
134 20430
135 20430
136 21570
137 21570
138 22710
139 22710
140 23940
141 23940
142 25170
143 25170
144 26500
145 26500
146 27830
147 27830
148 29260
149 29260
150 30690
151 30690
152 32230
153 32230
154 33770
155 33770
156 35420
157 35420
158 37070
159 37070
160 38841
161 38841
162 40612
163 40612
164 42504
165 42504
166 44396
167 44396
168 46420
169 46420
170 48444
171 48444
172 50600
173 50600
174 52756
175 52756
176 55056
177 55056
178 57356
179 57356
180 59800
181 59800
182 62244
183 62244
184 64844
185 64844
186 67444
187 67444
188 70200
189 70200
190 72956
191 72956
192 75881
193 75881
194 78806
195 78806
196 81900
197 81900
198 84994
199 84994
200 88270
201 88270
202 91546
203 91546
204 95004
205 95004
206 98462
207 98462
208 102116
209 102116
210 105770
211 105770
212 109620
213 109620
214 113470
215 113470
216 117530
217 117530
218 121590
219 121590
220 125860
221 125860
222 130130
223 130130
224 134625
225 134625
226 139120
227 139120
228 143840
229 143840
230 148560
231 148560
232 153520
233 153520
234 158480
235 158480
236 163680
237 163680
238 168880
239 168880
240 174336
241 174336
242 179792
243 179792
244 185504
245 185504
246 191216
247 191216
248 197200
249 197200
250 203184
251 203184
252 209440
253 209440
254 215696
255 215696
256 222241
257 222241
258 228786
259 228786
260 235620
261 235620
262 242454
263 242454
264 249594
265 249594
266 256734
267 256734
268 264180
269 264180
270 271626
271 271626
272 279396
273 279396
274 287166
275 287166
276 295260
277 295260
278 303354
279 303354
280 311790
281 311790
282 320226
283 320226
284 329004
285 329004
286 337782
287 337782
288 346921
289 346921
290 356060
291 356060
292 365560
293 365560
294 375060
295 375060
296 384940
297 384940
298 394820
299 394820
300 405080
301 405080
302 415340
303 415340
304 426000
305 426000
306 436660
307 436660
308 447720
309 447720
310 458780
311 458780
312 470260
313 470260
314 481740
315 481740
316 493640
317 493640
318 505540
319 505540
320 517881
321 517881
322 530222
323 530222
324 543004
325 543004
326 555786
327 555786
328 569030
329 569030
330 582274
331 582274
332 595980
333 595980
334 609686
335 609686
336 623876
337 623876
338 638066
339 638066
340 652740
341 652740
342 667414
343 667414
344 682594
345 682594
346 697774
347 697774
348 713460
349 713460
350 729146
351 729146
352 745361
353 745361
354 761576
355 761576
356 778320
357 778320
358 795064
359 795064
360 812360
361 812360
362 829656
363 829656
364 847504
365 847504
366 865352
367 865352
368 883776
369 883776
370 902200
371 902200
372 921200
373 921200
374 940200
375 940200
376 959800
377 959800
378 979400
379 979400
380 999600
381 999600
382 1019800
383 1019800
384 1040625
385 1040625
386 1061450
387 1061450
388 1082900
389 1082900
390 1104350
391 1104350
392 1126450
393 1126450
394 1148550
395 1148550
396 1171300
397 1171300
398 1194050
399 1194050
400 1217476
401 1217476
402 1240902
403 1240902
404 1265004
405 1265004
406 1289106
407 1289106
408 1313910
409 1313910
410 1338714
411 1338714
412 1364220
413 1364220
414 1389726
415 1389726
416 1415961
417 1415961
418 1442196
419 1442196
420 1469160
421 1469160
422 1496124
423 1496124
424 1523844
425 1523844
426 1551564
427 1551564
428 1580040
429 1580040
430 1608516
431 1608516
432 1637776
433 1637776
434 1667036
435 1667036
436 1697080
437 1697080
438 1727124
439 1727124
440 1757980
441 1757980
442 1788836
443 1788836
444 1820504
445 1820504
446 1852172
447 1852172
448 1884681
449 1884681
450 1917190
451 1917190
452 1950540
453 1950540
454 1983890
455 1983890
456 2018110
457 2018110
458 2052330
459 2052330
460 2087420
461 2087420
462 2122510
463 2122510
464 2158500
465 2158500
466 2194490
467 2194490
468 2231380
469 2231380
470 2268270
471 2268270
472 2306090
473 2306090
474 2343910
475 2343910
476 2382660
477 2382660
478 2421410
479 2421410
480 2461121
481 2461121
482 2500832
483 2500832
484 2541504
485 2541504
486 2582176
487 2582176
488 2623840
489 2623840
490 2665504
491 2665504
492 2708160
493 2708160
494 2750816
495 2750816
496 2794496
497 2794496
498 2838176
499 2838176
500 2882880
501 2882880
502 2927584
503 2927584
504 2973344
505 2973344
506 3019104
507 3019104
508 3065920
509 3065920
510 3112736
511 3112736
512 3160641
513 3160641
514 3208546
515 3208546
516 3257540
517 3257540
518 3306534
519 3306534
520 3356650
521 3356650
522 3406766
523 3406766
524 3458004
525 3458004
526 3509242
527 3509242
528 3561636
529 3561636
530 3614030
531 3614030
532 3667580
533 3667580
534 3721130
535 3721130
536 3775870
537 3775870
538 3830610
539 3830610
540 3886540
541 3886540
542 3942470
543 3942470
544 3999625
545 3999625
546 4056780
547 4056780
548 4115160
549 4115160
550 4173540
551 4173540
552 4233180
553 4233180
554 4292820
555 4292820
556 4353720
557 4353720
558 4414620
559 4414620
560 4476816
561 4476816
562 4539012
563 4539012
564 4602504
565 4602504
566 4665996
567 4665996
568 4730820
569 4730820
570 4795644
571 4795644
572 4861800
573 4861800
574 4927956
575 4927956
576 4995481
577 4995481
578 5063006
579 5063006
580 5131900
581 5131900
582 5200794
583 5200794
584 5271094
585 5271094
586 5341394
587 5341394
588 5413100
589 5413100
590 5484806
591 5484806
592 5557956
593 5557956
594 5631106
595 5631106
596 5705700
597 5705700
598 5780294
599 5780294
600 5856370
601 5856370
602 5932446
603 5932446
604 6010004
605 6010004
606 6087562
607 6087562
608 6166641
609 6166641
610 6245720
611 6245720
612 6326320
613 6326320
614 6406920
615 6406920
616 6489080
617 6489080
618 6571240
619 6571240
620 6654960
621 6654960
622 6738680
623 6738680
624 6824000
625 6824000
626 6909320
627 6909320
628 6996240
629 6996240
630 7083160
631 7083160
632 7171720
633 7171720
634 7260280
635 7260280
636 7350480
637 7350480
638 7440680
639 7440680
640 7532561
641 7532561
642 7624442
643 7624442
644 7718004
645 7718004
646 7811566
647 7811566
648 7906850
649 7906850
650 8002134
651 8002134
652 8099140
653 8099140
654 8196146
655 8196146
656 8294916
657 8294916
658 8393686
659 8393686
660 8494220
661 8494220
662 8594754
663 8594754
664 8697094
665 8697094
666 8799434
667 8799434
668 8903580
669 8903580
670 9007726
671 9007726
672 9113721
673 9113721
674 9219716
675 9219716
676 9327560
677 9327560
678 9435404
679 9435404
680 9545140
681 9545140
682 9654876
683 9654876
684 9766504
685 9766504
686 9878132
687 9878132
688 9991696
689 9991696
690 10105260
691 10105260
692 10220760
693 10220760
694 10336260
695 10336260
696 10453740
697 10453740
698 10571220
699 10571220
700 10690680
701 10690680
702 10810140
703 10810140
704 10931625
705 10931625
706 11053110
707 11053110
708 11176620
709 11176620
710 11300130
711 11300130
712 11425710
713 11425710
714 11551290
715 11551290
716 11678940
717 11678940
718 11806590
719 11806590
720 11936356
721 11936356
722 12066122
723 12066122
724 12198004
725 12198004
726 12329886
727 12329886
728 12463930
729 12463930
730 12597974
731 12597974
732 12734180
733 12734180
734 12870386
735 12870386
736 13008801
737 13008801
738 13147216
739 13147216
740 13287840
741 13287840
742 13428464
743 13428464
744 13571344
745 13571344
746 13714224
747 13714224
748 13859360
749 13859360
750 14004496
751 14004496
752 14151936
753 14151936
754 14299376
755 14299376
756 14449120
757 14449120
758 14598864
759 14598864
760 14750960
761 14750960
762 14903056
763 14903056
764 15057504
765 15057504
766 15211952
767 15211952
768 15368801
769 15368801
770 15525650
771 15525650
772 15684900
773 15684900
774 15844150
775 15844150
776 16005850
777 16005850
778 16167550
779 16167550
780 16331700
781 16331700
782 16495850
783 16495850
784 16662500
785 16662500
786 16829150
787 16829150
788 16998300
789 16998300
790 17167450
791 17167450
792 17339150
793 17339150
794 17510850
795 17510850
796 17685100
797 17685100
798 17859350
799 17859350
800 18036201
801 18036201
802 18213052
803 18213052
804 18392504
805 18392504
806 18571956
807 18571956
808 18754060
809 18754060
810 18936164
811 18936164
812 19120920
813 19120920
814 19305676
815 19305676
816 19493136
817 19493136
818 19680596
819 19680596
820 19870760
821 19870760
822 20060924
823 20060924
824 20253844
825 20253844
826 20446764
827 20446764
828 20642440
829 20642440
830 20838116
831 20838116
832 21036601
833 21036601
834 21235086
835 21235086
836 21436380
837 21436380
838 21637674
839 21637674
840 21841830
841 21841830
842 22045986
843 22045986
844 22253004
845 22253004
846 22460022
847 22460022
848 22669956
849 22669956
850 22879890
851 22879890
852 23092740
853 23092740
854 23305590
855 23305590
856 23521410
857 23521410
858 23737230
859 23737230
860 23956020
861 23956020
862 24174810
863 24174810
864 24396625
865 24396625
866 24618440
867 24618440
868 24843280
869 24843280
870 25068120
871 25068120
872 25296040
873 25296040
874 25523960
875 25523960
876 25754960
877 25754960
878 25985960
879 25985960
880 26220096
881 26220096
882 26454232
883 26454232
884 26691504
885 26691504
886 26928776
887 26928776
888 27169240
889 27169240
890 27409704
891 27409704
892 27653360
893 27653360
894 27897016
895 27897016
896 28143921
897 28143921
898 28390826
899 28390826
900 28640980
901 28640980
902 28891134
903 28891134
904 29144594
905 29144594
906 29398054
907 29398054
908 29654820
909 29654820
910 29911586
911 29911586
912 30171716
913 30171716
914 30431846
915 30431846
916 30695340
917 30695340
918 30958834
919 30958834
920 31225750
921 31225750
922 31492666
923 31492666
924 31763004
925 31763004
926 32033342
927 32033342
928 32307161
929 32307161
930 32580980
931 32580980
932 32858280
933 32858280
934 33135580
935 33135580
936 33416420
937 33416420
938 33697260
939 33697260
940 33981640
941 33981640
942 34266020
943 34266020
944 34554000
945 34554000
946 34841980
947 34841980
948 35133560
949 35133560
950 35425140
951 35425140
952 35720380
953 35720380
954 36015620
955 36015620
956 36314520
957 36314520
958 36613420
959 36613420
960 36916041
961 36916041
962 37218662
963 37218662
964 37525004
965 37525004
966 37831346
967 37831346
968 38141470
969 38141470
970 38451594
971 38451594
972 38765500
973 38765500
974 39079406
975 39079406
976 39397156
977 39397156
978 39714906
979 39714906
980 40036500
981 40036500
982 40358094
983 40358094
984 40683594
985 40683594
986 41009094
987 41009094
988 41338500
989 41338500
990 41667906
991 41667906
992 42001281
993 42001281
994 42334656
995 42334656
996 42672000
997 42672000
998 43009344
999 43009344
1000 43350720
