0 0
1 9
2 14
3 19
4 24
5 29
6 34
7 39
8 44
9 49
10 54
11 59
12 64
13 69
14 74
15 79
16 84
17 89
18 94
19 99
20 104
21 109
22 114
23 119
24 124
25 129
26 134
27 139
28 144
29 149
30 154
31 159
32 164
33 169
34 174
35 179
36 184
37 189
38 194
39 199
40 204
41 209
42 214
43 219
44 224
45 229
46 234
47 239
48 244
49 249
50 254
51 259
52 264
53 269
54 274
55 279
56 284
57 289
58 294
59 299
60 304
61 309
62 314
63 319
64 324
65 329
66 334
67 339
68 344
69 349
70 354
71 359
72 364
73 369
74 374
75 379
76 384
77 389
78 394
79 399
80 404
81 409
82 414
83 419
84 424
85 429
86 434
87 439
88 444
89 449
90 454
91 459
92 464
93 469
94 474
95 479
96 484
97 489
98 494
99 499
100 504
101 509
102 514
103 519
104 524
105 529
106 534
107 539
108 544
109 549
110 554
111 559
112 564
113 569
114 574
115 579
116 584
117 589
118 594
119 599
120 604
121 609
122 614
123 619
124 624
125 629
126 634
127 639
128 644
129 649
130 654
131 659
132 664
133 669
134 674
135 679
136 684
137 689
138 694
139 699
140 704
141 709
142 714
143 719
144 724
145 729
146 734
147 739
148 744
149 749
150 754
151 759
152 764
153 769
154 774
155 779
156 784
157 789
158 794
159 799
160 804
161 809
162 814
163 819
164 824
165 829
166 834
167 839
168 844
169 849
170 854
171 859
172 864
173 869
174 874
175 879
176 884
177 889
178 894
179 899
180 904
181 909
182 914
183 919
184 924
185 929
186 934
187 939
188 944
189 949
190 954
191 959
192 964
193 969
194 974
195 979
196 984
197 989
198 994
199 999
200 1004
201 1009
202 1014
203 1019
204 1024
205 1029
206 1034
207 1039
208 1044
209 1049
210 1054
211 1059
212 1064
213 1069
214 1074
215 1079
216 1084
217 1089
218 1094
219 1099
220 1104
221 1109
222 1114
223 1119
224 1124
225 1129
226 1134
227 1139
228 1144
229 1149
230 1154
231 1159
232 1164
233 1169
234 1174
235 1179
236 1184
237 1189
238 1194
239 1199
240 1204
241 1209
242 1214
243 1219
244 1224
245 1229
246 1234
247 1239
248 1244
249 1249
250 1254
251 1259
252 1264
253 1269
254 1274
255 1279
256 1284
257 1289
258 1294
259 1299
260 1304
261 1309
262 1314
263 1319
264 1324
265 1329
266 1334
267 1339
268 1344
269 1349
270 1354
271 1359
272 1364
273 1369
274 1374
275 1379
276 1384
277 1389
278 1394
279 1399
280 1404
281 1409
282 1414
283 1419
284 1424
285 1429
286 1434
287 1439
288 1444
289 1449
290 1454
291 1459
292 1464
293 1469
294 1474
295 1479
296 1484
297 1489
298 1494
299 1499
300 1504
301 1509
302 1514
303 1519
304 1524
305 1529
306 1534
307 1539
308 1544
309 1549
310 1554
311 1559
312 1564
313 1569
314 1574
315 1579
316 1584
317 1589
318 1594
319 1599
320 1604
321 1609
322 1614
323 1619
324 1624
325 1629
326 1634
327 1639
328 1644
329 1649
330 1654
331 1659
332 1664
333 1669
334 1674
335 1679
336 1684
337 1689
338 1694
339 1699
340 1704
341 1709
342 1714
343 1719
344 1724
345 1729
346 1734
347 1739
348 1744
349 1749
350 1754
351 1759
352 1764
353 1769
354 1774
355 1779
356 1784
357 1789
358 1794
359 1799
360 1804
361 1809
362 1814
363 1819
364 1824
365 1829
366 1834
367 1839
368 1844
369 1849
370 1854
371 1859
372 1864
373 1869
374 1874
375 1879
376 1884
377 1889
378 1894
379 1899
380 1904
381 1909
382 1914
383 1919
384 1924
385 1929
386 1934
387 1939
388 1944
389 1949
390 1954
391 1959
392 1964
393 1969
394 1974
395 1979
396 1984
397 1989
398 1994
399 1999
400 2004
401 2009
402 2014
403 2019
404 2024
405 2029
406 2034
407 2039
408 2044
409 2049
410 2054
411 2059
412 2064
413 2069
414 2074
415 2079
416 2084
417 2089
418 2094
419 2099
420 2104
421 2109
422 2114
423 2119
424 2124
425 2129
426 2134
427 2139
428 2144
429 2149
430 2154
431 2159
432 2164
433 2169
434 2174
435 2179
436 2184
437 2189
438 2194
439 2199
440 2204
441 2209
442 2214
443 2219
444 2224
445 2229
446 2234
447 2239
448 2244
449 2249
450 2254
451 2259
452 2264
453 2269
454 2274
455 2279
456 2284
457 2289
458 2294
459 2299
460 2304
461 2309
462 2314
463 2319
464 2324
465 2329
466 2334
467 2339
468 2344
469 2349
470 2354
471 2359
472 2364
473 2369
474 2374
475 2379
476 2384
477 2389
478 2394
479 2399
480 2404
481 2409
482 2414
483 2419
484 2424
485 2429
486 2434
487 2439
488 2444
489 2449
490 2454
491 2459
492 2464
493 2469
494 2474
495 2479
496 2484
497 2489
498 2494
499 2499
500 2504
501 2509
502 2514
503 2519
504 2524
505 2529
506 2534
507 2539
508 2544
509 2549
510 2554
511 2559
512 2564
513 2569
514 2574
515 2579
516 2584
517 2589
518 2594
519 2599
520 2604
521 2609
522 2614
523 2619
524 2624
525 2629
526 2634
527 2639
528 2644
529 2649
530 2654
531 2659
532 2664
533 2669
534 2674
535 2679
536 2684
537 2689
538 2694
539 2699
540 2704
541 2709
542 2714
543 2719
544 2724
545 2729
546 2734
547 2739
548 2744
549 2749
550 2754
551 2759
552 2764
553 2769
554 2774
555 2779
556 2784
557 2789
558 2794
559 2799
560 2804
561 2809
562 2814
563 2819
564 2824
565 2829
566 2834
567 2839
568 2844
569 2849
570 2854
571 2859
572 2864
573 2869
574 2874
575 2879
576 2884
577 2889
578 2894
579 2899
580 2904
581 2909
582 2914
583 2919
584 2924
585 2929
586 2934
587 2939
588 2944
589 2949
590 2954
591 2959
592 2964
593 2969
594 2974
595 2979
596 2984
597 2989
598 2994
599 2999
600 3004
601 3009
602 3014
603 3019
604 3024
605 3029
606 3034
607 3039
608 3044
609 3049
610 3054
611 3059
612 3064
613 3069
614 3074
615 3079
616 3084
617 3089
618 3094
619 3099
620 3104
621 3109
622 3114
623 3119
624 3124
625 3129
626 3134
627 3139
628 3144
629 3149
630 3154
631 3159
632 3164
633 3169
634 3174
635 3179
636 3184
637 3189
638 3194
639 3199
640 3204
641 3209
642 3214
643 3219
644 3224
645 3229
646 3234
647 3239
648 3244
649 3249
650 3254
651 3259
652 3264
653 3269
654 3274
655 3279
656 3284
657 3289
658 3294
659 3299
660 3304
661 3309
662 3314
663 3319
664 3324
665 3329
666 3334
667 3339
668 3344
669 3349
670 3354
671 3359
672 3364
673 3369
674 3374
675 3379
676 3384
677 3389
678 3394
679 3399
680 3404
681 3409
682 3414
683 3419
684 3424
685 3429
686 3434
687 3439
688 3444
689 3449
690 3454
691 3459
692 3464
693 3469
694 3474
695 3479
696 3484
697 3489
698 3494
699 3499
700 3504
701 3509
702 3514
703 3519
704 3524
705 3529
706 3534
707 3539
708 3544
709 3549
710 3554
711 3559
712 3564
713 3569
714 3574
715 3579
716 3584
717 3589
718 3594
719 3599
720 3604
721 3609
722 3614
723 3619
724 3624
725 3629
726 3634
727 3639
728 3644
729 3649
730 3654
731 3659
732 3664
733 3669
734 3674
735 3679
736 3684
737 3689
738 3694
739 3699
740 3704
741 3709
742 3714
743 3719
744 3724
745 3729
746 3734
747 3739
748 3744
749 3749
750 3754
751 3759
752 3764
753 3769
754 3774
755 3779
756 3784
757 3789
758 3794
759 3799
760 3804
761 3809
762 3814
763 3819
764 3824
765 3829
766 3834
767 3839
768 3844
769 3849
770 3854
771 3859
772 3864
773 3869
774 3874
775 3879
776 3884
777 3889
778 3894
779 3899
780 3904
781 3909
782 3914
783 3919
784 3924
785 3929
786 3934
787 3939
788 3944
789 3949
790 3954
791 3959
792 3964
793 3969
794 3974
795 3979
796 3984
797 3989
798 3994
799 3999
800 4004
801 4009
802 4014
803 4019
804 4024
805 4029
806 4034
807 4039
808 4044
809 4049
810 4054
811 4059
812 4064
813 4069
814 4074
815 4079
816 4084
817 4089
818 4094
819 4099
820 4104
821 4109
822 4114
823 4119
824 4124
825 4129
826 4134
827 4139
828 4144
829 4149
830 4154
831 4159
832 4164
833 4169
834 4174
835 4179
836 4184
837 4189
838 4194
839 4199
840 4204
841 4209
842 4214
843 4219
844 4224
845 4229
846 4234
847 4239
848 4244
849 4249
850 4254
851 4259
852 4264
853 4269
854 4274
855 4279
856 4284
857 4289
858 4294
859 4299
860 4304
861 4309
862 4314
863 4319
864 4324
865 4329
866 4334
867 4339
868 4344
869 4349
870 4354
871 4359
872 4364
873 4369
874 4374
875 4379
876 4384
877 4389
878 4394
879 4399
880 4404
881 4409
882 4414
883 4419
884 4424
885 4429
886 4434
887 4439
888 4444
889 4449
890 4454
891 4459
892 4464
893 4469
894 4474
895 4479
896 4484
897 4489
898 4494
899 4499
900 4504
901 4509
902 4514
903 4519
904 4524
905 4529
906 4534
907 4539
908 4544
909 4549
910 4554
911 4559
912 4564
913 4569
914 4574
915 4579
916 4584
917 4589
918 4594
919 4599
920 4604
921 4609
922 4614
923 4619
924 4624
925 4629
926 4634
927 4639
928 4644
929 4649
930 4654
931 4659
932 4664
933 4669
934 4674
935 4679
936 4684
937 4689
938 4694
939 4699
940 4704
941 4709
942 4714
943 4719
944 4724
945 4729
946 4734
947 4739
948 4744
949 4749
950 4754
951 4759
952 4764
953 4769
954 4774
955 4779
956 4784
957 4789
958 4794
959 4799
960 4804
961 4809
962 4814
963 4819
964 4824
965 4829
966 4834
967 4839
968 4844
969 4849
970 4854
971 4859
972 4864
973 4869
974 4874
975 4879
976 4884
977 4889
978 4894
979 4899
980 4904
981 4909
982 4914
983 4919
984 4924
985 4929
986 4934
987 4939
988 4944
989 4949
990 4954
991 4959
992 4964
993 4969
994 4974
995 4979
996 4984
997 4989
998 4994
999 4999
1000 5004
