0 0
1 18
2 36
3 54
4 72
5 90
6 108
7 126
8 144
9 162
10 180
11 198
12 216
13 234
14 252
15 270
16 288
17 306
18 324
19 342
20 360
21 378
22 396
23 414
24 432
25 450
26 468
27 486
28 504
29 522
30 540
31 558
32 576
33 594
34 612
35 630
36 648
37 666
38 684
39 702
40 720
41 738
42 756
43 774
44 792
45 810
46 828
47 846
48 864
49 882
50 900
51 918
52 936
53 954
54 972
55 990
56 1008
57 1026
58 1044
59 1062
60 1080
61 1098
62 1116
63 1134
64 1152
65 1170
66 1188
67 1206
68 1224
69 1242
70 1260
71 1278
72 1296
73 1314
74 1332
75 1350
76 1368
77 1386
78 1404
79 1422
80 1440
81 1458
82 1476
83 1494
84 1512
85 1530
86 1548
87 1566
88 1584
89 1602
90 1620
91 1638
92 1656
93 1674
94 1692
95 1710
96 1728
97 1746
98 1764
99 1782
100 1800
101 1818
102 1836
103 1854
104 1872
105 1890
106 1908
107 1926
108 1944
109 1962
110 1980
111 1998
112 2016
113 2034
114 2052
115 2070
116 2088
117 2106
118 2124
119 2142
120 2160
121 2178
122 2196
123 2214
124 2232
125 2250
126 2268
127 2286
128 2304
129 2322
130 2340
131 2358
132 2376
133 2394
134 2412
135 2430
136 2448
137 2466
138 2484
139 2502
140 2520
141 2538
142 2556
143 2574
144 2592
145 2610
146 2628
147 2646
148 2664
149 2682
150 2700
151 2718
152 2736
153 2754
154 2772
155 2790
156 2808
157 2826
158 2844
159 2862
160 2880
161 2898
162 2916
163 2934
164 2952
165 2970
166 2988
167 3006
168 3024
169 3042
170 3060
171 3078
172 3096
173 3114
174 3132
175 3150
176 3168
177 3186
178 3204
179 3222
180 3240
181 3258
182 3276
183 3294
184 3312
185 3330
186 3348
187 3366
188 3384
189 3402
190 3420
191 3438
192 3456
193 3474
194 3492
195 3510
196 3528
197 3546
198 3564
199 3582
200 3600
201 3618
202 3636
203 3654
204 3672
205 3690
206 3708
207 3726
208 3744
209 3762
210 3780
211 3798
212 3816
213 3834
214 3852
215 3870
216 3888
217 3906
218 3924
219 3942
220 3960
221 3978
222 3996
223 4014
224 4032
225 4050
226 4068
227 4086
228 4104
229 4122
230 4140
231 4158
232 4176
233 4194
234 4212
235 4230
236 4248
237 4266
238 4284
239 4302
240 4320
241 4338
242 4356
243 4374
244 4392
245 4410
246 4428
247 4446
248 4464
249 4482
250 4500
251 4518
252 4536
253 4554
254 4572
255 4590
256 4608
257 4626
258 4644
259 4662
260 4680
261 4698
262 4716
263 4734
264 4752
265 4770
266 4788
267 4806
268 4824
269 4842
270 4860
271 4878
272 4896
273 4914
274 4932
275 4950
276 4968
277 4986
278 5004
279 5022
280 5040
281 5058
282 5076
283 5094
284 5112
285 5130
286 5148
287 5166
288 5184
289 5202
290 5220
291 5238
292 5256
293 5274
294 5292
295 5310
296 5328
297 5346
298 5364
299 5382
300 5400
301 5418
302 5436
303 5454
304 5472
305 5490
306 5508
307 5526
308 5544
309 5562
310 5580
311 5598
312 5616
313 5634
314 5652
315 5670
316 5688
317 5706
318 5724
319 5742
320 5760
321 5778
322 5796
323 5814
324 5832
325 5850
326 5868
327 5886
328 5904
329 5922
330 5940
331 5958
332 5976
333 5994
334 6012
335 6030
336 6048
337 6066
338 6084
339 6102
340 6120
341 6138
342 6156
343 6174
344 6192
345 6210
346 6228
347 6246
348 6264
349 6282
350 6300
351 6318
352 6336
353 6354
354 6372
355 6390
356 6408
357 6426
358 6444
359 6462
360 6480
361 6498
362 6516
363 6534
364 6552
365 6570
366 6588
367 6606
368 6624
369 6642
370 6660
371 6678
372 6696
373 6714
374 6732
375 6750
376 6768
377 6786
378 6804
379 6822
380 6840
381 6858
382 6876
383 6894
384 6912
385 6930
386 6948
387 6966
388 6984
389 7002
390 7020
391 7038
392 7056
393 7074
394 7092
395 7110
396 7128
397 7146
398 7164
399 7182
400 7200
401 7218
402 7236
403 7254
404 7272
405 7290
406 7308
407 7326
408 7344
409 7362
410 7380
411 7398
412 7416
413 7434
414 7452
415 7470
416 7488
417 7506
418 7524
419 7542
420 7560
421 7578
422 7596
423 7614
424 7632
425 7650
426 7668
427 7686
428 7704
429 7722
430 7740
431 7758
432 7776
433 7794
434 7812
435 7830
436 7848
437 7866
438 7884
439 7902
440 7920
441 7938
442 7956
443 7974
444 7992
445 8010
446 8028
447 8046
448 8064
449 8082
450 8100
451 8118
452 8136
453 8154
454 8172
455 8190
456 8208
457 8226
458 8244
459 8262
460 8280
461 8298
462 8316
463 8334
464 8352
465 8370
466 8388
467 8406
468 8424
469 8442
470 8460
471 8478
472 8496
473 8514
474 8532
475 8550
476 8568
477 8586
478 8604
479 8622
480 8640
481 8658
482 8676
483 8694
484 8712
485 8730
486 8748
487 8766
488 8784
489 8802
490 8820
491 8838
492 8856
493 8874
494 8892
495 8910
496 8928
497 8946
498 8964
499 8982
500 9000
501 9018
502 9036
503 9054
504 9072
505 9090
506 9108
507 9126
508 9144
509 9162
510 9180
511 9198
512 9216
513 9234
514 9252
515 9270
516 9288
517 9306
518 9324
519 9342
520 9360
521 9378
522 9396
523 9414
524 9432
525 9450
526 9468
527 9486
528 9504
529 9522
530 9540
531 9558
532 9576
533 9594
534 9612
535 9630
536 9648
537 9666
538 9684
539 9702
540 9720
541 9738
542 9756
543 9774
544 9792
545 9810
546 9828
547 9846
548 9864
549 9882
550 9900
551 9918
552 9936
553 9954
554 9972
555 9990
556 10008
557 10026
558 10044
559 10062
560 10080
561 10098
562 10116
563 10134
564 10152
565 10170
566 10188
567 10206
568 10224
569 10242
570 10260
571 10278
572 10296
573 10314
574 10332
575 10350
576 10368
577 10386
578 10404
579 10422
580 10440
581 10458
582 10476
583 10494
584 10512
585 10530
586 10548
587 10566
588 10584
589 10602
590 10620
591 10638
592 10656
593 10674
594 10692
595 10710
596 10728
597 10746
598 10764
599 10782
600 10800
601 10818
602 10836
603 10854
604 10872
605 10890
606 10908
607 10926
608 10944
609 10962
610 10980
611 10998
612 11016
613 11034
614 11052
615 11070
616 11088
617 11106
618 11124
619 11142
620 11160
621 11178
622 11196
623 11214
624 11232
625 11250
626 11268
627 11286
628 11304
629 11322
630 11340
631 11358
632 11376
633 11394
634 11412
635 11430
636 11448
637 11466
638 11484
639 11502
640 11520
641 11538
642 11556
643 11574
644 11592
645 11610
646 11628
647 11646
648 11664
649 11682
650 11700
651 11718
652 11736
653 11754
654 11772
655 11790
656 11808
657 11826
658 11844
659 11862
660 11880
661 11898
662 11916
663 11934
664 11952
665 11970
666 11988
667 12006
668 12024
669 12042
670 12060
671 12078
672 12096
673 12114
674 12132
675 12150
676 12168
677 12186
678 12204
679 12222
680 12240
681 12258
682 12276
683 12294
684 12312
685 12330
686 12348
687 12366
688 12384
689 12402
690 12420
691 12438
692 12456
693 12474
694 12492
695 12510
696 12528
697 12546
698 12564
699 12582
700 12600
701 12618
702 12636
703 12654
704 12672
705 12690
706 12708
707 12726
708 12744
709 12762
710 12780
711 12798
712 12816
713 12834
714 12852
715 12870
716 12888
717 12906
718 12924
719 12942
720 12960
721 12978
722 12996
723 13014
724 13032
725 13050
726 13068
727 13086
728 13104
729 13122
730 13140
731 13158
732 13176
733 13194
734 13212
735 13230
736 13248
737 13266
738 13284
739 13302
740 13320
741 13338
742 13356
743 13374
744 13392
745 13410
746 13428
747 13446
748 13464
749 13482
750 13500
751 13518
752 13536
753 13554
754 13572
755 13590
756 13608
757 13626
758 13644
759 13662
760 13680
761 13698
762 13716
763 13734
764 13752
765 13770
766 13788
767 13806
768 13824
769 13842
770 13860
771 13878
772 13896
773 13914
774 13932
775 13950
776 13968
777 13986
778 14004
779 14022
780 14040
781 14058
782 14076
783 14094
784 14112
785 14130
786 14148
787 14166
788 14184
789 14202
790 14220
791 14238
792 14256
793 14274
794 14292
795 14310
796 14328
797 14346
798 14364
799 14382
800 14400
801 14418
802 14436
803 14454
804 14472
805 14490
806 14508
807 14526
808 14544
809 14562
810 14580
811 14598
812 14616
813 14634
814 14652
815 14670
816 14688
817 14706
818 14724
819 14742
820 14760
821 14778
822 14796
823 14814
824 14832
825 14850
826 14868
827 14886
828 14904
829 14922
830 14940
831 14958
832 14976
833 14994
834 15012
835 15030
836 15048
837 15066
838 15084
839 15102
840 15120
841 15138
842 15156
843 15174
844 15192
845 15210
846 15228
847 15246
848 15264
849 15282
850 15300
851 15318
852 15336
853 15354
854 15372
855 15390
856 15408
857 15426
858 15444
859 15462
860 15480
861 15498
862 15516
863 15534
864 15552
865 15570
866 15588
867 15606
868 15624
869 15642
870 15660
871 15678
872 15696
873 15714
874 15732
875 15750
876 15768
877 15786
878 15804
879 15822
880 15840
881 15858
882 15876
883 15894
884 15912
885 15930
886 15948
887 15966
888 15984
889 16002
890 16020
891 16038
892 16056
893 16074
894 16092
895 16110
896 16128
897 16146
898 16164
899 16182
900 16200
901 16218
902 16236
903 16254
904 16272
905 16290
906 16308
907 16326
908 16344
909 16362
910 16380
911 16398
912 16416
913 16434
914 16452
915 16470
916 16488
917 16506
918 16524
919 16542
920 16560
921 16578
922 16596
923 16614
924 16632
925 16650
926 16668
927 16686
928 16704
929 16722
930 16740
931 16758
932 16776
933 16794
934 16812
935 16830
936 16848
937 16866
938 16884
939 16902
940 16920
941 16938
942 16956
943 16974
944 16992
945 17010
946 17028
947 17046
948 17064
949 17082
950 17100
951 17118
952 17136
953 17154
954 17172
955 17190
956 17208
957 17226
958 17244
959 17262
960 17280
961 17298
962 17316
963 17334
964 17352
965 17370
966 17388
967 17406
968 17424
969 17442
970 17460
971 17478
972 17496
973 17514
974 17532
975 17550
976 17568
977 17586
978 17604
979 17622
980 17640
981 17658
982 17676
983 17694
984 17712
985 17730
986 17748
987 17766
988 17784
989 17802
990 17820
991 17838
992 17856
993 17874
994 17892
995 17910
996 17928
997 17946
998 17964
999 17982
1000 18000
