0 1
1 0
2 1
3 0
4 1
5 0
6 1
7 0
8 1
9 1
10 1
11 1
12 1
13 1
14 1
15 1
16 1
17 1
18 2
19 1
20 2
21 1
22 2
23 1
24 2
25 1
26 2
27 2
28 2
29 2
30 2
31 2
32 2
33 2
34 2
35 2
36 3
37 2
38 3
39 2
40 3
41 2
42 3
43 2
44 3
45 3
46 3
47 3
48 3
49 3
50 3
51 3
52 3
53 3
54 4
55 3
56 4
57 3
58 4
59 3
60 4
61 3
62 4
63 4
64 4
65 4
66 4
67 4
68 4
69 4
70 4
71 4
72 5
73 4
74 5
75 4
76 5
77 4
78 5
79 4
80 5
81 5
82 5
83 5
84 5
85 5
86 5
87 5
88 5
89 5
90 6
91 5
92 6
93 5
94 6
95 5
96 6
97 5
98 6
99 6
100 6
101 6
102 6
103 6
104 6
105 6
106 6
107 6
108 7
109 6
110 7
111 6
112 7
113 6
114 7
115 6
116 7
117 7
118 7
119 7
120 7
121 7
122 7
123 7
124 7
125 7
126 8
127 7
128 8
129 7
130 8
131 7
132 8
133 7
134 8
135 8
136 8
137 8
138 8
139 8
140 8
141 8
142 8
143 8
144 9
145 8
146 9
147 8
148 9
149 8
150 9
151 8
152 9
153 9
154 9
155 9
156 9
157 9
158 9
159 9
160 9
161 9
162 10
163 9
164 10
165 9
166 10
167 9
168 10
169 9
170 10
171 10
172 10
173 10
174 10
175 10
176 10
177 10
178 10
179 10
180 11
181 10
182 11
183 10
184 11
185 10
186 11
187 10
188 11
189 11
190 11
191 11
192 11
193 11
194 11
195 11
196 11
197 11
198 12
199 11
200 12
201 11
202 12
203 11
204 12
205 11
206 12
207 12
208 12
209 12
210 12
211 12
212 12
213 12
214 12
215 12
216 13
217 12
218 13
219 12
220 13
221 12
222 13
223 12
224 13
225 13
226 13
227 13
228 13
229 13
230 13
231 13
232 13
233 13
234 14
235 13
236 14
237 13
238 14
239 13
240 14
241 13
242 14
243 14
244 14
245 14
246 14
247 14
248 14
249 14
250 14
251 14
252 15
253 14
254 15
255 14
256 15
257 14
258 15
259 14
260 15
261 15
262 15
263 15
264 15
265 15
266 15
267 15
268 15
269 15
270 16
271 15
272 16
273 15
274 16
275 15
276 16
277 15
278 16
279 16
280 16
281 16
282 16
283 16
284 16
285 16
286 16
287 16
288 17
289 16
290 17
291 16
292 17
293 16
294 17
295 16
296 17
297 17
298 17
299 17
300 17
301 17
302 17
303 17
304 17
305 17
306 18
307 17
308 18
309 17
310 18
311 17
312 18
313 17
314 18
315 18
316 18
317 18
318 18
319 18
320 18
321 18
322 18
323 18
324 19
325 18
326 19
327 18
328 19
329 18
330 19
331 18
332 19
333 19
334 19
335 19
336 19
337 19
338 19
339 19
340 19
341 19
342 20
343 19
344 20
345 19
346 20
347 19
348 20
349 19
350 20
351 20
352 20
353 20
354 20
355 20
356 20
357 20
358 20
359 20
360 21
361 20
362 21
363 20
364 21
365 20
366 21
367 20
368 21
369 21
370 21
371 21
372 21
373 21
374 21
375 21
376 21
377 21
378 22
379 21
380 22
381 21
382 22
383 21
384 22
385 21
386 22
387 22
388 22
389 22
390 22
391 22
392 22
393 22
394 22
395 22
396 23
397 22
398 23
399 22
400 23
401 22
402 23
403 22
404 23
405 23
406 23
407 23
408 23
409 23
410 23
411 23
412 23
413 23
414 24
415 23
416 24
417 23
418 24
419 23
420 24
421 23
422 24
423 24
424 24
425 24
426 24
427 24
428 24
429 24
430 24
431 24
432 25
433 24
434 25
435 24
436 25
437 24
438 25
439 24
440 25
441 25
442 25
443 25
444 25
445 25
446 25
447 25
448 25
449 25
450 26
451 25
452 26
453 25
454 26
455 25
456 26
457 25
458 26
459 26
460 26
461 26
462 26
463 26
464 26
465 26
466 26
467 26
468 27
469 26
470 27
471 26
472 27
473 26
474 27
475 26
476 27
477 27
478 27
479 27
480 27
481 27
482 27
483 27
484 27
485 27
486 28
487 27
488 28
489 27
490 28
491 27
492 28
493 27
494 28
495 28
496 28
497 28
498 28
499 28
500 28
501 28
502 28
503 28
504 29
505 28
506 29
507 28
508 29
509 28
510 29
511 28
512 29
513 29
514 29
515 29
516 29
517 29
518 29
519 29
520 29
521 29
522 30
523 29
524 30
525 29
526 30
527 29
528 30
529 29
530 30
531 30
532 30
533 30
534 30
535 30
536 30
537 30
538 30
539 30
540 31
541 30
542 31
543 30
544 31
545 30
546 31
547 30
548 31
549 31
550 31
551 31
552 31
553 31
554 31
555 31
556 31
557 31
558 32
559 31
560 32
561 31
562 32
563 31
564 32
565 31
566 32
567 32
568 32
569 32
570 32
571 32
572 32
573 32
574 32
575 32
576 33
577 32
578 33
579 32
580 33
581 32
582 33
583 32
584 33
585 33
586 33
587 33
588 33
589 33
590 33
591 33
592 33
593 33
594 34
595 33
596 34
597 33
598 34
599 33
600 34
601 33
602 34
603 34
604 34
605 34
606 34
607 34
608 34
609 34
610 34
611 34
612 35
613 34
614 35
615 34
616 35
617 34
618 35
619 34
620 35
621 35
622 35
623 35
624 35
625 35
626 35
627 35
628 35
629 35
630 36
631 35
632 36
633 35
634 36
635 35
636 36
637 35
638 36
639 36
640 36
641 36
642 36
643 36
644 36
645 36
646 36
647 36
648 37
649 36
650 37
651 36
652 37
653 36
654 37
655 36
656 37
657 37
658 37
659 37
660 37
661 37
662 37
663 37
664 37
665 37
666 38
667 37
668 38
669 37
670 38
671 37
672 38
673 37
674 38
675 38
676 38
677 38
678 38
679 38
680 38
681 38
682 38
683 38
684 39
685 38
686 39
687 38
688 39
689 38
690 39
691 38
692 39
693 39
694 39
695 39
696 39
697 39
698 39
699 39
700 39
701 39
702 40
703 39
704 40
705 39
706 40
707 39
708 40
709 39
710 40
711 40
712 40
713 40
714 40
715 40
716 40
717 40
718 40
719 40
720 41
721 40
722 41
723 40
724 41
725 40
726 41
727 40
728 41
729 41
730 41
731 41
732 41
733 41
734 41
735 41
736 41
737 41
738 42
739 41
740 42
741 41
742 42
743 41
744 42
745 41
746 42
747 42
748 42
749 42
750 42
751 42
752 42
753 42
754 42
755 42
756 43
757 42
758 43
759 42
760 43
761 42
762 43
763 42
764 43
765 43
766 43
767 43
768 43
769 43
770 43
771 43
772 43
773 43
774 44
775 43
776 44
777 43
778 44
779 43
780 44
781 43
782 44
783 44
784 44
785 44
786 44
787 44
788 44
789 44
790 44
791 44
792 45
793 44
794 45
795 44
796 45
797 44
798 45
799 44
800 45
801 45
802 45
803 45
804 45
805 45
806 45
807 45
808 45
809 45
810 46
811 45
812 46
813 45
814 46
815 45
816 46
817 45
818 46
819 46
820 46
821 46
822 46
823 46
824 46
825 46
826 46
827 46
828 47
829 46
830 47
831 46
832 47
833 46
834 47
835 46
836 47
837 47
838 47
839 47
840 47
841 47
842 47
843 47
844 47
845 47
846 48
847 47
848 48
849 47
850 48
851 47
852 48
853 47
854 48
855 48
856 48
857 48
858 48
859 48
860 48
861 48
862 48
863 48
864 49
865 48
866 49
867 48
868 49
869 48
870 49
871 48
872 49
873 49
874 49
875 49
876 49
877 49
878 49
879 49
880 49
881 49
882 50
883 49
884 50
885 49
886 50
887 49
888 50
889 49
890 50
891 50
892 50
893 50
894 50
895 50
896 50
897 50
898 50
899 50
900 51
901 50
902 51
903 50
904 51
905 50
906 51
907 50
908 51
909 51
910 51
911 51
912 51
913 51
914 51
915 51
916 51
917 51
918 52
919 51
920 52
921 51
922 52
923 51
924 52
925 51
926 52
927 52
928 52
929 52
930 52
931 52
932 52
933 52
934 52
935 52
936 53
937 52
938 53
939 52
940 53
941 52
942 53
943 52
944 53
945 53
946 53
947 53
948 53
949 53
950 53
951 53
952 53
953 53
954 54
955 53
956 54
957 53
958 54
959 53
960 54
961 53
962 54
963 54
964 54
965 54
966 54
967 54
968 54
969 54
970 54
971 54
972 55
973 54
974 55
975 54
976 55
977 54
978 55
979 54
980 55
981 55
982 55
983 55
984 55
985 55
986 55
987 55
988 55
989 55
990 56
991 55
992 56
993 55
994 56
995 55
996 56
997 55
998 56
999 56
1000 56
