0 0
1 18
2 28
3 38
4 48
5 58
6 68
7 78
8 88
9 98
10 108
11 118
12 128
13 138
14 148
15 158
16 168
17 178
18 188
19 198
20 208
21 218
22 228
23 238
24 248
25 258
26 268
27 278
28 288
29 298
30 308
31 318
32 328
33 338
34 348
35 358
36 368
37 378
38 388
39 398
40 408
41 418
42 428
43 438
44 448
45 458
46 468
47 478
48 488
49 498
50 508
51 518
52 528
53 538
54 548
55 558
56 568
57 578
58 588
59 598
60 608
61 618
62 628
63 638
64 648
65 658
66 668
67 678
68 688
69 698
70 708
71 718
72 728
73 738
74 748
75 758
76 768
77 778
78 788
79 798
80 808
81 818
82 828
83 838
84 848
85 858
86 868
87 878
88 888
89 898
90 908
91 918
92 928
93 938
94 948
95 958
96 968
97 978
98 988
99 998
100 1008
101 1018
102 1028
103 1038
104 1048
105 1058
106 1068
107 1078
108 1088
109 1098
110 1108
111 1118
112 1128
113 1138
114 1148
115 1158
116 1168
117 1178
118 1188
119 1198
120 1208
121 1218
122 1228
123 1238
124 1248
125 1258
126 1268
127 1278
128 1288
129 1298
130 1308
131 1318
132 1328
133 1338
134 1348
135 1358
136 1368
137 1378
138 1388
139 1398
140 1408
141 1418
142 1428
143 1438
144 1448
145 1458
146 1468
147 1478
148 1488
149 1498
150 1508
151 1518
152 1528
153 1538
154 1548
155 1558
156 1568
157 1578
158 1588
159 1598
160 1608
161 1618
162 1628
163 1638
164 1648
165 1658
166 1668
167 1678
168 1688
169 1698
170 1708
171 1718
172 1728
173 1738
174 1748
175 1758
176 1768
177 1778
178 1788
179 1798
180 1808
181 1818
182 1828
183 1838
184 1848
185 1858
186 1868
187 1878
188 1888
189 1898
190 1908
191 1918
192 1928
193 1938
194 1948
195 1958
196 1968
197 1978
198 1988
199 1998
200 2008
201 2018
202 2028
203 2038
204 2048
205 2058
206 2068
207 2078
208 2088
209 2098
210 2108
211 2118
212 2128
213 2138
214 2148
215 2158
216 2168
217 2178
218 2188
219 2198
220 2208
221 2218
222 2228
223 2238
224 2248
225 2258
226 2268
227 2278
228 2288
229 2298
230 2308
231 2318
232 2328
233 2338
234 2348
235 2358
236 2368
237 2378
238 2388
239 2398
240 2408
241 2418
242 2428
243 2438
244 2448
245 2458
246 2468
247 2478
248 2488
249 2498
250 2508
251 2518
252 2528
253 2538
254 2548
255 2558
256 2568
257 2578
258 2588
259 2598
260 2608
261 2618
262 2628
263 2638
264 2648
265 2658
266 2668
267 2678
268 2688
269 2698
270 2708
271 2718
272 2728
273 2738
274 2748
275 2758
276 2768
277 2778
278 2788
279 2798
280 2808
281 2818
282 2828
283 2838
284 2848
285 2858
286 2868
287 2878
288 2888
289 2898
290 2908
291 2918
292 2928
293 2938
294 2948
295 2958
296 2968
297 2978
298 2988
299 2998
300 3008
301 3018
302 3028
303 3038
304 3048
305 3058
306 3068
307 3078
308 3088
309 3098
310 3108
311 3118
312 3128
313 3138
314 3148
315 3158
316 3168
317 3178
318 3188
319 3198
320 3208
321 3218
322 3228
323 3238
324 3248
325 3258
326 3268
327 3278
328 3288
329 3298
330 3308
331 3318
332 3328
333 3338
334 3348
335 3358
336 3368
337 3378
338 3388
339 3398
340 3408
341 3418
342 3428
343 3438
344 3448
345 3458
346 3468
347 3478
348 3488
349 3498
350 3508
351 3518
352 3528
353 3538
354 3548
355 3558
356 3568
357 3578
358 3588
359 3598
360 3608
361 3618
362 3628
363 3638
364 3648
365 3658
366 3668
367 3678
368 3688
369 3698
370 3708
371 3718
372 3728
373 3738
374 3748
375 3758
376 3768
377 3778
378 3788
379 3798
380 3808
381 3818
382 3828
383 3838
384 3848
385 3858
386 3868
387 3878
388 3888
389 3898
390 3908
391 3918
392 3928
393 3938
394 3948
395 3958
396 3968
397 3978
398 3988
399 3998
400 4008
401 4018
402 4028
403 4038
404 4048
405 4058
406 4068
407 4078
408 4088
409 4098
410 4108
411 4118
412 4128
413 4138
414 4148
415 4158
416 4168
417 4178
418 4188
419 4198
420 4208
421 4218
422 4228
423 4238
424 4248
425 4258
426 4268
427 4278
428 4288
429 4298
430 4308
431 4318
432 4328
433 4338
434 4348
435 4358
436 4368
437 4378
438 4388
439 4398
440 4408
441 4418
442 4428
443 4438
444 4448
445 4458
446 4468
447 4478
448 4488
449 4498
450 4508
451 4518
452 4528
453 4538
454 4548
455 4558
456 4568
457 4578
458 4588
459 4598
460 4608
461 4618
462 4628
463 4638
464 4648
465 4658
466 4668
467 4678
468 4688
469 4698
470 4708
471 4718
472 4728
473 4738
474 4748
475 4758
476 4768
477 4778
478 4788
479 4798
480 4808
481 4818
482 4828
483 4838
484 4848
485 4858
486 4868
487 4878
488 4888
489 4898
490 4908
491 4918
492 4928
493 4938
494 4948
495 4958
496 4968
497 4978
498 4988
499 4998
500 5008
501 5018
502 5028
503 5038
504 5048
505 5058
506 5068
507 5078
508 5088
509 5098
510 5108
511 5118
512 5128
513 5138
514 5148
515 5158
516 5168
517 5178
518 5188
519 5198
520 5208
521 5218
522 5228
523 5238
524 5248
525 5258
526 5268
527 5278
528 5288
529 5298
530 5308
531 5318
532 5328
533 5338
534 5348
535 5358
536 5368
537 5378
538 5388
539 5398
540 5408
541 5418
542 5428
543 5438
544 5448
545 5458
546 5468
547 5478
548 5488
549 5498
550 5508
551 5518
552 5528
553 5538
554 5548
555 5558
556 5568
557 5578
558 5588
559 5598
560 5608
561 5618
562 5628
563 5638
564 5648
565 5658
566 5668
567 5678
568 5688
569 5698
570 5708
571 5718
572 5728
573 5738
574 5748
575 5758
576 5768
577 5778
578 5788
579 5798
580 5808
581 5818
582 5828
583 5838
584 5848
585 5858
586 5868
587 5878
588 5888
589 5898
590 5908
591 5918
592 5928
593 5938
594 5948
595 5958
596 5968
597 5978
598 5988
599 5998
600 6008
601 6018
602 6028
603 6038
604 6048
605 6058
606 6068
607 6078
608 6088
609 6098
610 6108
611 6118
612 6128
613 6138
614 6148
615 6158
616 6168
617 6178
618 6188
619 6198
620 6208
621 6218
622 6228
623 6238
624 6248
625 6258
626 6268
627 6278
628 6288
629 6298
630 6308
631 6318
632 6328
633 6338
634 6348
635 6358
636 6368
637 6378
638 6388
639 6398
640 6408
641 6418
642 6428
643 6438
644 6448
645 6458
646 6468
647 6478
648 6488
649 6498
650 6508
651 6518
652 6528
653 6538
654 6548
655 6558
656 6568
657 6578
658 6588
659 6598
660 6608
661 6618
662 6628
663 6638
664 6648
665 6658
666 6668
667 6678
668 6688
669 6698
670 6708
671 6718
672 6728
673 6738
674 6748
675 6758
676 6768
677 6778
678 6788
679 6798
680 6808
681 6818
682 6828
683 6838
684 6848
685 6858
686 6868
687 6878
688 6888
689 6898
690 6908
691 6918
692 6928
693 6938
694 6948
695 6958
696 6968
697 6978
698 6988
699 6998
700 7008
701 7018
702 7028
703 7038
704 7048
705 7058
706 7068
707 7078
708 7088
709 7098
710 7108
711 7118
712 7128
713 7138
714 7148
715 7158
716 7168
717 7178
718 7188
719 7198
720 7208
721 7218
722 7228
723 7238
724 7248
725 7258
726 7268
727 7278
728 7288
729 7298
730 7308
731 7318
732 7328
733 7338
734 7348
735 7358
736 7368
737 7378
738 7388
739 7398
740 7408
741 7418
742 7428
743 7438
744 7448
745 7458
746 7468
747 7478
748 7488
749 7498
750 7508
751 7518
752 7528
753 7538
754 7548
755 7558
756 7568
757 7578
758 7588
759 7598
760 7608
761 7618
762 7628
763 7638
764 7648
765 7658
766 7668
767 7678
768 7688
769 7698
770 7708
771 7718
772 7728
773 7738
774 7748
775 7758
776 7768
777 7778
778 7788
779 7798
780 7808
781 7818
782 7828
783 7838
784 7848
785 7858
786 7868
787 7878
788 7888
789 7898
790 7908
791 7918
792 7928
793 7938
794 7948
795 7958
796 7968
797 7978
798 7988
799 7998
800 8008
801 8018
802 8028
803 8038
804 8048
805 8058
806 8068
807 8078
808 8088
809 8098
810 8108
811 8118
812 8128
813 8138
814 8148
815 8158
816 8168
817 8178
818 8188
819 8198
820 8208
821 8218
822 8228
823 8238
824 8248
825 8258
826 8268
827 8278
828 8288
829 8298
830 8308
831 8318
832 8328
833 8338
834 8348
835 8358
836 8368
837 8378
838 8388
839 8398
840 8408
841 8418
842 8428
843 8438
844 8448
845 8458
846 8468
847 8478
848 8488
849 8498
850 8508
851 8518
852 8528
853 8538
854 8548
855 8558
856 8568
857 8578
858 8588
859 8598
860 8608
861 8618
862 8628
863 8638
864 8648
865 8658
866 8668
867 8678
868 8688
869 8698
870 8708
871 8718
872 8728
873 8738
874 8748
875 8758
876 8768
877 8778
878 8788
879 8798
880 8808
881 8818
882 8828
883 8838
884 8848
885 8858
886 8868
887 8878
888 8888
889 8898
890 8908
891 8918
892 8928
893 8938
894 8948
895 8958
896 8968
897 8978
898 8988
899 8998
900 9008
901 9018
902 9028
903 9038
904 9048
905 9058
906 9068
907 9078
908 9088
909 9098
910 9108
911 9118
912 9128
913 9138
914 9148
915 9158
916 9168
917 9178
918 9188
919 9198
920 9208
921 9218
922 9228
923 9238
924 9248
925 9258
926 9268
927 9278
928 9288
929 9298
930 9308
931 9318
932 9328
933 9338
934 9348
935 9358
936 9368
937 9378
938 9388
939 9398
940 9408
941 9418
942 9428
943 9438
944 9448
945 9458
946 9468
947 9478
948 9488
949 9498
950 9508
951 9518
952 9528
953 9538
954 9548
955 9558
956 9568
957 9578
958 9588
959 9598
960 9608
961 9618
962 9628
963 9638
964 9648
965 9658
966 9668
967 9678
968 9688
969 9698
970 9708
971 9718
972 9728
973 9738
974 9748
975 9758
976 9768
977 9778
978 9788
979 9798
980 9808
981 9818
982 9828
983 9838
984 9848
985 9858
986 9868
987 9878
988 9888
989 9898
990 9908
991 9918
992 9928
993 9938
994 9948
995 9958
996 9968
997 9978
998 9988
999 9998
1000 10008
