0 1
1 2
2 3
3 4
4 5
5 6
6 7
7 8
8 9
9 10
10 12
11 14
12 16
13 18
14 20
15 22
16 24
17 26
18 28
19 30
20 33
21 36
22 39
23 42
24 45
25 48
26 51
27 54
28 57
29 60
30 64
31 68
32 72
33 76
34 80
35 84
36 88
37 92
38 96
39 100
40 105
41 110
42 115
43 120
44 125
45 130
46 135
47 140
48 145
49 150
50 156
51 162
52 168
53 174
54 180
55 186
56 192
57 198
58 204
59 210
60 217
61 224
62 231
63 238
64 245
65 252
66 259
67 266
68 273
69 280
70 288
71 296
72 304
73 312
74 320
75 328
76 336
77 344
78 352
79 360
80 369
81 378
82 387
83 396
84 405
85 414
86 423
87 432
88 441
89 450
90 460
91 470
92 480
93 490
94 500
95 510
96 520
97 530
98 540
99 550
100 561
101 572
102 583
103 594
104 605
105 616
106 627
107 638
108 649
109 660
110 672
111 684
112 696
113 708
114 720
115 732
116 744
117 756
118 768
119 780
120 793
121 806
122 819
123 832
124 845
125 858
126 871
127 884
128 897
129 910
130 924
131 938
132 952
133 966
134 980
135 994
136 1008
137 1022
138 1036
139 1050
140 1065
141 1080
142 1095
143 1110
144 1125
145 1140
146 1155
147 1170
148 1185
149 1200
150 1216
151 1232
152 1248
153 1264
154 1280
155 1296
156 1312
157 1328
158 1344
159 1360
160 1377
161 1394
162 1411
163 1428
164 1445
165 1462
166 1479
167 1496
168 1513
169 1530
170 1548
171 1566
172 1584
173 1602
174 1620
175 1638
176 1656
177 1674
178 1692
179 1710
180 1729
181 1748
182 1767
183 1786
184 1805
185 1824
186 1843
187 1862
188 1881
189 1900
190 1920
191 1940
192 1960
193 1980
194 2000
195 2020
196 2040
197 2060
198 2080
199 2100
200 2121
201 2142
202 2163
203 2184
204 2205
205 2226
206 2247
207 2268
208 2289
209 2310
210 2332
211 2354
212 2376
213 2398
214 2420
215 2442
216 2464
217 2486
218 2508
219 2530
220 2553
221 2576
222 2599
223 2622
224 2645
225 2668
226 2691
227 2714
228 2737
229 2760
230 2784
231 2808
232 2832
233 2856
234 2880
235 2904
236 2928
237 2952
238 2976
239 3000
240 3025
241 3050
242 3075
243 3100
244 3125
245 3150
246 3175
247 3200
248 3225
249 3250
250 3276
251 3302
252 3328
253 3354
254 3380
255 3406
256 3432
257 3458
258 3484
259 3510
260 3537
261 3564
262 3591
263 3618
264 3645
265 3672
266 3699
267 3726
268 3753
269 3780
270 3808
271 3836
272 3864
273 3892
274 3920
275 3948
276 3976
277 4004
278 4032
279 4060
280 4089
281 4118
282 4147
283 4176
284 4205
285 4234
286 4263
287 4292
288 4321
289 4350
290 4380
291 4410
292 4440
293 4470
294 4500
295 4530
296 4560
297 4590
298 4620
299 4650
300 4681
301 4712
302 4743
303 4774
304 4805
305 4836
306 4867
307 4898
308 4929
309 4960
310 4992
311 5024
312 5056
313 5088
314 5120
315 5152
316 5184
317 5216
318 5248
319 5280
320 5313
321 5346
322 5379
323 5412
324 5445
325 5478
326 5511
327 5544
328 5577
329 5610
330 5644
331 5678
332 5712
333 5746
334 5780
335 5814
336 5848
337 5882
338 5916
339 5950
340 5985
341 6020
342 6055
343 6090
344 6125
345 6160
346 6195
347 6230
348 6265
349 6300
350 6336
351 6372
352 6408
353 6444
354 6480
355 6516
356 6552
357 6588
358 6624
359 6660
360 6697
361 6734
362 6771
363 6808
364 6845
365 6882
366 6919
367 6956
368 6993
369 7030
370 7068
371 7106
372 7144
373 7182
374 7220
375 7258
376 7296
377 7334
378 7372
379 7410
380 7449
381 7488
382 7527
383 7566
384 7605
385 7644
386 7683
387 7722
388 7761
389 7800
390 7840
391 7880
392 7920
393 7960
394 8000
395 8040
396 8080
397 8120
398 8160
399 8200
400 8241
401 8282
402 8323
403 8364
404 8405
405 8446
406 8487
407 8528
408 8569
409 8610
410 8652
411 8694
412 8736
413 8778
414 8820
415 8862
416 8904
417 8946
418 8988
419 9030
420 9073
421 9116
422 9159
423 9202
424 9245
425 9288
426 9331
427 9374
428 9417
429 9460
430 9504
431 9548
432 9592
433 9636
434 9680
435 9724
436 9768
437 9812
438 9856
439 9900
440 9945
441 9990
442 10035
443 10080
444 10125
445 10170
446 10215
447 10260
448 10305
449 10350
450 10396
451 10442
452 10488
453 10534
454 10580
455 10626
456 10672
457 10718
458 10764
459 10810
460 10857
461 10904
462 10951
463 10998
464 11045
465 11092
466 11139
467 11186
468 11233
469 11280
470 11328
471 11376
472 11424
473 11472
474 11520
475 11568
476 11616
477 11664
478 11712
479 11760
480 11809
481 11858
482 11907
483 11956
484 12005
485 12054
486 12103
487 12152
488 12201
489 12250
490 12300
491 12350
492 12400
493 12450
494 12500
495 12550
496 12600
497 12650
498 12700
499 12750
500 12801
501 12852
502 12903
503 12954
504 13005
505 13056
506 13107
507 13158
508 13209
509 13260
510 13312
511 13364
512 13416
513 13468
514 13520
515 13572
516 13624
517 13676
518 13728
519 13780
520 13833
521 13886
522 13939
523 13992
524 14045
525 14098
526 14151
527 14204
528 14257
529 14310
530 14364
531 14418
532 14472
533 14526
534 14580
535 14634
536 14688
537 14742
538 14796
539 14850
540 14905
541 14960
542 15015
543 15070
544 15125
545 15180
546 15235
547 15290
548 15345
549 15400
550 15456
551 15512
552 15568
553 15624
554 15680
555 15736
556 15792
557 15848
558 15904
559 15960
560 16017
561 16074
562 16131
563 16188
564 16245
565 16302
566 16359
567 16416
568 16473
569 16530
570 16588
571 16646
572 16704
573 16762
574 16820
575 16878
576 16936
577 16994
578 17052
579 17110
580 17169
581 17228
582 17287
583 17346
584 17405
585 17464
586 17523
587 17582
588 17641
589 17700
590 17760
591 17820
592 17880
593 17940
594 18000
595 18060
596 18120
597 18180
598 18240
599 18300
600 18361
601 18422
602 18483
603 18544
604 18605
605 18666
606 18727
607 18788
608 18849
609 18910
610 18972
611 19034
612 19096
613 19158
614 19220
615 19282
616 19344
617 19406
618 19468
619 19530
620 19593
621 19656
622 19719
623 19782
624 19845
625 19908
626 19971
627 20034
628 20097
629 20160
630 20224
631 20288
632 20352
633 20416
634 20480
635 20544
636 20608
637 20672
638 20736
639 20800
640 20865
641 20930
642 20995
643 21060
644 21125
645 21190
646 21255
647 21320
648 21385
649 21450
650 21516
651 21582
652 21648
653 21714
654 21780
655 21846
656 21912
657 21978
658 22044
659 22110
660 22177
661 22244
662 22311
663 22378
664 22445
665 22512
666 22579
667 22646
668 22713
669 22780
670 22848
671 22916
672 22984
673 23052
674 23120
675 23188
676 23256
677 23324
678 23392
679 23460
680 23529
681 23598
682 23667
683 23736
684 23805
685 23874
686 23943
687 24012
688 24081
689 24150
690 24220
691 24290
692 24360
693 24430
694 24500
695 24570
696 24640
697 24710
698 24780
699 24850
700 24921
701 24992
702 25063
703 25134
704 25205
705 25276
706 25347
707 25418
708 25489
709 25560
710 25632
711 25704
712 25776
713 25848
714 25920
715 25992
716 26064
717 26136
718 26208
719 26280
720 26353
721 26426
722 26499
723 26572
724 26645
725 26718
726 26791
727 26864
728 26937
729 27010
730 27084
731 27158
732 27232
733 27306
734 27380
735 27454
736 27528
737 27602
738 27676
739 27750
740 27825
741 27900
742 27975
743 28050
744 28125
745 28200
746 28275
747 28350
748 28425
749 28500
750 28576
751 28652
752 28728
753 28804
754 28880
755 28956
756 29032
757 29108
758 29184
759 29260
760 29337
761 29414
762 29491
763 29568
764 29645
765 29722
766 29799
767 29876
768 29953
769 30030
770 30108
771 30186
772 30264
773 30342
774 30420
775 30498
776 30576
777 30654
778 30732
779 30810
780 30889
781 30968
782 31047
783 31126
784 31205
785 31284
786 31363
787 31442
788 31521
789 31600
790 31680
791 31760
792 31840
793 31920
794 32000
795 32080
796 32160
797 32240
798 32320
799 32400
800 32481
801 32562
802 32643
803 32724
804 32805
805 32886
806 32967
807 33048
808 33129
809 33210
810 33292
811 33374
812 33456
813 33538
814 33620
815 33702
816 33784
817 33866
818 33948
819 34030
820 34113
821 34196
822 34279
823 34362
824 34445
825 34528
826 34611
827 34694
828 34777
829 34860
830 34944
831 35028
832 35112
833 35196
834 35280
835 35364
836 35448
837 35532
838 35616
839 35700
840 35785
841 35870
842 35955
843 36040
844 36125
845 36210
846 36295
847 36380
848 36465
849 36550
850 36636
851 36722
852 36808
853 36894
854 36980
855 37066
856 37152
857 37238
858 37324
859 37410
860 37497
861 37584
862 37671
863 37758
864 37845
865 37932
866 38019
867 38106
868 38193
869 38280
870 38368
871 38456
872 38544
873 38632
874 38720
875 38808
876 38896
877 38984
878 39072
879 39160
880 39249
881 39338
882 39427
883 39516
884 39605
885 39694
886 39783
887 39872
888 39961
889 40050
890 40140
891 40230
892 40320
893 40410
894 40500
895 40590
896 40680
897 40770
898 40860
899 40950
900 41041
901 41132
902 41223
903 41314
904 41405
905 41496
906 41587
907 41678
908 41769
909 41860
910 41952
911 42044
912 42136
913 42228
914 42320
915 42412
916 42504
917 42596
918 42688
919 42780
920 42873
921 42966
922 43059
923 43152
924 43245
925 43338
926 43431
927 43524
928 43617
929 43710
930 43804
931 43898
932 43992
933 44086
934 44180
935 44274
936 44368
937 44462
938 44556
939 44650
940 44745
941 44840
942 44935
943 45030
944 45125
945 45220
946 45315
947 45410
948 45505
949 45600
950 45696
951 45792
952 45888
953 45984
954 46080
955 46176
956 46272
957 46368
958 46464
959 46560
960 46657
961 46754
962 46851
963 46948
964 47045
965 47142
966 47239
967 47336
968 47433
969 47530
970 47628
971 47726
972 47824
973 47922
974 48020
975 48118
976 48216
977 48314
978 48412
979 48510
980 48609
981 48708
982 48807
983 48906
984 49005
985 49104
986 49203
987 49302
988 49401
989 49500
990 49600
991 49700
992 49800
993 49900
994 50000
995 50100
996 50200
997 50300
998 50400
999 50500
1000 50601
