0 0
1 18
2 30
3 42
4 54
5 66
6 78
7 90
8 102
9 114
10 126
11 138
12 150
13 162
14 174
15 186
16 198
17 210
18 222
19 234
20 246
21 258
22 270
23 282
24 294
25 306
26 318
27 330
28 342
29 354
30 366
31 378
32 390
33 402
34 414
35 426
36 438
37 450
38 462
39 474
40 486
41 498
42 510
43 522
44 534
45 546
46 558
47 570
48 582
49 594
50 606
51 618
52 630
53 642
54 654
55 666
56 678
57 690
58 702
59 714
60 726
61 738
62 750
63 762
64 774
65 786
66 798
67 810
68 822
69 834
70 846
71 858
72 870
73 882
74 894
75 906
76 918
77 930
78 942
79 954
80 966
81 978
82 990
83 1002
84 1014
85 1026
86 1038
87 1050
88 1062
89 1074
90 1086
91 1098
92 1110
93 1122
94 1134
95 1146
96 1158
97 1170
98 1182
99 1194
100 1206
101 1218
102 1230
103 1242
104 1254
105 1266
106 1278
107 1290
108 1302
109 1314
110 1326
111 1338
112 1350
113 1362
114 1374
115 1386
116 1398
117 1410
118 1422
119 1434
120 1446
121 1458
122 1470
123 1482
124 1494
125 1506
126 1518
127 1530
128 1542
129 1554
130 1566
131 1578
132 1590
133 1602
134 1614
135 1626
136 1638
137 1650
138 1662
139 1674
140 1686
141 1698
142 1710
143 1722
144 1734
145 1746
146 1758
147 1770
148 1782
149 1794
150 1806
151 1818
152 1830
153 1842
154 1854
155 1866
156 1878
157 1890
158 1902
159 1914
160 1926
161 1938
162 1950
163 1962
164 1974
165 1986
166 1998
167 2010
168 2022
169 2034
170 2046
171 2058
172 2070
173 2082
174 2094
175 2106
176 2118
177 2130
178 2142
179 2154
180 2166
181 2178
182 2190
183 2202
184 2214
185 2226
186 2238
187 2250
188 2262
189 2274
190 2286
191 2298
192 2310
193 2322
194 2334
195 2346
196 2358
197 2370
198 2382
199 2394
200 2406
201 2418
202 2430
203 2442
204 2454
205 2466
206 2478
207 2490
208 2502
209 2514
210 2526
211 2538
212 2550
213 2562
214 2574
215 2586
216 2598
217 2610
218 2622
219 2634
220 2646
221 2658
222 2670
223 2682
224 2694
225 2706
226 2718
227 2730
228 2742
229 2754
230 2766
231 2778
232 2790
233 2802
234 2814
235 2826
236 2838
237 2850
238 2862
239 2874
240 2886
241 2898
242 2910
243 2922
244 2934
245 2946
246 2958
247 2970
248 2982
249 2994
250 3006
251 3018
252 3030
253 3042
254 3054
255 3066
256 3078
257 3090
258 3102
259 3114
260 3126
261 3138
262 3150
263 3162
264 3174
265 3186
266 3198
267 3210
268 3222
269 3234
270 3246
271 3258
272 3270
273 3282
274 3294
275 3306
276 3318
277 3330
278 3342
279 3354
280 3366
281 3378
282 3390
283 3402
284 3414
285 3426
286 3438
287 3450
288 3462
289 3474
290 3486
291 3498
292 3510
293 3522
294 3534
295 3546
296 3558
297 3570
298 3582
299 3594
300 3606
301 3618
302 3630
303 3642
304 3654
305 3666
306 3678
307 3690
308 3702
309 3714
310 3726
311 3738
312 3750
313 3762
314 3774
315 3786
316 3798
317 3810
318 3822
319 3834
320 3846
321 3858
322 3870
323 3882
324 3894
325 3906
326 3918
327 3930
328 3942
329 3954
330 3966
331 3978
332 3990
333 4002
334 4014
335 4026
336 4038
337 4050
338 4062
339 4074
340 4086
341 4098
342 4110
343 4122
344 4134
345 4146
346 4158
347 4170
348 4182
349 4194
350 4206
351 4218
352 4230
353 4242
354 4254
355 4266
356 4278
357 4290
358 4302
359 4314
360 4326
361 4338
362 4350
363 4362
364 4374
365 4386
366 4398
367 4410
368 4422
369 4434
370 4446
371 4458
372 4470
373 4482
374 4494
375 4506
376 4518
377 4530
378 4542
379 4554
380 4566
381 4578
382 4590
383 4602
384 4614
385 4626
386 4638
387 4650
388 4662
389 4674
390 4686
391 4698
392 4710
393 4722
394 4734
395 4746
396 4758
397 4770
398 4782
399 4794
400 4806
401 4818
402 4830
403 4842
404 4854
405 4866
406 4878
407 4890
408 4902
409 4914
410 4926
411 4938
412 4950
413 4962
414 4974
415 4986
416 4998
417 5010
418 5022
419 5034
420 5046
421 5058
422 5070
423 5082
424 5094
425 5106
426 5118
427 5130
428 5142
429 5154
430 5166
431 5178
432 5190
433 5202
434 5214
435 5226
436 5238
437 5250
438 5262
439 5274
440 5286
441 5298
442 5310
443 5322
444 5334
445 5346
446 5358
447 5370
448 5382
449 5394
450 5406
451 5418
452 5430
453 5442
454 5454
455 5466
456 5478
457 5490
458 5502
459 5514
460 5526
461 5538
462 5550
463 5562
464 5574
465 5586
466 5598
467 5610
468 5622
469 5634
470 5646
471 5658
472 5670
473 5682
474 5694
475 5706
476 5718
477 5730
478 5742
479 5754
480 5766
481 5778
482 5790
483 5802
484 5814
485 5826
486 5838
487 5850
488 5862
489 5874
490 5886
491 5898
492 5910
493 5922
494 5934
495 5946
496 5958
497 5970
498 5982
499 5994
500 6006
501 6018
502 6030
503 6042
504 6054
505 6066
506 6078
507 6090
508 6102
509 6114
510 6126
511 6138
512 6150
513 6162
514 6174
515 6186
516 6198
517 6210
518 6222
519 6234
520 6246
521 6258
522 6270
523 6282
524 6294
525 6306
526 6318
527 6330
528 6342
529 6354
530 6366
531 6378
532 6390
533 6402
534 6414
535 6426
536 6438
537 6450
538 6462
539 6474
540 6486
541 6498
542 6510
543 6522
544 6534
545 6546
546 6558
547 6570
548 6582
549 6594
550 6606
551 6618
552 6630
553 6642
554 6654
555 6666
556 6678
557 6690
558 6702
559 6714
560 6726
561 6738
562 6750
563 6762
564 6774
565 6786
566 6798
567 6810
568 6822
569 6834
570 6846
571 6858
572 6870
573 6882
574 6894
575 6906
576 6918
577 6930
578 6942
579 6954
580 6966
581 6978
582 6990
583 7002
584 7014
585 7026
586 7038
587 7050
588 7062
589 7074
590 7086
591 7098
592 7110
593 7122
594 7134
595 7146
596 7158
597 7170
598 7182
599 7194
600 7206
601 7218
602 7230
603 7242
604 7254
605 7266
606 7278
607 7290
608 7302
609 7314
610 7326
611 7338
612 7350
613 7362
614 7374
615 7386
616 7398
617 7410
618 7422
619 7434
620 7446
621 7458
622 7470
623 7482
624 7494
625 7506
626 7518
627 7530
628 7542
629 7554
630 7566
631 7578
632 7590
633 7602
634 7614
635 7626
636 7638
637 7650
638 7662
639 7674
640 7686
641 7698
642 7710
643 7722
644 7734
645 7746
646 7758
647 7770
648 7782
649 7794
650 7806
651 7818
652 7830
653 7842
654 7854
655 7866
656 7878
657 7890
658 7902
659 7914
660 7926
661 7938
662 7950
663 7962
664 7974
665 7986
666 7998
667 8010
668 8022
669 8034
670 8046
671 8058
672 8070
673 8082
674 8094
675 8106
676 8118
677 8130
678 8142
679 8154
680 8166
681 8178
682 8190
683 8202
684 8214
685 8226
686 8238
687 8250
688 8262
689 8274
690 8286
691 8298
692 8310
693 8322
694 8334
695 8346
696 8358
697 8370
698 8382
699 8394
700 8406
701 8418
702 8430
703 8442
704 8454
705 8466
706 8478
707 8490
708 8502
709 8514
710 8526
711 8538
712 8550
713 8562
714 8574
715 8586
716 8598
717 8610
718 8622
719 8634
720 8646
721 8658
722 8670
723 8682
724 8694
725 8706
726 8718
727 8730
728 8742
729 8754
730 8766
731 8778
732 8790
733 8802
734 8814
735 8826
736 8838
737 8850
738 8862
739 8874
740 8886
741 8898
742 8910
743 8922
744 8934
745 8946
746 8958
747 8970
748 8982
749 8994
750 9006
751 9018
752 9030
753 9042
754 9054
755 9066
756 9078
757 9090
758 9102
759 9114
760 9126
761 9138
762 9150
763 9162
764 9174
765 9186
766 9198
767 9210
768 9222
769 9234
770 9246
771 9258
772 9270
773 9282
774 9294
775 9306
776 9318
777 9330
778 9342
779 9354
780 9366
781 9378
782 9390
783 9402
784 9414
785 9426
786 9438
787 9450
788 9462
789 9474
790 9486
791 9498
792 9510
793 9522
794 9534
795 9546
796 9558
797 9570
798 9582
799 9594
800 9606
801 9618
802 9630
803 9642
804 9654
805 9666
806 9678
807 9690
808 9702
809 9714
810 9726
811 9738
812 9750
813 9762
814 9774
815 9786
816 9798
817 9810
818 9822
819 9834
820 9846
821 9858
822 9870
823 9882
824 9894
825 9906
826 9918
827 9930
828 9942
829 9954
830 9966
831 9978
832 9990
833 10002
834 10014
835 10026
836 10038
837 10050
838 10062
839 10074
840 10086
841 10098
842 10110
843 10122
844 10134
845 10146
846 10158
847 10170
848 10182
849 10194
850 10206
851 10218
852 10230
853 10242
854 10254
855 10266
856 10278
857 10290
858 10302
859 10314
860 10326
861 10338
862 10350
863 10362
864 10374
865 10386
866 10398
867 10410
868 10422
869 10434
870 10446
871 10458
872 10470
873 10482
874 10494
875 10506
876 10518
877 10530
878 10542
879 10554
880 10566
881 10578
882 10590
883 10602
884 10614
885 10626
886 10638
887 10650
888 10662
889 10674
890 10686
891 10698
892 10710
893 10722
894 10734
895 10746
896 10758
897 10770
898 10782
899 10794
900 10806
901 10818
902 10830
903 10842
904 10854
905 10866
906 10878
907 10890
908 10902
909 10914
910 10926
911 10938
912 10950
913 10962
914 10974
915 10986
916 10998
917 11010
918 11022
919 11034
920 11046
921 11058
922 11070
923 11082
924 11094
925 11106
926 11118
927 11130
928 11142
929 11154
930 11166
931 11178
932 11190
933 11202
934 11214
935 11226
936 11238
937 11250
938 11262
939 11274
940 11286
941 11298
942 11310
943 11322
944 11334
945 11346
946 11358
947 11370
948 11382
949 11394
950 11406
951 11418
952 11430
953 11442
954 11454
955 11466
956 11478
957 11490
958 11502
959 11514
960 11526
961 11538
962 11550
963 11562
964 11574
965 11586
966 11598
967 11610
968 11622
969 11634
970 11646
971 11658
972 11670
973 11682
974 11694
975 11706
976 11718
977 11730
978 11742
979 11754
980 11766
981 11778
982 11790
983 11802
984 11814
985 11826
986 11838
987 11850
988 11862
989 11874
990 11886
991 11898
992 11910
993 11922
994 11934
995 11946
996 11958
997 11970
998 11982
999 11994
1000 12006
