0 1
1 0
2 0
3 0
4 0
5 1
6 0
7 0
8 0
9 0
10 2
11 0
12 0
13 0
14 0
15 2
16 0
17 0
18 0
19 0
20 4
21 0
22 0
23 0
24 0
25 4
26 0
27 0
28 0
29 0
30 6
31 0
32 0
33 0
34 0
35 6
36 0
37 0
38 0
39 0
40 9
41 0
42 0
43 0
44 0
45 9
46 0
47 0
48 0
49 0
50 13
51 0
52 0
53 0
54 0
55 13
56 0
57 0
58 0
59 0
60 18
61 0
62 0
63 0
64 0
65 18
66 0
67 0
68 0
69 0
70 24
71 0
72 0
73 0
74 0
75 24
76 0
77 0
78 0
79 0
80 31
81 0
82 0
83 0
84 0
85 31
86 0
87 0
88 0
89 0
90 39
91 0
92 0
93 0
94 0
95 39
96 0
97 0
98 0
99 0
100 50
101 0
102 0
103 0
104 0
105 50
106 0
107 0
108 0
109 0
110 62
111 0
112 0
113 0
114 0
115 62
116 0
117 0
118 0
119 0
120 77
121 0
122 0
123 0
124 0
125 77
126 0
127 0
128 0
129 0
130 93
131 0
132 0
133 0
134 0
135 93
136 0
137 0
138 0
139 0
140 112
141 0
142 0
143 0
144 0
145 112
146 0
147 0
148 0
149 0
150 134
151 0
152 0
153 0
154 0
155 134
156 0
157 0
158 0
159 0
160 159
161 0
162 0
163 0
164 0
165 159
166 0
167 0
168 0
169 0
170 187
171 0
172 0
173 0
174 0
175 187
176 0
177 0
178 0
179 0
180 218
181 0
182 0
183 0
184 0
185 218
186 0
187 0
188 0
189 0
190 252
191 0
192 0
193 0
194 0
195 252
196 0
197 0
198 0
199 0
200 292
201 0
202 0
203 0
204 0
205 292
206 0
207 0
208 0
209 0
210 335
211 0
212 0
213 0
214 0
215 335
216 0
217 0
218 0
219 0
220 384
221 0
222 0
223 0
224 0
225 384
226 0
227 0
228 0
229 0
230 436
231 0
232 0
233 0
234 0
235 436
236 0
237 0
238 0
239 0
240 494
241 0
242 0
243 0
244 0
245 494
246 0
247 0
248 0
249 0
250 558
251 0
252 0
253 0
254 0
255 558
256 0
257 0
258 0
259 0
260 628
261 0
262 0
263 0
264 0
265 628
266 0
267 0
268 0
269 0
270 704
271 0
272 0
273 0
274 0
275 704
276 0
277 0
278 0
279 0
280 786
281 0
282 0
283 0
284 0
285 786
286 0
287 0
288 0
289 0
290 874
291 0
292 0
293 0
294 0
295 874
296 0
297 0
298 0
299 0
300 972
301 0
302 0
303 0
304 0
305 972
306 0
307 0
308 0
309 0
310 1076
311 0
312 0
313 0
314 0
315 1076
316 0
317 0
318 0
319 0
320 1190
321 0
322 0
323 0
324 0
325 1190
326 0
327 0
328 0
329 0
330 1310
331 0
332 0
333 0
334 0
335 1310
336 0
337 0
338 0
339 0
340 1440
341 0
342 0
343 0
344 0
345 1440
346 0
347 0
348 0
349 0
350 1580
351 0
352 0
353 0
354 0
355 1580
356 0
357 0
358 0
359 0
360 1730
361 0
362 0
363 0
364 0
365 1730
366 0
367 0
368 0
369 0
370 1890
371 0
372 0
373 0
374 0
375 1890
376 0
377 0
378 0
379 0
380 2060
381 0
382 0
383 0
384 0
385 2060
386 0
387 0
388 0
389 0
390 2240
391 0
392 0
393 0
394 0
395 2240
396 0
397 0
398 0
399 0
400 2435
401 0
402 0
403 0
404 0
405 2435
406 0
407 0
408 0
409 0
410 2640
411 0
412 0
413 0
414 0
415 2640
416 0
417 0
418 0
419 0
420 2860
421 0
422 0
423 0
424 0
425 2860
426 0
427 0
428 0
429 0
430 3090
431 0
432 0
433 0
434 0
435 3090
436 0
437 0
438 0
439 0
440 3335
441 0
442 0
443 0
444 0
445 3335
446 0
447 0
448 0
449 0
450 3595
451 0
452 0
453 0
454 0
455 3595
456 0
457 0
458 0
459 0
460 3870
461 0
462 0
463 0
464 0
465 3870
466 0
467 0
468 0
469 0
470 4160
471 0
472 0
473 0
474 0
475 4160
476 0
477 0
478 0
479 0
480 4465
481 0
482 0
483 0
484 0
485 4465
486 0
487 0
488 0
489 0
490 4785
491 0
492 0
493 0
494 0
495 4785
496 0
497 0
498 0
499 0
500 5126
501 0
502 0
503 0
504 0
505 5126
506 0
507 0
508 0
509 0
510 5482
511 0
512 0
513 0
514 0
515 5482
516 0
517 0
518 0
519 0
520 5859
521 0
522 0
523 0
524 0
525 5859
526 0
527 0
528 0
529 0
530 6251
531 0
532 0
533 0
534 0
535 6251
536 0
537 0
538 0
539 0
540 6664
541 0
542 0
543 0
544 0
545 6664
546 0
547 0
548 0
549 0
550 7098
551 0
552 0
553 0
554 0
555 7098
556 0
557 0
558 0
559 0
560 7553
561 0
562 0
563 0
564 0
565 7553
566 0
567 0
568 0
569 0
570 8029
571 0
572 0
573 0
574 0
575 8029
576 0
577 0
578 0
579 0
580 8526
581 0
582 0
583 0
584 0
585 8526
586 0
587 0
588 0
589 0
590 9044
591 0
592 0
593 0
594 0
595 9044
596 0
597 0
598 0
599 0
600 9590
601 0
602 0
603 0
604 0
605 9590
606 0
607 0
608 0
609 0
610 10157
611 0
612 0
613 0
614 0
615 10157
616 0
617 0
618 0
619 0
620 10752
621 0
622 0
623 0
624 0
625 10752
626 0
627 0
628 0
629 0
630 11368
631 0
632 0
633 0
634 0
635 11368
636 0
637 0
638 0
639 0
640 12012
641 0
642 0
643 0
644 0
645 12012
646 0
647 0
648 0
649 0
650 12684
651 0
652 0
653 0
654 0
655 12684
656 0
657 0
658 0
659 0
660 13384
661 0
662 0
663 0
664 0
665 13384
666 0
667 0
668 0
669 0
670 14112
671 0
672 0
673 0
674 0
675 14112
676 0
677 0
678 0
679 0
680 14868
681 0
682 0
683 0
684 0
685 14868
686 0
687 0
688 0
689 0
690 15652
691 0
692 0
693 0
694 0
695 15652
696 0
697 0
698 0
699 0
700 16472
701 0
702 0
703 0
704 0
705 16472
706 0
707 0
708 0
709 0
710 17320
711 0
712 0
713 0
714 0
715 17320
716 0
717 0
718 0
719 0
720 18204
721 0
722 0
723 0
724 0
725 18204
726 0
727 0
728 0
729 0
730 19116
731 0
732 0
733 0
734 0
735 19116
736 0
737 0
738 0
739 0
740 20064
741 0
742 0
743 0
744 0
745 20064
746 0
747 0
748 0
749 0
750 21048
751 0
752 0
753 0
754 0
755 21048
756 0
757 0
758 0
759 0
760 22068
761 0
762 0
763 0
764 0
765 22068
766 0
767 0
768 0
769 0
770 23124
771 0
772 0
773 0
774 0
775 23124
776 0
777 0
778 0
779 0
780 24216
781 0
782 0
783 0
784 0
785 24216
786 0
787 0
788 0
789 0
790 25344
791 0
792 0
793 0
794 0
795 25344
796 0
797 0
798 0
799 0
800 26517
801 0
802 0
803 0
804 0
805 26517
806 0
807 0
808 0
809 0
810 27726
811 0
812 0
813 0
814 0
815 27726
816 0
817 0
818 0
819 0
820 28980
821 0
822 0
823 0
824 0
825 28980
826 0
827 0
828 0
829 0
830 30270
831 0
832 0
833 0
834 0
835 30270
836 0
837 0
838 0
839 0
840 31605
841 0
842 0
843 0
844 0
845 31605
846 0
847 0
848 0
849 0
850 32985
851 0
852 0
853 0
854 0
855 32985
856 0
857 0
858 0
859 0
860 34410
861 0
862 0
863 0
864 0
865 34410
866 0
867 0
868 0
869 0
870 35880
871 0
872 0
873 0
874 0
875 35880
876 0
877 0
878 0
879 0
880 37395
881 0
882 0
883 0
884 0
885 37395
886 0
887 0
888 0
889 0
890 38955
891 0
892 0
893 0
894 0
895 38955
896 0
897 0
898 0
899 0
900 40570
901 0
902 0
903 0
904 0
905 40570
906 0
907 0
908 0
909 0
910 42230
911 0
912 0
913 0
914 0
915 42230
916 0
917 0
918 0
919 0
920 43945
921 0
922 0
923 0
924 0
925 43945
926 0
927 0
928 0
929 0
930 45705
931 0
932 0
933 0
934 0
935 45705
936 0
937 0
938 0
939 0
940 47520
941 0
942 0
943 0
944 0
945 47520
946 0
947 0
948 0
949 0
950 49390
951 0
952 0
953 0
954 0
955 49390
956 0
957 0
958 0
959 0
960 51315
961 0
962 0
963 0
964 0
965 51315
966 0
967 0
968 0
969 0
970 53295
971 0
972 0
973 0
974 0
975 53295
976 0
977 0
978 0
979 0
980 55330
981 0
982 0
983 0
984 0
985 55330
986 0
987 0
988 0
989 0
990 57420
991 0
992 0
993 0
994 0
995 57420
996 0
997 0
998 0
999 0
1000 59576
