0 1
1 2
2 3
3 4
4 5
5 6
6 7
7 8
8 10
9 12
10 14
11 16
12 18
13 20
14 22
15 24
16 27
17 30
18 33
19 36
20 39
21 42
22 45
23 48
24 52
25 56
26 60
27 64
28 68
29 72
30 76
31 80
32 85
33 90
34 95
35 100
36 105
37 110
38 115
39 120
40 126
41 132
42 138
43 144
44 150
45 156
46 162
47 168
48 175
49 182
50 189
51 196
52 203
53 210
54 217
55 224
56 232
57 240
58 248
59 256
60 264
61 272
62 280
63 288
64 297
65 306
66 315
67 324
68 333
69 342
70 351
71 360
72 370
73 380
74 390
75 400
76 410
77 420
78 430
79 440
80 451
81 462
82 473
83 484
84 495
85 506
86 517
87 528
88 540
89 552
90 564
91 576
92 588
93 600
94 612
95 624
96 637
97 650
98 663
99 676
100 689
101 702
102 715
103 728
104 742
105 756
106 770
107 784
108 798
109 812
110 826
111 840
112 855
113 870
114 885
115 900
116 915
117 930
118 945
119 960
120 976
121 992
122 1008
123 1024
124 1040
125 1056
126 1072
127 1088
128 1105
129 1122
130 1139
131 1156
132 1173
133 1190
134 1207
135 1224
136 1242
137 1260
138 1278
139 1296
140 1314
141 1332
142 1350
143 1368
144 1387
145 1406
146 1425
147 1444
148 1463
149 1482
150 1501
151 1520
152 1540
153 1560
154 1580
155 1600
156 1620
157 1640
158 1660
159 1680
160 1701
161 1722
162 1743
163 1764
164 1785
165 1806
166 1827
167 1848
168 1870
169 1892
170 1914
171 1936
172 1958
173 1980
174 2002
175 2024
176 2047
177 2070
178 2093
179 2116
180 2139
181 2162
182 2185
183 2208
184 2232
185 2256
186 2280
187 2304
188 2328
189 2352
190 2376
191 2400
192 2425
193 2450
194 2475
195 2500
196 2525
197 2550
198 2575
199 2600
200 2626
201 2652
202 2678
203 2704
204 2730
205 2756
206 2782
207 2808
208 2835
209 2862
210 2889
211 2916
212 2943
213 2970
214 2997
215 3024
216 3052
217 3080
218 3108
219 3136
220 3164
221 3192
222 3220
223 3248
224 3277
225 3306
226 3335
227 3364
228 3393
229 3422
230 3451
231 3480
232 3510
233 3540
234 3570
235 3600
236 3630
237 3660
238 3690
239 3720
240 3751
241 3782
242 3813
243 3844
244 3875
245 3906
246 3937
247 3968
248 4000
249 4032
250 4064
251 4096
252 4128
253 4160
254 4192
255 4224
256 4257
257 4290
258 4323
259 4356
260 4389
261 4422
262 4455
263 4488
264 4522
265 4556
266 4590
267 4624
268 4658
269 4692
270 4726
271 4760
272 4795
273 4830
274 4865
275 4900
276 4935
277 4970
278 5005
279 5040
280 5076
281 5112
282 5148
283 5184
284 5220
285 5256
286 5292
287 5328
288 5365
289 5402
290 5439
291 5476
292 5513
293 5550
294 5587
295 5624
296 5662
297 5700
298 5738
299 5776
300 5814
301 5852
302 5890
303 5928
304 5967
305 6006
306 6045
307 6084
308 6123
309 6162
310 6201
311 6240
312 6280
313 6320
314 6360
315 6400
316 6440
317 6480
318 6520
319 6560
320 6601
321 6642
322 6683
323 6724
324 6765
325 6806
326 6847
327 6888
328 6930
329 6972
330 7014
331 7056
332 7098
333 7140
334 7182
335 7224
336 7267
337 7310
338 7353
339 7396
340 7439
341 7482
342 7525
343 7568
344 7612
345 7656
346 7700
347 7744
348 7788
349 7832
350 7876
351 7920
352 7965
353 8010
354 8055
355 8100
356 8145
357 8190
358 8235
359 8280
360 8326
361 8372
362 8418
363 8464
364 8510
365 8556
366 8602
367 8648
368 8695
369 8742
370 8789
371 8836
372 8883
373 8930
374 8977
375 9024
376 9072
377 9120
378 9168
379 9216
380 9264
381 9312
382 9360
383 9408
384 9457
385 9506
386 9555
387 9604
388 9653
389 9702
390 9751
391 9800
392 9850
393 9900
394 9950
395 10000
396 10050
397 10100
398 10150
399 10200
400 10251
401 10302
402 10353
403 10404
404 10455
405 10506
406 10557
407 10608
408 10660
409 10712
410 10764
411 10816
412 10868
413 10920
414 10972
415 11024
416 11077
417 11130
418 11183
419 11236
420 11289
421 11342
422 11395
423 11448
424 11502
425 11556
426 11610
427 11664
428 11718
429 11772
430 11826
431 11880
432 11935
433 11990
434 12045
435 12100
436 12155
437 12210
438 12265
439 12320
440 12376
441 12432
442 12488
443 12544
444 12600
445 12656
446 12712
447 12768
448 12825
449 12882
450 12939
451 12996
452 13053
453 13110
454 13167
455 13224
456 13282
457 13340
458 13398
459 13456
460 13514
461 13572
462 13630
463 13688
464 13747
465 13806
466 13865
467 13924
468 13983
469 14042
470 14101
471 14160
472 14220
473 14280
474 14340
475 14400
476 14460
477 14520
478 14580
479 14640
480 14701
481 14762
482 14823
483 14884
484 14945
485 15006
486 15067
487 15128
488 15190
489 15252
490 15314
491 15376
492 15438
493 15500
494 15562
495 15624
496 15687
497 15750
498 15813
499 15876
500 15939
501 16002
502 16065
503 16128
504 16192
505 16256
506 16320
507 16384
508 16448
509 16512
510 16576
511 16640
512 16705
513 16770
514 16835
515 16900
516 16965
517 17030
518 17095
519 17160
520 17226
521 17292
522 17358
523 17424
524 17490
525 17556
526 17622
527 17688
528 17755
529 17822
530 17889
531 17956
532 18023
533 18090
534 18157
535 18224
536 18292
537 18360
538 18428
539 18496
540 18564
541 18632
542 18700
543 18768
544 18837
545 18906
546 18975
547 19044
548 19113
549 19182
550 19251
551 19320
552 19390
553 19460
554 19530
555 19600
556 19670
557 19740
558 19810
559 19880
560 19951
561 20022
562 20093
563 20164
564 20235
565 20306
566 20377
567 20448
568 20520
569 20592
570 20664
571 20736
572 20808
573 20880
574 20952
575 21024
576 21097
577 21170
578 21243
579 21316
580 21389
581 21462
582 21535
583 21608
584 21682
585 21756
586 21830
587 21904
588 21978
589 22052
590 22126
591 22200
592 22275
593 22350
594 22425
595 22500
596 22575
597 22650
598 22725
599 22800
600 22876
601 22952
602 23028
603 23104
604 23180
605 23256
606 23332
607 23408
608 23485
609 23562
610 23639
611 23716
612 23793
613 23870
614 23947
615 24024
616 24102
617 24180
618 24258
619 24336
620 24414
621 24492
622 24570
623 24648
624 24727
625 24806
626 24885
627 24964
628 25043
629 25122
630 25201
631 25280
632 25360
633 25440
634 25520
635 25600
636 25680
637 25760
638 25840
639 25920
640 26001
641 26082
642 26163
643 26244
644 26325
645 26406
646 26487
647 26568
648 26650
649 26732
650 26814
651 26896
652 26978
653 27060
654 27142
655 27224
656 27307
657 27390
658 27473
659 27556
660 27639
661 27722
662 27805
663 27888
664 27972
665 28056
666 28140
667 28224
668 28308
669 28392
670 28476
671 28560
672 28645
673 28730
674 28815
675 28900
676 28985
677 29070
678 29155
679 29240
680 29326
681 29412
682 29498
683 29584
684 29670
685 29756
686 29842
687 29928
688 30015
689 30102
690 30189
691 30276
692 30363
693 30450
694 30537
695 30624
696 30712
697 30800
698 30888
699 30976
700 31064
701 31152
702 31240
703 31328
704 31417
705 31506
706 31595
707 31684
708 31773
709 31862
710 31951
711 32040
712 32130
713 32220
714 32310
715 32400
716 32490
717 32580
718 32670
719 32760
720 32851
721 32942
722 33033
723 33124
724 33215
725 33306
726 33397
727 33488
728 33580
729 33672
730 33764
731 33856
732 33948
733 34040
734 34132
735 34224
736 34317
737 34410
738 34503
739 34596
740 34689
741 34782
742 34875
743 34968
744 35062
745 35156
746 35250
747 35344
748 35438
749 35532
750 35626
751 35720
752 35815
753 35910
754 36005
755 36100
756 36195
757 36290
758 36385
759 36480
760 36576
761 36672
762 36768
763 36864
764 36960
765 37056
766 37152
767 37248
768 37345
769 37442
770 37539
771 37636
772 37733
773 37830
774 37927
775 38024
776 38122
777 38220
778 38318
779 38416
780 38514
781 38612
782 38710
783 38808
784 38907
785 39006
786 39105
787 39204
788 39303
789 39402
790 39501
791 39600
792 39700
793 39800
794 39900
795 40000
796 40100
797 40200
798 40300
799 40400
800 40501
801 40602
802 40703
803 40804
804 40905
805 41006
806 41107
807 41208
808 41310
809 41412
810 41514
811 41616
812 41718
813 41820
814 41922
815 42024
816 42127
817 42230
818 42333
819 42436
820 42539
821 42642
822 42745
823 42848
824 42952
825 43056
826 43160
827 43264
828 43368
829 43472
830 43576
831 43680
832 43785
833 43890
834 43995
835 44100
836 44205
837 44310
838 44415
839 44520
840 44626
841 44732
842 44838
843 44944
844 45050
845 45156
846 45262
847 45368
848 45475
849 45582
850 45689
851 45796
852 45903
853 46010
854 46117
855 46224
856 46332
857 46440
858 46548
859 46656
860 46764
861 46872
862 46980
863 47088
864 47197
865 47306
866 47415
867 47524
868 47633
869 47742
870 47851
871 47960
872 48070
873 48180
874 48290
875 48400
876 48510
877 48620
878 48730
879 48840
880 48951
881 49062
882 49173
883 49284
884 49395
885 49506
886 49617
887 49728
888 49840
889 49952
890 50064
891 50176
892 50288
893 50400
894 50512
895 50624
896 50737
897 50850
898 50963
899 51076
900 51189
901 51302
902 51415
903 51528
904 51642
905 51756
906 51870
907 51984
908 52098
909 52212
910 52326
911 52440
912 52555
913 52670
914 52785
915 52900
916 53015
917 53130
918 53245
919 53360
920 53476
921 53592
922 53708
923 53824
924 53940
925 54056
926 54172
927 54288
928 54405
929 54522
930 54639
931 54756
932 54873
933 54990
934 55107
935 55224
936 55342
937 55460
938 55578
939 55696
940 55814
941 55932
942 56050
943 56168
944 56287
945 56406
946 56525
947 56644
948 56763
949 56882
950 57001
951 57120
952 57240
953 57360
954 57480
955 57600
956 57720
957 57840
958 57960
959 58080
960 58201
961 58322
962 58443
963 58564
964 58685
965 58806
966 58927
967 59048
968 59170
969 59292
970 59414
971 59536
972 59658
973 59780
974 59902
975 60024
976 60147
977 60270
978 60393
979 60516
980 60639
981 60762
982 60885
983 61008
984 61132
985 61256
986 61380
987 61504
988 61628
989 61752
990 61876
991 62000
992 62125
993 62250
994 62375
995 62500
996 62625
997 62750
998 62875
999 63000
1000 63126
