0 1
1 2
2 5
3 10
4 20
5 36
6 65
7 110
8 185
9 300
10 481
11 752
12 1165
13 1770
14 2665
15 3956
16 5822
17 8470
18 12230
19 17490
20 24842
21 35002
22 49010
23 68150
24 94235
25 129512
26 177087
27 240840
28 326015
29 439190
30 589128
31 786814
32 1046705
33 1386930
34 1831065
35 2408658
36 3157789
37 4126070
38 5374390
39 6978730
40 9035539
41 11664896
42 15018300
43 19283830
44 24697480
45 31551450
46 40210481
47 51124970
48 64854575
49 82088400
50 103679156
51 130673928
52 164363280
53 206327710
54 258508230
55 323275512
56 403531208
57 502810130
58 625425005
59 776616430
60 962759294
61 1191580872
62 1472454540
63 1816715170
64 2238075315
65 2753078840
66 3381689157
67 4147937540
68 5080752250
69 6214880700
70 7592053897
71 9262292216
72 11285536125
73 13733486100
74 16691879795
75 20263074134
76 24569214653
77 29755845120
78 35996306025
79 43496760380
80 52502280642
81 63303821602
82 76246618325
83 91739827630
84 110268082280
85 132404776664
86 158827920009
87 190338386210
88 227881604535
89 272572552460
90 325725355088
91 388887409310
92 463879670860
93 552843114270
94 658293423970
95 783184076176
96 930980399327
97 1105744993420
98 1312237775425
99 1556031348120
100 1843645820766
101 2182704238810
102 2582113843795
103 3052274960840
104 3605324137485
105 4255414211990
106 5019039720949
107 5915411540970
108 6966891449865
109 8199492148220
110 9643456347436
111 11333922675812
112 13311695737345
113 15624131048910
114 18326156951000
115 21481448170126
116 25163779232718
117 29458577635960
118 34464712775100
119 40296547446390
120 47086297888049
121 54986738253280
122 64174308234575
123 74852671601900
124 87256800664440
125 101657649931466
126 118367514773731
127 137746158532330
128 160207830443720
129 186229283983960
130 216358951877650
131 251227421256300
132 291559408377040
133 338187420114200
134 392067356653475
135 454296298907724
136 526132805091285
137 609020032390910
138 704612097171965
139 814804082539220
140 941766219818916
141 1087982771678576
142 1256296287033025
143 1449957907464780
144 1672684577368315
145 1928724031465432
146 2222928642634633
147 2560839250666680
148 2948780346918950
149 3393968049615390
150 3904632614009852
151 4490157310997300
152 5161235884935745
153 5930050929890730
154 6810475983828715
155 7818304320208646
156 8971507978751054
157 10290530824241190
158 11798620110133120
159 13522201357704820
160 15491302203949504
161 17740031317618420
162 20307119515307905
163 23236530799823200
164 26578152309745365
165 30388572943514782
166 34731961976580975
167 39681059999218760
168 45318296413151280
169 51737049032148690
170 59043063680390529
171 67356053366385470
172 76811499498772710
173 87562679770562650
174 99782950891996335
175 113668317112253776
176 129440319843736371
177 147349287216114460
178 167677987771028595
179 190745736966890960
180 216913011791005129
181 246586634417617704
182 280225594010802715
183 318347582889714990
184 361536333320893905
185 410449850163626126
186 465829646963356649
187 528511104343835500
188 599435084774701850
189 679660951898766670
190 770381161342892729
191 872937607584790510
192 988839934506247880
193 1119786039301440270
194 1267685027773850570
195 1434682906527695138
196 1623191332441649590
197 1835919774005409520
198 2075911481979982225
199 2346583709335573400
200 2651772673114322154
201 2995783803596934464
202 3383447890877443240
203 3820183804300181650
204 4312068539681112215
205 4865915430118201870
206 5489361453719986932
207 6190964671563787640
208 6980312948820102675
209 7868145235426905960
210 8866486829355882825
211 9988800197758442230
212 11250153110986934370
213 12667406032042511540
214 14259420924086857705
215 16047293869468445090
216 18054614163100222418
217 20307752826783915880
218 22836183820622440740
219 25672841576164104320
220 28854518878833187540
221 32422309554812668388
222 36422100909865427335
223 40905121391771226500
224 45928549549276976620
225 51556191002460285752
226 57859230873179868892
227 64917069909890265690
228 72818253436113630205
229 81661503212364326640
230 91556863392358888959
231 102626972927700483976
232 115008478104416525530
233 128853600326941307720
234 144331875883481827940
235 161632086173487125458
236 180964398847160834791
237 202562742435732390210
238 226687439445918559855
239 253628125484330954840
240 283706984887973441716
241 317282336491417202612
242 354752606696213687145
243 396560730843730807800
244 443199028183607373030
245 495214600390557697386
246 553215308787868483533
247 617876391094768824490
248 689947784826229965100
249 770262231339930755210
250 859744242172588121240
251 959420017633248279576
252 1070428416882022430650
253 1194033088810658854190
254 1331635884249428578435
255 1484791682240210933344
256 1655224776672394695588
257 1844846984360111462710
258 2055777652027258860290
259 2290365757542833652200
260 2551214320548020905854
261 2841207359220603139470
262 3163539653828317469230
263 3521749603816049152610
264 3919755494020381853685
265 4361895517100692211294
266 4852971934069222129058
267 5398299792795889381600
268 6003760666302672650615
269 6675861918466200225970
270 7421802055271272504974
271 8249542774944991235994
272 9167888391133726766960
273 10186573369738228706000
274 11316358793225884823940
275 12569138646211662898620
276 13958056904141529294577
277 15497636503099165149900
278 17203921374587689941725
279 19094632844761275773040
280 21189341824726335156653
281 23509658357440473591384
282 26079440239406599515020
283 28925022602149982379260
284 32075470521686034780650
285 35562856924345106256320
286 39422568277088662916607
287 43693640790522676134460
288 48419130126282471535045
289 53646517888251404737710
290 59428158492769911177011
291 65821770357796421062374
292 72890975729058761290245
293 80705893874134594732440
294 89343792827954962512550
295 98889805367409488217038
296 109437715434162370650661
297 121090821815953189763230
298 133962886544089662285350
299 148179176171654253467440
300 163877604870748875248345
301 181209989131762404978392
302 200343424772024453751470
303 221461797970090986971290
304 244767443145620854821185
305 270482961709234846741534
306 298853217023946640835702
307 330147522356932202972770
308 364662040171619134187510
309 402722412824137011411460
310 444686646601489414762975
311 490948273082104027328936
312 541939814031866079910755
313 598136578483343435550090
314 660060823305082162117555
315 728286311467321192724544
316 803443305376450125558482
317 886224036102006131600640
318 977388693087626922429395
319 1077771983044022482182640
320 1188290311203563489826600
321 1309949643000009986892530
322 1443854109565195185786815
323 1591215426240137940099700
324 1753363199630222590929535
325 1931756205632293308593010
326 2127994728383300109052086
327 2343834058272798183647240
328 2581199256092526836293725
329 2842201300121968781297060
330 3129154743548145115977839
331 3444597021158321391789458
332 3791309556818249702670595
333 4172340836936333533256800
334 4591031630024004363822250
335 5051042548690179538474196
336 5556384168079851993306579
337 6111449933997211573082320
338 6721052114890928881090825
339 7390461074658206516589590
340 8125448168019169241121952
341 8932332587184114749347828
342 9818032517887249373032660
343 10790120994781417667077730
344 11856886880918219460105695
345 13027401433801355450786068
346 14311590961578322769999589
347 15720316117592406539584840
348 17265458430081626107579350
349 18960014716598047615295990
350 20818200090114297872705684
351 22855560326155352348911802
352 25089094428093241202459980
353 27537388301408381012470810
354 30220760527781427599103735
355 33161421316850775323060934
356 36383645807970960888237075
357 39913962996945694531946040
358 43781361674209451898904020
359 48017514882011555305102440
360 52657024529663316766278590
361 57737687948687593434866048
362 63300788324752229498918215
363 69391411111569291209074960
364 76058788714660695304643665
365 83356675931197984310238110
366 91343758847376774163524947
367 100084100128360324493823560
368 109647623889309336261908020
369 120110643611022497154416720
370 131556436862101199795489873
371 144075870913219840929614812
372 157768083680201210977758295
373 172741224813391778642036700
374 189113262163842157772847650
375 207012859304636199368222316
376 226580330271344270427314069
377 247968678212065488699027680
378 271344725208336025916728755
379 296890341146905892657868500
380 324803780193073905761060317
381 355301134143124975914519586
382 388617912721164348592032740
383 425010761739213772247026530
384 464759330964346323894340565
385 508168304538652502067329794
386 555569607883395662767249707
387 607324806194571617214592670
388 663827710910757241600541615
389 725507211913499964071573280
390 792830354714340077196353933
391 866305683500086351429406072
392 946486872659418942232901155
393 1033976671310039763618464800
394 1129431187398366223860839350
395 1233564540165745973882527058
396 1347153912180274026599732036
397 1471045034736202737991302260
398 1606158143239868398043012025
399 1753494442249152476795346880
400 1914143123131648322104175552
401 2089288980874908118785925568
402 2280220680442412742263842445
403 2488339727244554811396902110
404 2715170200810586941269949025
405 2962369315632344697817942736
406 3231738878433450517457728705
407 3525237716830317985923201920
408 3844995160528339718794302925
409 4193325662875059499827944710
410 4572744657812315931866573402
411 4985985755074276338510817552
412 5436019384914969157745886700
413 5926073012767401311564052890
414 6459653054091286512067597450
415 7040568630316035328580140760
416 7672957318293530186068155479
417 8361313058109064992161455370
418 9110516397532546439661533525
419 9925867265904409492439463660
420 10813120485927534324701331517
421 11778524248769353472193500186
422 12828861796167021982597402245
423 13971496572979436097052356050
424 15214421134958828426009219945
425 16566310119545315636130127994
426 18036577612354572009774868012
427 19635439268875397921866440840
428 21373979579876390888224037395
429 23264224700306003785127551250
430 25319221295239056367202225821
431 27553121892868863580301676200
432 29981277273877599772067433245
433 32620336468963000986595536570
434 35488354982100606935254110510
435 38604911906538089943375961680
436 41991236653834226065335567575
437 45670346073771989060281476700
438 49667192805020433573131715835
439 54008825763343903794229969160
440 58724563746338971112730124601
441 63846183211525517656781229800
442 69408121368567957695768746715
443 75447695816926322311380462110
444 82005342057843728511758753385
445 89124870314811724341587873536
446 96853743210107369168302988051
447 105243375967296917758637563930
448 114349460941432662871175512800
449 124232318420762630937691555000
450 134957275796916674735235159081
451 146595077365572828855172305998
452 159222327197457677851825955325
453 172921967711172499112519651490
454 187783796785819155804728920200
455 203905026473858034537170107362
456 221390886614285872108250760498
457 240355276904383003903573812900
458 260921471266358993598715352565
459 283222878644735942943544120590
460 307403864692881392277724712734
461 333620639154486443811634159266
462 362042214119864413123443550940
463 392851438739741593714673315800
464 426246116412901750517749742385
465 462440210930963830217954157242
466 501665148566232219361005424225
467 544171223629656116689184003080
468 590229115608371741920640841335
469 640131526619190041015662601760
470 694194948589083338174347093191
471 752761570299808720298278459252
472 816201335215149455251675643270
473 884914161850002864415293213350
474 959332339345153205085515356495
475 1039923111884822237050009038864
476 1127191466641131348898948062505
477 1221683141055951254406727281560
478 1323987866482188451533314201605
479 1434742866509719309456057730950
480 1554636629702768664850674785489
481 1684412977982868394186427759954
482 1824875453512500553532389908480
483 1976892048677574444668818519320
484 2141400305641084085368869966145
485 2319412813955371775957165647074
486 2512023136886840041576329822366
487 2720412199435915176006304685340
488 2945855173538611190213589886425
489 3189728898627078472933997887770
490 3453519878618909066885060347208
491 3738832899513567437630092343656
492 4047400315115077831291562028760
493 4381092051990127090509229912670
494 4741926388628396489228940363970
495 5132081567916894899998230446882
496 5553908306493452855273719395838
497 6009943269328989576314037626720
498 6502923583027980304467691047125
499 7035802466857764528134162834650
500 7611766066447887459020728963765
501 8234251581470494112209694599874
502 8906966785454019716607988534925
503 9633911043229456575026528803200
504 10419397939398246793370877211465
505 11268079639682905458615013367452
506 12184973116118246452682338581756
507 13175488376808010826525630200600
508 14245458851457527461290013353025
509 15401174095149976258075370956110
510 16649414984917859675451982828074
511 17997491596632380446194136909964
512 19453283963655859797799981644010
513 21025285933644960798860117401590
514 22722652355929111952742692567425
515 24555249849098193297650719010104
516 26533711416900965691373611848840
517 28669495200371603651506520873880
518 30974947675363246045663721528225
519 33463371627478790980118712318400
520 36149099260861761370414577995590
521 39047570823563358323879140045664
522 42175419160363727273604415381065
523 45550560634132931246389726704350
524 49192292889216857769244453071850
525 53121399965082309075203690093960
526 57360265305722032693569399600637
527 61932993250284458579327313068150
528 66865539633247210958162728588480
529 72185852168404384085858671094940
530 77924021340206049166047167942428
531 84112442578810921963283944788168
532 90785990551842705593700660365185
533 97982206466548190779391533196190
534 105741499341130714897646872963230
535 114107362273786291391260259538096
536 123126604812733707142245321621640
537 132849602610659414785336542820680
538 143330565632873355283883062798565
539 154627826280499675491229509554690
540 166804148888641930449366429644413
541 179927062165131355082531781926500
542 194069216248687328269927610263080
543 209308766186624035647985368616270
544 225729783762196605922964071603725
545 243422699740903255113189450335184
546 262484778754199359453572097158673
547 283020629198832224649456998522130
548 305142750701117523173023125797650
549 328972121878747450279337990335330
550 354638831328999561849065976305107
551 382282754982415906153045608247804
552 412054283186119630726023526563145
553 444115101121973210598035262579130
554 478639026422873495901645127356905
555 515812908126815412039696183795692
556 555837591404212255558618501508016
557 598928952810697651218977781031800
558 645319011156707899380735772560745
559 695257119448109172186375277654000
560 749011243740654535876891873805316
561 806869335166907870012813514480218
562 869140801839354447188543351563885
563 936158087809760332749340036023660
564 1008278366774613330256865777607070
565 1085885358761993717755133911751824
566 1169391278618959130557786569251335
567 1259238925743129361134983743030730
568 1355903925170449317747583140492025
569 1459897130846110362949682804963670
570 1571767202670546474525379247652271
571 1692103369730736451509668734779544
572 1821538393002416041695549689302055
573 1960751741745163875993380482090250
574 2110472998813869603108396894981005
575 2271485511181303722276791257775694
576 2444630303112173218300514367061912
577 2630810270654276630905176666232800
578 2830994677422625104152252071228115
579 3046223973053500218536229713160680
580 3277614957203598026397155978686640
581 3526366313571305333121993975790270
582 3793764540129862169740372491957570
583 4081190303593255604675318872110550
584 4390125248093248213696327863965010
585 4722159290138598118016146668963494
586 5078998434164487077492189099552259
587 5462473145371269067280172167358990
588 5874547319107376611650965406193025
589 6317327888782773480374207408912040
590 6793075117218670828228727950969144
591 7304213619459081976090801307540010
592 7853344168403787605197199471652495
593 8443256338184938737043059727079030
594 9076942044016333599003777583467210
595 9757610041311896980461705789674180
596 10488701451215704198937325651636716
597 11273906384328841756402319561730680
598 12117181739378556204408884005734525
599 13022770258873923648804864146648590
600 13995220929452515665800328918498948
601 15039410820668605505947954023769802
602 16160568462431337046930799385599965
603 17364298868198682065538025001655870
604 18656610318399497003660686313853105
605 20043943026423079544897948072833480
606 21533199817916933094998605052941266
607 23131778963104818061419983491545100
608 24847609311416824739075547449720965
609 26689187887951896874209691731396520
610 28665620122214420112111477676786712
611 30786662891226491436348833243112536
612 33062770571565694079835162484807945
613 35505144308167268228091077571811790
614 38125784721915619090738849229281090
615 40937548293192969450971773203422648
616 43954207674716417597837260946089465
617 47190516204246676635930946653769460
618 50662276906164796133176482063300885
619 54386416290564413884428520155974130
620 58381063279478842621800304762681258
621 62665633612242254810580856032620822
622 67260920105865836195568270185448935
623 72189189171792610058004460552207800
624 77474284017584791343878462319842175
625 83141734991108061410160959450869266
626 89218877555728508700266506286826465
627 95734978418058481219407562218209310
628 102721370365013954088177688214953300
629 110211596404523865520651569107186860
630 118241563844316358892436010553541546
631 126849708985963242637451047642366112
632 136077173156968269936117342642000555
633 145967990852324532224949616401311330
634 156569290808841042480169227633358730
635 167931510890861125457999126670571480
636 180108627724992023715827248477147344
637 193158402084377364676980170710948420
638 207142641090128662881225156079707930
639 222127478369062351225866028421909600
640 238183673383156168416309791198515053
641 255386931227453152861378630599550758
642 273818244279833148475237385956537315
643 293564257178492100650190452932918650
644 314717656701492711024537986063513070
645 337377588227774585017079849638724096
646 361650100570961911492582341429707698
647 387648621096633363231437733970203450
648 415494463160902794211279199269970075
649 445317368043711863217901398553663800
650 477256083694701273685955120237853457
651 511458982763485223941164767049438008
652 548084722550220478215481874705420475
653 587302949687193350556113061682360570
654 629295052548443103968854703811283950
655 674254964582941838120783165629642834
656 722390021978349522033057886446131610
657 773921879287699698566623555277729570
658 829087486891441661363522209365053040
659 888140134423020933013449982399855470
660 951350564558634872643340939286549357
661 1019008161862032127108919461647921832
662 1091422221684380124960105694792660765
663 1168923304448523732177384878159610520
664 1251864680997698128327463647179687365
665 1340623875062320138811583606444271654
666 1435604309296332742860884297909175953
667 1537237061758278700986969688709059110
668 1645982740163491894854810411333280420
669 1762333481714285203553873638216546040
670 1886815086826659823221957327071274021
671 2019989295616860272897700304388476948
672 2162456216591175941515848069137785790
673 2314856917600002480281324569049840600
674 2477876189774726178393924477908692620
675 2652245495866035139521595800007120720
676 2838746115147507502199536595114919247
677 3038212497841665527968554613772259480
678 3251535842870183771230487771038934660
679 3479667913628861997893591632653604680
680 3723625107444786992195967589426558860
681 3984492795391498340243463083826504666
682 4263429950221860305454636754622423010
683 4561674081331890185212591126935898600
684 4880546496896430171216938103681082700
685 5221457914623980040119499431782791304
686 5585914443968232808185820236494303621
687 5975523964113189467135536331663859880
688 6392002923622820104113660471726320940
689 6837183589321089117233336674893411610
690 7313021773750149861671248988822933907
691 7821605072450416116475780198326203884
692 8365161644323235441843537575743553305
693 8946069570482674159004281347268391430
694 9566866829285604726209186391854874810
695 10230261927657500631861537484006772870
696 10939145231414267419157382574749288020
697 11696601040027819056540647148849743910
698 12505920454205301984127219057921404775
699 13370615087759875042801036780626279130
700 14294431678556456973896127224435305712
701 15281367656831265790963663495386230776
702 16335687732922479033504658363280527030
703 17461941570424942478235445619121388180
704 18664982615009418225693274111205521220
705 19949988153642184575758129275319858492
706 21322480683720652246247737862816800812
707 22788350676722855851373889239974070400
708 24353880826372130540468650366697440815
709 26025771877063075989961063460088480360
710 27811170134402370209524948310524120291
711 29717696766210768400362943923701223240
712 31753479009234750415239420422869413330
713 33927183404153291082698274806506909200
714 36248051189264222140028263234714385485
715 38725935991524404615990642939895633240
716 41371343962428980468698771086590569662
717 44195476515579746687406406647381219890
718 47210275832745613386195999206908223160
719 50428473315795705344359502805226150970
720 53863641173126724687966390770856638023
721 57530247341151873032547475327506615760
722 61443713954112622610029106089519591995
723 65620479588963295238260956130388432850
724 70078065526410965033385385089771687835
725 74835146284421869308918324613485143760
726 79911624696685712921141817172721737599
727 85328711825719795628783524199206168680
728 91109012018558186813554596086946538590
729 97276613432373437239471327146415120520
730 103857184377989817210863220880496929114
731 110878075851142356167763388875659745092
732 118368430644594128924927279304275428065
733 126359299458929207935869772985830455890
734 134883764456079510531389013089053548985
735 143977070727514866180275620491446191570
736 153676766178627208890131409762444481017
737 164022850362278153340390662292528766200
738 175057932827867088241951636657003610875
739 186827401587733911438319911686894771480
740 199379602340363491266120886055359552028
741 212766029129842414317029680071891531304
742 227041527163475273255825335714209140990
743 242264508554549006527469085875992013830
744 258497181805100134207009642690787981430
745 275805795894361361892888598396628410214
746 294260899892521461351965382363245381991
747 313937619076717005024538034824391248050
748 334915948586989414853047298417519458050
749 357281065724501119062084303142700149600
750 381123662062838611703785499419186957790
751 406540296615979855176714676953034869066
752 433633771383725310554243394992513311735
753 462513530677357927065757864229895182320
754 493296085715296041297579513372666316495
755 526105466070840041913373982174640830640
756 561073699652112934934836112092064342073
757 598341322998300152993819684666811577470
758 638057923786669269035207469973632967750
759 680382717561981729468077833162398350850
760 725485160824205489054925210918947507324
761 773545602742333204695524831156467578072
762 824755977902065096194773939630813371095
763 879320542643615890084008490398521650430
764 937456657703467750852440596076559347665
765 999395620041062962593547806601868342480
766 1065383546908791236255254374959297754586
767 1135682315411791392096368175391761142280
768 1210570561003706984112417051679501271060
769 1290344738576300210504085711971542343580
770 1375320250025469338495992217420598211343
771 1465832642414506564547251039601206221526
772 1562238881108196556565799559982256377840
773 1664918702519460547003586110812977949450
774 1774276051394618144225515907655329422060
775 1890740607864945142260276707599822355768
776 2014769409812084653277970179525621205516
777 2146848576434116366897546277914674349780
778 2287495139258865153050374841547514570145
779 2437258987232564876427906341071198498960
780 2596724932916588332834263845105344263601
781 2766514907253988921082723885841318534684
782 2947290290822534936597421819437249639610
783 3139754389973300542177479010849226815850
784 3344655066765347344226574255417738033885
785 3562787532149322716634238563015183429172
786 3794997312427753700485967579512234283036
787 4042183399629375079563477974246161481600
788 4305301597081058522495600437295782507565
789 4585368072145989447073901099995181046550
790 4883463128822981067164727141762662756529
791 5200735213671668604417215684381379807852
792 5538405169344382604962462516829417846105
793 5897770750870502846061762425062860239400
794 6280211420755948904712095429167994248540
795 6687193439932246233119025460318914005752
796 7120275272619574301674270365408682610197
797 7581113324259803893434348714732508866400
798 8071468032832414037901517600307998906325
799 8593210335092209372971649392260337851720
800 9148328530567026295583286454816632512076
801 9738935567530450956617501968107559309442
802 10367276776623557184475502492901406315055
803 11035738079345659024631873881277167655200
804 11746854700272195544551924335263556625765
805 12503320413593559606675843353954753045064
806 13307997356407699479101058376485726622961
807 14163926443147750080197649133771493132040
808 15074338417590231994227101286901625910360
809 16042665581076309303070747887591205055120
810 17072554237895437069497502710274238634676
811 18167877901235091354729727026446240820032
812 19332751305700238599373582485821411435995
813 20571545275160316536266089272113555638550
814 21888902497598811929949717332569014556015
815 23289754261730603227583109239657435111432
816 24779338213425216237179865229318690092810
817 26363217193440733429832081325928029685930
818 28047299221644638985640509661923912750130
819 29837858696786365912048976720717119210350
820 31741558885004426850756903697665357851226
821 33765475774612179531453660384770544414080
822 35917123379324700886935650716714978619700
823 38204480576979941441672919407097677907300
824 40636019575986192729515763920552554793240
825 43220736107211732038666912352706199619224
826 45968181444839087911799377849059542768706
827 48888496365854499524600844728687643870660
828 51992447164352710692033191567716475082320
829 55291463843729278464479776754289294357460
830 58797680617129332432305524121107201099660
831 62523978854246720111851674163552188287148
832 66484032620745596096081040514825797696290
833 70692356965234068897217301915421263787210
834 75164359117884332859035610843435649304575
835 79916392774495204898111326410056397197520
836 84965815650062268238222346319152558905079
837 90331050496790794214526832694908261402910
838 96031649792992051957548464445322942189740
839 102088364321481301598501171587263475707920
840 108523215868984583972652226734470423830735
841 115359574291702479685298215715536977831078
842 122622239206615776772631963204065515075505
843 130337526583396409153621056482446937575510
844 138533360527955684732549310705867288229590
845 147239370565772065148931482770988231796182
846 156486994751246874250247787244425089530341
847 166309588948495683354731906134058206145870
848 176742542649256405851219970424178370481850
849 187823401715046447716057524576470780362680
850 199591998453398373904597622285676964505479
851 212090589462018092950992383905491709898778
852 225364001700117240664175525134506689200955
853 239459787273052273048263983231870021598400
854 254428387444841322977478322154558381471800
855 270323306423215505320807829770374533643544
856 287201295493688518318710578285212359833693
857 305122548112796894324564248077621662480240
858 324150906606278573299020221568974960812975
859 344354081155631062127367365764114224455940
860 365803881796340073933033749261191070483992
861 388576464193219658225915730379878351293140
862 412752590002886925491954590792986745992530
863 438417902680547470681315248600275758754120
864 465663219638138299397872201542815072382105
865 494584841713618547382339224528954958464072
866 525284880966978410135208561264835665952367
867 557871607877526570595012292984203275833490
868 592459819079398904793504334919915218477635
869 629171226838199551313625602549139786586450
870 668134871541443636289340338364776069571514
871 709487558549234639035418613007312962400674
872 753374320829606294731353885011608456394265
873 799948908885429610834232190642838369515750
874 849374309566984109039405586003549118613635
875 901823295456487169778734614799942675338172
876 957479006608349811462131255228377289836523
877 1016535566531980766417756435124837169089760
878 1079198734412909514611604453391346971787170
879 1145686595683176944582722569173903562462090
880 1216230293173702199627734042007859508770347
881 1291074801210048478664026884265041818260474
882 1370479745149072407134082967091724765269660
883 1454720268997766412658871304437353121189000
884 1544087953907629920524192440144103436543875
885 1638891790498596250519658676038181022247224
886 1739459208136386871020986312414121068754673
887 1846137164466679501221375649239022274442710
888 1959293298699206644273177564507368794207500
889 2079317152335422118007350002788334980476010
890 2206621461245292783045609434461358677882246
891 2341643523222732604756961022507035223094610
892 2484846645385873849199811774655442345470225
893 2636721676038480771441103830881379630218730
894 2797788625873109601530004378475444480914990
895 2968598383675901985953460502995861862669898
896 3149734531988008656979149003348095042239424
897 3341815268490464117391765013787828837273640
898 3545495439208809040491815270707527975771800
899 3761468689981874466401101471512145355470400
900 3990469743006945236742955045284727759726396
901 4233276805662111921864975520816957013572184
902 4490714119217164374601383166234976139240915
903 4763654655478104112759997566894270419943800
904 5053022969868553154970789791836277374773450
905 5359798219935381656229122141033280746867914
906 5685017358777209371228944384257186730705159
907 6029778513434580142623643345324534086979150
908 6395244558851172037230510610607483430709645
909 6782646898618085061156515693423619313994560
910 7193289464349833919439185858492276938608356
911 7628552946213054238195159041710006226672920
912 8089899267839100480252645422420920129388750
913 8578876319601775851071388255362228987950860
914 9097122965033608158421110823118437837566665
915 9646374335990712491712854924553128336607782
916 10228467433059832320528498478959350041375520
917 10845347048634231767085695053214772954228720
918 11499072031070473383660101766220688190927735
919 12191821909378658986844298786358718651123550
920 12925903898997496649916472718949491833673015
921 13703760310365813657775107914776720050287872
922 14527976383227269201378545892064932414793605
923 15401288570898624878132916126297532502616050
924 16326593300097795812574709560590401362797685
925 17306956233370028361485215045165870897694348
926 18345622062673148949699046076971484706338521
927 19446024864290350606483353981876304382520810
928 20611799046936120756534181421248950618280375
929 21846790926712613997835995273131527002584320
930 23155070964465255832585712847022003617763840
931 24540946703083131757783508191330759227599214
932 26008976444397575656115566174191491437145355
933 27563983707557443954984231858866014654588270
934 29211072513108303602545494652377157756528145
935 30955643539481980833257690820049252379990088
936 32803411201219793513969840821582151708805939
937 34760421701014893444521740408296856336976660
938 36833072110574459648084106327577267148585790
939 39028130538379427441081885192314164652845040
940 41352757445666887083386153623526343036286433
941 43814528175387599086479937978578450312878846
942 46421456762508118675971747958991942878379230
943 49182021097844203613241714691523171814530580
944 52105189521640466869383417342383447258110385
945 55200448927362193354184385533199098928369696
946 58477834460651060455820326036572453690755618
947 61947960903130039282471580665597085329497340
948 65622055835737557804418769331636051167302275
949 69511994681541363437481607611873612553545560
950 73630337733543489538156621927637190454801103
951 77990369278855181549692623857691239665698342
952 82606138936811306816243895084486895588689630
953 87492505335125294995964597282109718763009590
954 92665182255076624622153300484987510274947395
955 98140787383992881252781282619682065012800054
956 103936893820958117647906882988834995910153020
957 110072084489770415240610355810384476605923020
958 116566009621707122041826028381157396075078735
959 123439447479660405543765295929400867441569520
960 130714368504703994041847007010185534553619103
961 138414003076171142942173769274431131624865936
962 146562913086892257182752949048448845396973290
963 155187067546388053411270856114511498517965070
964 164313922436572087221264046953661176212811845
965 173972505056918022919966280954671950946510652
966 184193503109127087571656870424187375189913720
967 195009358785126504029165197651692236110417600
968 206454368136779090739705916858416326378810775
969 218564786021028480559676686863723814850601400
970 231378936930386568364479891383397321714801314
971 244937332035735176499428633047593345563769896
972 259282792786410286119883510914776825355637975
973 274460581431514837674441440803254210487491950
974 290518538846418065870563320032485175438892460
975 307507230069501451245147344230922970187851492
976 325480097976462477341294601000923486533944732
977 344493625542949460787271563802271527140354720
978 364607507171039065184169214013147540994843585
979 385884829581151500517838464687355746998102280
980 408392262798499302290676145155060752760693663
981 432200261792160300067909374000604087358404394
982 457383279355434316345373656285130980048716225
983 484019990848370962793597062572145206311959860
984 512193531457331814217227964767969830233014500
985 541991746662268184472362761747549261964868026
986 573507456640154648643349877638180512834347471
987 606838735372822563469518365499466199181518440
988 642089205269396888422319919825108629907264720
989 679368348157769193858983849525850118168133720
990 718791833546161594463028561175410386635160661
991 760481865104978666610030269611874083922502400
992 804567546370942205368777842196978357486195910
993 851185266730099123800926115358050450817366270
994 900479108793835609323875201533469269127710335
995 952601278342678482873083750513304814953606764
996 1007712558076583565687443928683959569192437771
997 1065982786477775549297636395287015492345524010
998 1127591363163198446196714467307895584980598625
999 1192727782178453972732455333177454281019397270
1000 1261592194763951235413360965737378065564732975
