0 0
1 15
2 26
3 37
4 48
5 59
6 70
7 81
8 92
9 103
10 114
11 125
12 136
13 147
14 158
15 169
16 180
17 191
18 202
19 213
20 224
21 235
22 246
23 257
24 268
25 279
26 290
27 301
28 312
29 323
30 334
31 345
32 356
33 367
34 378
35 389
36 400
37 411
38 422
39 433
40 444
41 455
42 466
43 477
44 488
45 499
46 510
47 521
48 532
49 543
50 554
51 565
52 576
53 587
54 598
55 609
56 620
57 631
58 642
59 653
60 664
61 675
62 686
63 697
64 708
65 719
66 730
67 741
68 752
69 763
70 774
71 785
72 796
73 807
74 818
75 829
76 840
77 851
78 862
79 873
80 884
81 895
82 906
83 917
84 928
85 939
86 950
87 961
88 972
89 983
90 994
91 1005
92 1016
93 1027
94 1038
95 1049
96 1060
97 1071
98 1082
99 1093
100 1104
101 1115
102 1126
103 1137
104 1148
105 1159
106 1170
107 1181
108 1192
109 1203
110 1214
111 1225
112 1236
113 1247
114 1258
115 1269
116 1280
117 1291
118 1302
119 1313
120 1324
121 1335
122 1346
123 1357
124 1368
125 1379
126 1390
127 1401
128 1412
129 1423
130 1434
131 1445
132 1456
133 1467
134 1478
135 1489
136 1500
137 1511
138 1522
139 1533
140 1544
141 1555
142 1566
143 1577
144 1588
145 1599
146 1610
147 1621
148 1632
149 1643
150 1654
151 1665
152 1676
153 1687
154 1698
155 1709
156 1720
157 1731
158 1742
159 1753
160 1764
161 1775
162 1786
163 1797
164 1808
165 1819
166 1830
167 1841
168 1852
169 1863
170 1874
171 1885
172 1896
173 1907
174 1918
175 1929
176 1940
177 1951
178 1962
179 1973
180 1984
181 1995
182 2006
183 2017
184 2028
185 2039
186 2050
187 2061
188 2072
189 2083
190 2094
191 2105
192 2116
193 2127
194 2138
195 2149
196 2160
197 2171
198 2182
199 2193
200 2204
201 2215
202 2226
203 2237
204 2248
205 2259
206 2270
207 2281
208 2292
209 2303
210 2314
211 2325
212 2336
213 2347
214 2358
215 2369
216 2380
217 2391
218 2402
219 2413
220 2424
221 2435
222 2446
223 2457
224 2468
225 2479
226 2490
227 2501
228 2512
229 2523
230 2534
231 2545
232 2556
233 2567
234 2578
235 2589
236 2600
237 2611
238 2622
239 2633
240 2644
241 2655
242 2666
243 2677
244 2688
245 2699
246 2710
247 2721
248 2732
249 2743
250 2754
251 2765
252 2776
253 2787
254 2798
255 2809
256 2820
257 2831
258 2842
259 2853
260 2864
261 2875
262 2886
263 2897
264 2908
265 2919
266 2930
267 2941
268 2952
269 2963
270 2974
271 2985
272 2996
273 3007
274 3018
275 3029
276 3040
277 3051
278 3062
279 3073
280 3084
281 3095
282 3106
283 3117
284 3128
285 3139
286 3150
287 3161
288 3172
289 3183
290 3194
291 3205
292 3216
293 3227
294 3238
295 3249
296 3260
297 3271
298 3282
299 3293
300 3304
301 3315
302 3326
303 3337
304 3348
305 3359
306 3370
307 3381
308 3392
309 3403
310 3414
311 3425
312 3436
313 3447
314 3458
315 3469
316 3480
317 3491
318 3502
319 3513
320 3524
321 3535
322 3546
323 3557
324 3568
325 3579
326 3590
327 3601
328 3612
329 3623
330 3634
331 3645
332 3656
333 3667
334 3678
335 3689
336 3700
337 3711
338 3722
339 3733
340 3744
341 3755
342 3766
343 3777
344 3788
345 3799
346 3810
347 3821
348 3832
349 3843
350 3854
351 3865
352 3876
353 3887
354 3898
355 3909
356 3920
357 3931
358 3942
359 3953
360 3964
361 3975
362 3986
363 3997
364 4008
365 4019
366 4030
367 4041
368 4052
369 4063
370 4074
371 4085
372 4096
373 4107
374 4118
375 4129
376 4140
377 4151
378 4162
379 4173
380 4184
381 4195
382 4206
383 4217
384 4228
385 4239
386 4250
387 4261
388 4272
389 4283
390 4294
391 4305
392 4316
393 4327
394 4338
395 4349
396 4360
397 4371
398 4382
399 4393
400 4404
401 4415
402 4426
403 4437
404 4448
405 4459
406 4470
407 4481
408 4492
409 4503
410 4514
411 4525
412 4536
413 4547
414 4558
415 4569
416 4580
417 4591
418 4602
419 4613
420 4624
421 4635
422 4646
423 4657
424 4668
425 4679
426 4690
427 4701
428 4712
429 4723
430 4734
431 4745
432 4756
433 4767
434 4778
435 4789
436 4800
437 4811
438 4822
439 4833
440 4844
441 4855
442 4866
443 4877
444 4888
445 4899
446 4910
447 4921
448 4932
449 4943
450 4954
451 4965
452 4976
453 4987
454 4998
455 5009
456 5020
457 5031
458 5042
459 5053
460 5064
461 5075
462 5086
463 5097
464 5108
465 5119
466 5130
467 5141
468 5152
469 5163
470 5174
471 5185
472 5196
473 5207
474 5218
475 5229
476 5240
477 5251
478 5262
479 5273
480 5284
481 5295
482 5306
483 5317
484 5328
485 5339
486 5350
487 5361
488 5372
489 5383
490 5394
491 5405
492 5416
493 5427
494 5438
495 5449
496 5460
497 5471
498 5482
499 5493
500 5504
501 5515
502 5526
503 5537
504 5548
505 5559
506 5570
507 5581
508 5592
509 5603
510 5614
511 5625
512 5636
513 5647
514 5658
515 5669
516 5680
517 5691
518 5702
519 5713
520 5724
521 5735
522 5746
523 5757
524 5768
525 5779
526 5790
527 5801
528 5812
529 5823
530 5834
531 5845
532 5856
533 5867
534 5878
535 5889
536 5900
537 5911
538 5922
539 5933
540 5944
541 5955
542 5966
543 5977
544 5988
545 5999
546 6010
547 6021
548 6032
549 6043
550 6054
551 6065
552 6076
553 6087
554 6098
555 6109
556 6120
557 6131
558 6142
559 6153
560 6164
561 6175
562 6186
563 6197
564 6208
565 6219
566 6230
567 6241
568 6252
569 6263
570 6274
571 6285
572 6296
573 6307
574 6318
575 6329
576 6340
577 6351
578 6362
579 6373
580 6384
581 6395
582 6406
583 6417
584 6428
585 6439
586 6450
587 6461
588 6472
589 6483
590 6494
591 6505
592 6516
593 6527
594 6538
595 6549
596 6560
597 6571
598 6582
599 6593
600 6604
601 6615
602 6626
603 6637
604 6648
605 6659
606 6670
607 6681
608 6692
609 6703
610 6714
611 6725
612 6736
613 6747
614 6758
615 6769
616 6780
617 6791
618 6802
619 6813
620 6824
621 6835
622 6846
623 6857
624 6868
625 6879
626 6890
627 6901
628 6912
629 6923
630 6934
631 6945
632 6956
633 6967
634 6978
635 6989
636 7000
637 7011
638 7022
639 7033
640 7044
641 7055
642 7066
643 7077
644 7088
645 7099
646 7110
647 7121
648 7132
649 7143
650 7154
651 7165
652 7176
653 7187
654 7198
655 7209
656 7220
657 7231
658 7242
659 7253
660 7264
661 7275
662 7286
663 7297
664 7308
665 7319
666 7330
667 7341
668 7352
669 7363
670 7374
671 7385
672 7396
673 7407
674 7418
675 7429
676 7440
677 7451
678 7462
679 7473
680 7484
681 7495
682 7506
683 7517
684 7528
685 7539
686 7550
687 7561
688 7572
689 7583
690 7594
691 7605
692 7616
693 7627
694 7638
695 7649
696 7660
697 7671
698 7682
699 7693
700 7704
701 7715
702 7726
703 7737
704 7748
705 7759
706 7770
707 7781
708 7792
709 7803
710 7814
711 7825
712 7836
713 7847
714 7858
715 7869
716 7880
717 7891
718 7902
719 7913
720 7924
721 7935
722 7946
723 7957
724 7968
725 7979
726 7990
727 8001
728 8012
729 8023
730 8034
731 8045
732 8056
733 8067
734 8078
735 8089
736 8100
737 8111
738 8122
739 8133
740 8144
741 8155
742 8166
743 8177
744 8188
745 8199
746 8210
747 8221
748 8232
749 8243
750 8254
751 8265
752 8276
753 8287
754 8298
755 8309
756 8320
757 8331
758 8342
759 8353
760 8364
761 8375
762 8386
763 8397
764 8408
765 8419
766 8430
767 8441
768 8452
769 8463
770 8474
771 8485
772 8496
773 8507
774 8518
775 8529
776 8540
777 8551
778 8562
779 8573
780 8584
781 8595
782 8606
783 8617
784 8628
785 8639
786 8650
787 8661
788 8672
789 8683
790 8694
791 8705
792 8716
793 8727
794 8738
795 8749
796 8760
797 8771
798 8782
799 8793
800 8804
801 8815
802 8826
803 8837
804 8848
805 8859
806 8870
807 8881
808 8892
809 8903
810 8914
811 8925
812 8936
813 8947
814 8958
815 8969
816 8980
817 8991
818 9002
819 9013
820 9024
821 9035
822 9046
823 9057
824 9068
825 9079
826 9090
827 9101
828 9112
829 9123
830 9134
831 9145
832 9156
833 9167
834 9178
835 9189
836 9200
837 9211
838 9222
839 9233
840 9244
841 9255
842 9266
843 9277
844 9288
845 9299
846 9310
847 9321
848 9332
849 9343
850 9354
851 9365
852 9376
853 9387
854 9398
855 9409
856 9420
857 9431
858 9442
859 9453
860 9464
861 9475
862 9486
863 9497
864 9508
865 9519
866 9530
867 9541
868 9552
869 9563
870 9574
871 9585
872 9596
873 9607
874 9618
875 9629
876 9640
877 9651
878 9662
879 9673
880 9684
881 9695
882 9706
883 9717
884 9728
885 9739
886 9750
887 9761
888 9772
889 9783
890 9794
891 9805
892 9816
893 9827
894 9838
895 9849
896 9860
897 9871
898 9882
899 9893
900 9904
901 9915
902 9926
903 9937
904 9948
905 9959
906 9970
907 9981
908 9992
909 10003
910 10014
911 10025
912 10036
913 10047
914 10058
915 10069
916 10080
917 10091
918 10102
919 10113
920 10124
921 10135
922 10146
923 10157
924 10168
925 10179
926 10190
927 10201
928 10212
929 10223
930 10234
931 10245
932 10256
933 10267
934 10278
935 10289
936 10300
937 10311
938 10322
939 10333
940 10344
941 10355
942 10366
943 10377
944 10388
945 10399
946 10410
947 10421
948 10432
949 10443
950 10454
951 10465
952 10476
953 10487
954 10498
955 10509
956 10520
957 10531
958 10542
959 10553
960 10564
961 10575
962 10586
963 10597
964 10608
965 10619
966 10630
967 10641
968 10652
969 10663
970 10674
971 10685
972 10696
973 10707
974 10718
975 10729
976 10740
977 10751
978 10762
979 10773
980 10784
981 10795
982 10806
983 10817
984 10828
985 10839
986 10850
987 10861
988 10872
989 10883
990 10894
991 10905
992 10916
993 10927
994 10938
995 10949
996 10960
997 10971
998 10982
999 10993
1000 11004
