0 0
1 12
2 23
3 34
4 45
5 56
6 67
7 78
8 89
9 100
10 111
11 122
12 133
13 144
14 155
15 166
16 177
17 188
18 199
19 210
20 221
21 232
22 243
23 254
24 265
25 276
26 287
27 298
28 309
29 320
30 331
31 342
32 353
33 364
34 375
35 386
36 397
37 408
38 419
39 430
40 441
41 452
42 463
43 474
44 485
45 496
46 507
47 518
48 529
49 540
50 551
51 562
52 573
53 584
54 595
55 606
56 617
57 628
58 639
59 650
60 661
61 672
62 683
63 694
64 705
65 716
66 727
67 738
68 749
69 760
70 771
71 782
72 793
73 804
74 815
75 826
76 837
77 848
78 859
79 870
80 881
81 892
82 903
83 914
84 925
85 936
86 947
87 958
88 969
89 980
90 991
91 1002
92 1013
93 1024
94 1035
95 1046
96 1057
97 1068
98 1079
99 1090
100 1101
101 1112
102 1123
103 1134
104 1145
105 1156
106 1167
107 1178
108 1189
109 1200
110 1211
111 1222
112 1233
113 1244
114 1255
115 1266
116 1277
117 1288
118 1299
119 1310
120 1321
121 1332
122 1343
123 1354
124 1365
125 1376
126 1387
127 1398
128 1409
129 1420
130 1431
131 1442
132 1453
133 1464
134 1475
135 1486
136 1497
137 1508
138 1519
139 1530
140 1541
141 1552
142 1563
143 1574
144 1585
145 1596
146 1607
147 1618
148 1629
149 1640
150 1651
151 1662
152 1673
153 1684
154 1695
155 1706
156 1717
157 1728
158 1739
159 1750
160 1761
161 1772
162 1783
163 1794
164 1805
165 1816
166 1827
167 1838
168 1849
169 1860
170 1871
171 1882
172 1893
173 1904
174 1915
175 1926
176 1937
177 1948
178 1959
179 1970
180 1981
181 1992
182 2003
183 2014
184 2025
185 2036
186 2047
187 2058
188 2069
189 2080
190 2091
191 2102
192 2113
193 2124
194 2135
195 2146
196 2157
197 2168
198 2179
199 2190
200 2201
201 2212
202 2223
203 2234
204 2245
205 2256
206 2267
207 2278
208 2289
209 2300
210 2311
211 2322
212 2333
213 2344
214 2355
215 2366
216 2377
217 2388
218 2399
219 2410
220 2421
221 2432
222 2443
223 2454
224 2465
225 2476
226 2487
227 2498
228 2509
229 2520
230 2531
231 2542
232 2553
233 2564
234 2575
235 2586
236 2597
237 2608
238 2619
239 2630
240 2641
241 2652
242 2663
243 2674
244 2685
245 2696
246 2707
247 2718
248 2729
249 2740
250 2751
251 2762
252 2773
253 2784
254 2795
255 2806
256 2817
257 2828
258 2839
259 2850
260 2861
261 2872
262 2883
263 2894
264 2905
265 2916
266 2927
267 2938
268 2949
269 2960
270 2971
271 2982
272 2993
273 3004
274 3015
275 3026
276 3037
277 3048
278 3059
279 3070
280 3081
281 3092
282 3103
283 3114
284 3125
285 3136
286 3147
287 3158
288 3169
289 3180
290 3191
291 3202
292 3213
293 3224
294 3235
295 3246
296 3257
297 3268
298 3279
299 3290
300 3301
301 3312
302 3323
303 3334
304 3345
305 3356
306 3367
307 3378
308 3389
309 3400
310 3411
311 3422
312 3433
313 3444
314 3455
315 3466
316 3477
317 3488
318 3499
319 3510
320 3521
321 3532
322 3543
323 3554
324 3565
325 3576
326 3587
327 3598
328 3609
329 3620
330 3631
331 3642
332 3653
333 3664
334 3675
335 3686
336 3697
337 3708
338 3719
339 3730
340 3741
341 3752
342 3763
343 3774
344 3785
345 3796
346 3807
347 3818
348 3829
349 3840
350 3851
351 3862
352 3873
353 3884
354 3895
355 3906
356 3917
357 3928
358 3939
359 3950
360 3961
361 3972
362 3983
363 3994
364 4005
365 4016
366 4027
367 4038
368 4049
369 4060
370 4071
371 4082
372 4093
373 4104
374 4115
375 4126
376 4137
377 4148
378 4159
379 4170
380 4181
381 4192
382 4203
383 4214
384 4225
385 4236
386 4247
387 4258
388 4269
389 4280
390 4291
391 4302
392 4313
393 4324
394 4335
395 4346
396 4357
397 4368
398 4379
399 4390
400 4401
401 4412
402 4423
403 4434
404 4445
405 4456
406 4467
407 4478
408 4489
409 4500
410 4511
411 4522
412 4533
413 4544
414 4555
415 4566
416 4577
417 4588
418 4599
419 4610
420 4621
421 4632
422 4643
423 4654
424 4665
425 4676
426 4687
427 4698
428 4709
429 4720
430 4731
431 4742
432 4753
433 4764
434 4775
435 4786
436 4797
437 4808
438 4819
439 4830
440 4841
441 4852
442 4863
443 4874
444 4885
445 4896
446 4907
447 4918
448 4929
449 4940
450 4951
451 4962
452 4973
453 4984
454 4995
455 5006
456 5017
457 5028
458 5039
459 5050
460 5061
461 5072
462 5083
463 5094
464 5105
465 5116
466 5127
467 5138
468 5149
469 5160
470 5171
471 5182
472 5193
473 5204
474 5215
475 5226
476 5237
477 5248
478 5259
479 5270
480 5281
481 5292
482 5303
483 5314
484 5325
485 5336
486 5347
487 5358
488 5369
489 5380
490 5391
491 5402
492 5413
493 5424
494 5435
495 5446
496 5457
497 5468
498 5479
499 5490
500 5501
501 5512
502 5523
503 5534
504 5545
505 5556
506 5567
507 5578
508 5589
509 5600
510 5611
511 5622
512 5633
513 5644
514 5655
515 5666
516 5677
517 5688
518 5699
519 5710
520 5721
521 5732
522 5743
523 5754
524 5765
525 5776
526 5787
527 5798
528 5809
529 5820
530 5831
531 5842
532 5853
533 5864
534 5875
535 5886
536 5897
537 5908
538 5919
539 5930
540 5941
541 5952
542 5963
543 5974
544 5985
545 5996
546 6007
547 6018
548 6029
549 6040
550 6051
551 6062
552 6073
553 6084
554 6095
555 6106
556 6117
557 6128
558 6139
559 6150
560 6161
561 6172
562 6183
563 6194
564 6205
565 6216
566 6227
567 6238
568 6249
569 6260
570 6271
571 6282
572 6293
573 6304
574 6315
575 6326
576 6337
577 6348
578 6359
579 6370
580 6381
581 6392
582 6403
583 6414
584 6425
585 6436
586 6447
587 6458
588 6469
589 6480
590 6491
591 6502
592 6513
593 6524
594 6535
595 6546
596 6557
597 6568
598 6579
599 6590
600 6601
601 6612
602 6623
603 6634
604 6645
605 6656
606 6667
607 6678
608 6689
609 6700
610 6711
611 6722
612 6733
613 6744
614 6755
615 6766
616 6777
617 6788
618 6799
619 6810
620 6821
621 6832
622 6843
623 6854
624 6865
625 6876
626 6887
627 6898
628 6909
629 6920
630 6931
631 6942
632 6953
633 6964
634 6975
635 6986
636 6997
637 7008
638 7019
639 7030
640 7041
641 7052
642 7063
643 7074
644 7085
645 7096
646 7107
647 7118
648 7129
649 7140
650 7151
651 7162
652 7173
653 7184
654 7195
655 7206
656 7217
657 7228
658 7239
659 7250
660 7261
661 7272
662 7283
663 7294
664 7305
665 7316
666 7327
667 7338
668 7349
669 7360
670 7371
671 7382
672 7393
673 7404
674 7415
675 7426
676 7437
677 7448
678 7459
679 7470
680 7481
681 7492
682 7503
683 7514
684 7525
685 7536
686 7547
687 7558
688 7569
689 7580
690 7591
691 7602
692 7613
693 7624
694 7635
695 7646
696 7657
697 7668
698 7679
699 7690
700 7701
701 7712
702 7723
703 7734
704 7745
705 7756
706 7767
707 7778
708 7789
709 7800
710 7811
711 7822
712 7833
713 7844
714 7855
715 7866
716 7877
717 7888
718 7899
719 7910
720 7921
721 7932
722 7943
723 7954
724 7965
725 7976
726 7987
727 7998
728 8009
729 8020
730 8031
731 8042
732 8053
733 8064
734 8075
735 8086
736 8097
737 8108
738 8119
739 8130
740 8141
741 8152
742 8163
743 8174
744 8185
745 8196
746 8207
747 8218
748 8229
749 8240
750 8251
751 8262
752 8273
753 8284
754 8295
755 8306
756 8317
757 8328
758 8339
759 8350
760 8361
761 8372
762 8383
763 8394
764 8405
765 8416
766 8427
767 8438
768 8449
769 8460
770 8471
771 8482
772 8493
773 8504
774 8515
775 8526
776 8537
777 8548
778 8559
779 8570
780 8581
781 8592
782 8603
783 8614
784 8625
785 8636
786 8647
787 8658
788 8669
789 8680
790 8691
791 8702
792 8713
793 8724
794 8735
795 8746
796 8757
797 8768
798 8779
799 8790
800 8801
801 8812
802 8823
803 8834
804 8845
805 8856
806 8867
807 8878
808 8889
809 8900
810 8911
811 8922
812 8933
813 8944
814 8955
815 8966
816 8977
817 8988
818 8999
819 9010
820 9021
821 9032
822 9043
823 9054
824 9065
825 9076
826 9087
827 9098
828 9109
829 9120
830 9131
831 9142
832 9153
833 9164
834 9175
835 9186
836 9197
837 9208
838 9219
839 9230
840 9241
841 9252
842 9263
843 9274
844 9285
845 9296
846 9307
847 9318
848 9329
849 9340
850 9351
851 9362
852 9373
853 9384
854 9395
855 9406
856 9417
857 9428
858 9439
859 9450
860 9461
861 9472
862 9483
863 9494
864 9505
865 9516
866 9527
867 9538
868 9549
869 9560
870 9571
871 9582
872 9593
873 9604
874 9615
875 9626
876 9637
877 9648
878 9659
879 9670
880 9681
881 9692
882 9703
883 9714
884 9725
885 9736
886 9747
887 9758
888 9769
889 9780
890 9791
891 9802
892 9813
893 9824
894 9835
895 9846
896 9857
897 9868
898 9879
899 9890
900 9901
901 9912
902 9923
903 9934
904 9945
905 9956
906 9967
907 9978
908 9989
909 10000
910 10011
911 10022
912 10033
913 10044
914 10055
915 10066
916 10077
917 10088
918 10099
919 10110
920 10121
921 10132
922 10143
923 10154
924 10165
925 10176
926 10187
927 10198
928 10209
929 10220
930 10231
931 10242
932 10253
933 10264
934 10275
935 10286
936 10297
937 10308
938 10319
939 10330
940 10341
941 10352
942 10363
943 10374
944 10385
945 10396
946 10407
947 10418
948 10429
949 10440
950 10451
951 10462
952 10473
953 10484
954 10495
955 10506
956 10517
957 10528
958 10539
959 10550
960 10561
961 10572
962 10583
963 10594
964 10605
965 10616
966 10627
967 10638
968 10649
969 10660
970 10671
971 10682
972 10693
973 10704
974 10715
975 10726
976 10737
977 10748
978 10759
979 10770
980 10781
981 10792
982 10803
983 10814
984 10825
985 10836
986 10847
987 10858
988 10869
989 10880
990 10891
991 10902
992 10913
993 10924
994 10935
995 10946
996 10957
997 10968
998 10979
999 10990
1000 11001
