0 1
1 0
2 1
3 1
4 1
5 2
6 2
7 3
8 3
9 5
10 5
11 7
12 8
13 10
14 12
15 15
16 17
17 21
18 25
19 29
20 35
21 41
22 48
23 56
24 66
25 76
26 89
27 103
28 119
29 137
30 159
31 181
32 209
33 239
34 273
35 312
36 356
37 404
38 460
39 522
40 591
41 669
42 757
43 853
44 963
45 1085
46 1219
47 1371
48 1539
49 1725
50 1933
51 2164
52 2418
53 2702
54 3016
55 3362
56 3746
57 4171
58 4637
59 5155
60 5725
61 6351
62 7043
63 7805
64 8639
65 9561
66 10571
67 11679
68 12897
69 14233
70 15694
71 17298
72 19054
73 20972
74 23074
75 25372
76 27878
77 30621
78 33613
79 36875
80 40437
81 44319
82 48545
83 53153
84 58169
85 63623
86 69561
87 76017
88 83029
89 90653
90 98933
91 107915
92 117670
93 128250
94 139718
95 152156
96 165632
97 180224
98 196032
99 213142
100 231651
101 251679
102 273337
103 296741
104 322043
105 349375
106 378885
107 410755
108 445151
109 482255
110 522289
111 565455
112 611983
113 662135
114 716169
115 774359
116 837029
117 904492
118 977086
119 1055204
120 1139228
121 1229572
122 1326712
123 1431114
124 1543286
125 1663800
126 1793227
127 1932183
128 2081361
129 2241455
130 2413215
131 2597473
132 2795077
133 3006931
134 3234043
135 3477437
136 3738207
137 4017569
138 4316757
139 4637099
140 4980051
141 5347105
142 5739863
143 6160071
144 6609531
145 7090168
146 7604076
147 8153426
148 8740526
149 9367892
150 10038124
151 10753996
152 11518516
153 12334802
154 13206180
155 14136241
156 15128719
157 16187595
158 17317151
159 18521857
160 19806463
161 21176077
162 22636033
163 24191999
164 25850057
165 27616567
166 29498277
167 31502427
168 33636581
169 35908777
170 38327607
171 40902069
172 43641713
173 46556733
174 49657817
175 52956297
176 56464252
177 60194364
178 64160058
179 68375644
180 72856136
181 77617432
182 82676456
183 88050968
184 93759776
185 99822866
186 106261230
187 113097085
188 120354013
189 128056803
190 136231659
191 144906389
192 154110219
193 163874037
194 174230593
195 185214311
196 196861557
197 209210865
198 222302737
199 236179951
200 250887795
201 266473875
202 282988461
203 300484723
204 319018573
205 338649011
206 359438413
207 381452373
208 404760073
209 429434627
210 455552902
211 483195950
212 512449386
213 543403204
214 576152284
215 610796772
216 647441948
217 686198762
218 727184264
219 770521504
220 816340102
221 864776750
222 915975133
223 970086551
224 1027270505
225 1087694615
226 1151535345
227 1218978641
228 1290219887
229 1365464721
230 1444929733
231 1528842479
232 1617442391
233 1710981545
234 1809724759
235 1913950567
236 2023952121
237 2140037337
238 2262529987
239 2391770719
240 2528117273
241 2671945703
242 2823651545
243 2983650087
244 3152377787
245 3330293535
246 3517879069
247 3715640550
248 3924109972
249 4143845740
250 4375434388
251 4619492214
252 4876665994
253 5147634896
254 5433112368
255 5733846970
256 6050624578
257 6384270486
258 6735650442
259 7105673140
260 7495292565
261 7905509291
262 8337373269
263 8791986475
264 9270504499
265 9774139647
266 10304163973
267 10861911163
268 11448780029
269 12066237955
270 12715823115
271 13399148425
272 14117905457
273 14873867029
274 15668891709
275 16504928195
276 17384018405
277 18308302555
278 19280024087
279 20301533353
280 21375293271
281 22503884969
282 23690012063
283 24936507031
284 26246337641
285 27622611881
286 29068585203
287 30587667784
288 32183430240
289 33859611848
290 35620128706
291 37469080414
292 39410759330
293 41449659806
294 43590485944
295 45838161996
296 48197842872
297 50674923066
298 53275048390
299 56004127908
300 58868344156
301 61874166451
302 65028364365
303 68338019483
304 71810540447
305 75453678171
306 79275539365
307 83284603525
308 87489740117
309 91900224125
310 96525755179
311 101376477033
312 106462995357
313 111796399299
314 117388283571
315 123250768715
316 129396525493
317 135838799859
318 142591436045
319 149668904179
320 157086328395
321 164859513269
322 173004974923
323 181539972799
324 190482539809
325 199851517363
326 209666591327
327 219948326305
328 230718205145
329 241998669587
330 253813159172
331 266186155868
332 279143229924
333 292711084066
334 306917603852
335 321791909364
336 337364405424
337 353666838346
338 370732354230
339 388595555970
340 407292567140
341 426861097800
342 447340509090
343 468771885180
344 491198107524
345 514663927937
346 539216049695
347 564903211223
348 591776268747
349 619888287707
350 649294636941
351 680053082249
352 712223889271
353 745869929545
354 781056786323
355 817852870255
356 856329538893
357 896561216179
358 938625522573
359 982603409643
360 1028579294835
361 1076641207937
362 1126880942473
363 1179394207737
364 1234280793541
365 1291644740405
366 1351594511083
367 1414243175701
368 1479708603121
369 1548113654287
370 1619586390193
371 1694260287055
372 1772274454063
373 1853773866985
374 1938909610007
375 2027839120787
376 2120726452872
377 2217742547334
378 2319065508474
379 2424880898502
380 2535382042466
381 2650770338398
382 2771255588038
383 2897056339054
384 3028400233810
385 3165524380284
386 3308675736196
387 3458111500868
388 3614099531196
389 3776918772658
390 3946859699278
391 4124224780166
392 4309328962781
393 4502500166833
394 4704079807317
395 4914423336107
396 5133900796337
397 5362897408399
398 5601814176881
399 5851068512463
400 6111094888243
401 6382345519757
402 6665291062241
403 6960421345567
404 7268246135871
405 7589295916923
406 7924122712961
407 8273300941321
408 8637428287807
409 9017126627623
410 9413042979481
411 9825850486035
412 10256249444173
413 10704968372403
414 11172765108557
415 11660427961931
416 12168776907217
417 12698664812861
418 13250978729195
419 13826641223445
420 14426611753707
421 15051888108821
422 15703507900531
423 16382550099853
424 17090136646101
425 17827434113996
426 18595655431258
427 19396061675878
428 20229963938268
429 21098725240732
430 22003762544274
431 22946548828186
432 23928615234148
433 24951553306524
434 26017017313956
435 27126726643504
436 28282468301008
437 29486099501872
438 30739550343674
439 32044826595846
440 33404012589946
441 34819274202254
442 36292861965203
443 37827114290877
444 39424460798441
445 41087425783287
446 42818631811277
447 44620803429521
448 46496771033333
449 48449474872651
450 50481969188877
451 52597426524193
452 54799142185951
453 57090538857121
454 59475171397215
455 61956731815329
456 64539054407103
457 67226121101545
458 70022066999237
459 72931186094139
460 75957937226501
461 79106950248975
462 82383032397617
463 85791174917933
464 89336559928019
465 93024567510175
466 96860783084349
467 100851005044675
468 105001252651069
469 109317774231965
470 113807055678919
471 118475829226041
472 123331082572545
473 128380068329357
474 133630313783339
475 139089631039893
476 144766127525537
477 150668216844066
478 156804630050302
479 163184427323436
480 169817010033620
481 176712133269848
482 183879918810792
483 191330868533154
484 199075878329376
485 207126252516120
486 215493718729644
487 224190443383158
488 233229047668106
489 242622624096892
490 252384753665412
491 262529523618760
492 273071545818178
493 284025975791992
494 295408532455048
495 307235518495261
496 319523841515527
497 332291035915649
498 345555285514677
499 359335447007115
500 373651074237909
501 388522443299435
502 403970578548203
503 420017279527947
504 436685148804411
505 453997620814533
506 471978991719067
507 490654450265445
508 510050109769883
509 530193041209701
510 551111307434669
511 572833998613491
512 595391268907859
513 618814374385973
514 643135712298709
515 668388861712683
516 694608625516057
517 721831073927085
518 750093589502397
519 779434913665049
520 809895194889263
521 841516038543057
522 874340558412079
523 908413430050195
524 943780945962091
525 980491072644795
526 1018593509643885
527 1058139750632851
528 1099183146547821
529 1141778970943649
530 1185984487583465
531 1231859020300771
532 1279464025309580
533 1328863165980340
534 1380122390127284
535 1433310009993206
536 1488496784956394
537 1545756007011400
538 1605163589222264
539 1666798157179784
540 1730741143521464
541 1797076885727060
542 1865892727227738
543 1937279121896496
544 2011329742147280
545 2088141590688280
546 2167815116007652
547 2250454331833628
548 2336166940624028
549 2425064461174326
550 2517262360602058
551 2612880190773903
552 2712041729275499
553 2814875125199957
554 2921513049833337
555 3032092852349159
556 3146756720808473
557 3265651848555699
558 3388930606136717
559 3516750719057469
560 3649275451486205
561 3786673796043095
562 3929120670017193
563 4076797118129881
564 4229890522006529
565 4388594816719871
566 4553110714543105
567 4723645936092503
568 4900415449250247
569 5083641716025233
570 5273554947551673
571 5470393367646779
572 5674403485105287
573 5885840374954617
574 6104967969123719
575 6332059356725945
576 6567397094206895
577 6811273525843185
578 7063991114819133
579 7325862785160835
580 7597212275049827
581 7878374501773225
582 8169695938620055
583 8471535004286481
584 8784262465079023
585 9108261850258705
586 9443929881133815
587 9791676914224405
588 10151927398879243
589 10525120350001141
590 10911709836240922
591 11312165484083706
592 11726972998533830
593 12156634700801338
594 12601670083459906
595 13062616383837064
596 13540029176088124
597 14034482982472132
598 14546571904652100
599 15076910275522812
600 15626133332137918
601 16194897910626492
602 16783883163657366
603 17393791301083498
604 18025348354729110
605 18679304967938474
606 19356437210586290
607 20057547420589134
608 20783465072605548
609 21535047674697364
610 22313181694075541
611 23118783512694603
612 23952800413545845
613 24816211598865821
614 25710029241106613
615 26635299567603487
616 27593103980258789
617 28584560211177179
618 29610823515283237
619 30673087901350299
620 31772587402473061
621 32910597387120443
622 34088435912315575
623 35307465120083785
624 36569092678419639
625 37874773268448017
626 39226010119040381
627 40624356590260399
628 42071417807455275
629 43568852347384605
630 45118373977895289
631 46721753453114503
632 48380820365693017
633 50097465057756673
634 51873640592706057
635 53711364789550197
636 55612722321597323
637 57579866881822535
638 59615023416769191
639 61720490430985579
640 63898642364512911
641 66151932045469809
642 68482893219927439
643 70894143161807473
644 73388385365052047
645 75968412320470897
646 78637108380234223
647 81397452712481189
648 84252522348682147
649 87205495326978589
650 90259653934212525
651 93418388049538800
652 96685198593120298
653 100063701082883950
654 103557629302508658
655 107170839084445318
656 110907312211239290
657 114771160438627014
658 118766629644535866
659 122898104107575684
660 127170110918821516
661 131587324531376500
662 136154571451647778
663 140876835076495292
664 145759260681132426
665 150807160562087158
666 156026019339778826
667 161421499426010638
668 166999446661099668
669 172765896125628690
670 178727078132578222
671 184889424405013318
672 191259574444774259
673 197844382098431225
674 204650922326169295
675 211686498179559985
676 218958647995027087
677 226475152809206295
678 234244044002710871
679 242273611179704489
680 250572410290062679
681 259149272001242761
682 268013310327905837
683 277173931526709725
684 286640843264052681
685 296424064065510711
686 306533933055083721
687 316981119992746519
688 327776635619810815
689 338931842320970241
690 350458465112305009
691 362368602965583951
692 374674740478557873
693 387389759901373461
694 400526953530348285
695 414100036479695899
696 428123159842260965
697 442610924251483277
698 457578393856157331
699 473041110720059245
700 489015109659722799
701 505516933532998831
702 522563648991567089
703 540172862711841551
704 558362738118063409
705 577152012611945089
706 596560015324569083
707 616606685405594117
708 637312590865435897
709 658698947987495687
710 680787641326859403
711 703601244312555177
712 727163040471927127
713 751497045295042921
714 776628028757765665
715 802581538523661834
716 829383923844290934
717 857062360178181944
718 885644874550425288
719 915160371674194658
720 945638660856325214
721 977110483710787822
722 1009607542703293714
723 1043162530551140078
724 1077809160504209848
725 1113582197532448118
726 1150517490446085002
727 1188652004976766816
728 1228023857847191684
729 1268672351857864458
730 1310638012021574894
731 1353962622775669534
732 1398689266303276796
733 1444862361996744984
734 1492527707096050800
735 1541732518536102800
736 1592525476039086324
737 1644956766487523111
738 1699078129614978383
739 1754942905053693743
740 1812606080777986871
741 1872124342983622325
742 1933556127445826571
743 1996961672398234613
744 2062403072976522787
745 2129944337273086339
746 2199651444048795521
747 2271592402149435701
748 2345837311677195147
749 2422458426967299483
750 2501530221421580901
751 2583129454253694659
752 2667335239200491899
753 2754229115255882661
754 2843895119486617389
755 2936419861989285009
756 3031892603049798511
757 3130405332569908899
758 3232052851825248605
759 3336932857621531393
760 3445146028918996479
761 3556796115995248129
762 3671990032218926389
763 3790837948510317665
764 3913453390565186015
765 4039953338920563745
766 4170458331945143907
767 4305092571837202077
768 4443984033715628933
769 4587264577893800045
770 4735070065426420681
771 4887540477022355011
772 5044820035420841557
773 5207057331329060421
774 5374405453022115067
775 5547022119711152901
776 5725069818786084499
777 5908715947042692461
778 6098132956008882835
779 6293498501485747093
780 6494995597422691447
781 6702812774251176841
782 6917144241802717118
783 7138190056940661348
784 7366156296040911268
785 7601255232458042492
786 7843705519117491396
787 8093732376380449660
788 8351567785329671458
789 8617450686628922730
790 8891627185115167382
791 9174350760284419990
792 9465882482837068524
793 9766491237455260044
794 10076453951987066484
795 10396055833217402786
796 10725590609412917602
797 11065360779830509214
798 11415677871384796898
799 11776862702677610102
800 12149245655595330954
801 12533166954686063612
802 12928976954536846162
803 13337036435374278448
804 13757716907118565584
805 14191400922129770067
806 14638482396888648133
807 15099366942861588755
808 15574472206808571629
809 16064228220797097625
810 16569077762192748985
811 17089476723907089735
812 17625894495188137555
813 18178814353246962605
814 18748733866024714667
815 19336165306409433565
816 19941636078220995943
817 20565689154294030375
818 21208883526994282013
819 21871794671513620995
820 22555015022301162647
821 23259154462994267593
822 23984840830223664887
823 24732720431680083135
824 25503458578836771583
825 26297740134733597159
826 27116270077242480601
827 27959774078241681447
828 28828999099138652121
829 29724714003196255163
830 30647710185125703557
831 31598802218422777223
832 32578828520940003961
833 33588652039196962261
834 34629160951945107819
835 35701269393520805563
836 36805918197530705417
837 37944075661428966225
838 39116738332564358661
839 40324931816286795451
840 41569711606719417919
841 42852163940822241441
842 44173406676386018007
843 45534590194612881643
844 46936898327961653013
845 48381549313949575403
846 49869796775621599125
847 51402930729421174111
848 52982278621211769191
849 54609206391219218073
850 56285119568689490279
851 58011464397073225881
852 59789728990570899318
853 61621444522898774218
854 63508186449154143854
855 65451575761682660212
856 67453280280878790028
857 69515015981870482036
858 71638548358065376130
859 73825693822566193834
860 76078321148484858072
861 78398352949213230684
862 80787767199740884388
863 83248598800134267132
864 85782941182322203396
865 88392947961367599676
866 91080834632431368096
867 93848880314667578142
868 96699429543326362178
869 99634894111369622020
870 102657754961940183036
871 105770564133065354756
872 108975946756006934134
873 112276603108708110730
874 115675310725831043382
875 119174926566912724032
876 122778389244208219657
877 126488721311836903943
878 130309031617884150201
879 134242517721155708517
880 138292468374331971709
881 142462266075309460495
882 146755389688565124223
883 151175417138432781251
884 155726028176224662635
885 160411007223183084757
886 165234246291305042087
887 170199747984129931673
888 175311628579636795977
889 180574121197459563959
890 185991579052680286025
891 191568478798520969399
892 197309423960321357713
893 203219148463245957377
894 209302520256228988671
895 215564545034737683403
896 222010370064995111989
897 228645288112374218941
898 235474741476751895403
899 242504326137677850259
900 249739796012289060911
901 257187067328983558489
902 264852223119938803221
903 272741517835641894989
904 280861382084688091507
905 289218427502181622733
906 297819451750161219159
907 306671443653568710217
908 315781588475363079095
909 325157273334477709679
910 334806092770421728159
911 344735854458417408813
912 354954585079068397715
913 365470536346664476013
914 376292191200327225349
915 387428270162311757169
916 398887737867899037387
917 410679809771420128757
918 422813959033073128587
919 435299923591321969525
920 448147713425781841035
921 461367618015624772009
922 474970213998676991241
923 488966373036504784877
924 503367269890924376083
925 518184390717519859486
926 533429541581888586714
927 549114857204482978854
928 565252809940077494424
929 581856218998035887176
930 598938259909715075768
931 616512474249513802312
932 634592779616232546646
933 653193479881584869088
934 672329275712885209436
935 692015275377109275514
936 712267005833710340970
937 733100424123773592214
938 754531929063275601258
939 776578373248417679294
940 799257075381215713058
941 822585832923728933138
942 846582935089527316206
943 871267176181227356626
944 896657869283141833262
945 922774860318323215890
946 949638542479527807470
947 977269871043860864530
948 1005690378581115024302
949 1034922190566080529048
950 1064988041405357475385
951 1095911290889471851815
952 1127715941081383383805
953 1160426653652744992003
954 1194068767679566103573
955 1228668317909239930477
956 1264252053511188207507
957 1300847457323691775413
958 1338482765609806540789
959 1377186988335580942765
960 1416989929984130118609
961 1457922210919478132015
962 1500015289314421198289
963 1543301483657029924475
964 1587813995850791634565
965 1633586934923762307451
966 1680655341362490729513
967 1729055212086889390777
968 1778823526082624070351
969 1829998270708017209073
970 1882618468692903140647
971 1936724205847301837209
972 1992356659498233295719
973 2049558127673471061163
974 2108372059051495478121
975 2168843083697397487055
976 2231017044604996054535
977 2294941030065930444537
978 2360663406887016155861
979 2428233854477704184309
980 2497703399830020140043
981 2569124453413927576309
982 2642550846011652128075
983 2718037866515081642835
984 2795642300710968503469
985 2875422471079297090387
986 2957438277630802779313
987 3041751239810286282061
988 3128424539493051736755
989 3217523065102468616165
990 3309113456877364804237
991 3403264153318694208883
992 3500045438845645748521
993 3599529492692121455729
994 3701790439075302668705
995 3806904398668802457183
996 3914949541413720962497
997 4026006140701770837677
998 4140156628965479061587
999 4257485654711351820239
1000 4378080141032803341267
