0 0
1 18
2 29
3 40
4 51
5 62
6 73
7 84
8 95
9 106
10 117
11 128
12 139
13 150
14 161
15 172
16 183
17 194
18 205
19 216
20 227
21 238
22 249
23 260
24 271
25 282
26 293
27 304
28 315
29 326
30 337
31 348
32 359
33 370
34 381
35 392
36 403
37 414
38 425
39 436
40 447
41 458
42 469
43 480
44 491
45 502
46 513
47 524
48 535
49 546
50 557
51 568
52 579
53 590
54 601
55 612
56 623
57 634
58 645
59 656
60 667
61 678
62 689
63 700
64 711
65 722
66 733
67 744
68 755
69 766
70 777
71 788
72 799
73 810
74 821
75 832
76 843
77 854
78 865
79 876
80 887
81 898
82 909
83 920
84 931
85 942
86 953
87 964
88 975
89 986
90 997
91 1008
92 1019
93 1030
94 1041
95 1052
96 1063
97 1074
98 1085
99 1096
100 1107
101 1118
102 1129
103 1140
104 1151
105 1162
106 1173
107 1184
108 1195
109 1206
110 1217
111 1228
112 1239
113 1250
114 1261
115 1272
116 1283
117 1294
118 1305
119 1316
120 1327
121 1338
122 1349
123 1360
124 1371
125 1382
126 1393
127 1404
128 1415
129 1426
130 1437
131 1448
132 1459
133 1470
134 1481
135 1492
136 1503
137 1514
138 1525
139 1536
140 1547
141 1558
142 1569
143 1580
144 1591
145 1602
146 1613
147 1624
148 1635
149 1646
150 1657
151 1668
152 1679
153 1690
154 1701
155 1712
156 1723
157 1734
158 1745
159 1756
160 1767
161 1778
162 1789
163 1800
164 1811
165 1822
166 1833
167 1844
168 1855
169 1866
170 1877
171 1888
172 1899
173 1910
174 1921
175 1932
176 1943
177 1954
178 1965
179 1976
180 1987
181 1998
182 2009
183 2020
184 2031
185 2042
186 2053
187 2064
188 2075
189 2086
190 2097
191 2108
192 2119
193 2130
194 2141
195 2152
196 2163
197 2174
198 2185
199 2196
200 2207
201 2218
202 2229
203 2240
204 2251
205 2262
206 2273
207 2284
208 2295
209 2306
210 2317
211 2328
212 2339
213 2350
214 2361
215 2372
216 2383
217 2394
218 2405
219 2416
220 2427
221 2438
222 2449
223 2460
224 2471
225 2482
226 2493
227 2504
228 2515
229 2526
230 2537
231 2548
232 2559
233 2570
234 2581
235 2592
236 2603
237 2614
238 2625
239 2636
240 2647
241 2658
242 2669
243 2680
244 2691
245 2702
246 2713
247 2724
248 2735
249 2746
250 2757
251 2768
252 2779
253 2790
254 2801
255 2812
256 2823
257 2834
258 2845
259 2856
260 2867
261 2878
262 2889
263 2900
264 2911
265 2922
266 2933
267 2944
268 2955
269 2966
270 2977
271 2988
272 2999
273 3010
274 3021
275 3032
276 3043
277 3054
278 3065
279 3076
280 3087
281 3098
282 3109
283 3120
284 3131
285 3142
286 3153
287 3164
288 3175
289 3186
290 3197
291 3208
292 3219
293 3230
294 3241
295 3252
296 3263
297 3274
298 3285
299 3296
300 3307
301 3318
302 3329
303 3340
304 3351
305 3362
306 3373
307 3384
308 3395
309 3406
310 3417
311 3428
312 3439
313 3450
314 3461
315 3472
316 3483
317 3494
318 3505
319 3516
320 3527
321 3538
322 3549
323 3560
324 3571
325 3582
326 3593
327 3604
328 3615
329 3626
330 3637
331 3648
332 3659
333 3670
334 3681
335 3692
336 3703
337 3714
338 3725
339 3736
340 3747
341 3758
342 3769
343 3780
344 3791
345 3802
346 3813
347 3824
348 3835
349 3846
350 3857
351 3868
352 3879
353 3890
354 3901
355 3912
356 3923
357 3934
358 3945
359 3956
360 3967
361 3978
362 3989
363 4000
364 4011
365 4022
366 4033
367 4044
368 4055
369 4066
370 4077
371 4088
372 4099
373 4110
374 4121
375 4132
376 4143
377 4154
378 4165
379 4176
380 4187
381 4198
382 4209
383 4220
384 4231
385 4242
386 4253
387 4264
388 4275
389 4286
390 4297
391 4308
392 4319
393 4330
394 4341
395 4352
396 4363
397 4374
398 4385
399 4396
400 4407
401 4418
402 4429
403 4440
404 4451
405 4462
406 4473
407 4484
408 4495
409 4506
410 4517
411 4528
412 4539
413 4550
414 4561
415 4572
416 4583
417 4594
418 4605
419 4616
420 4627
421 4638
422 4649
423 4660
424 4671
425 4682
426 4693
427 4704
428 4715
429 4726
430 4737
431 4748
432 4759
433 4770
434 4781
435 4792
436 4803
437 4814
438 4825
439 4836
440 4847
441 4858
442 4869
443 4880
444 4891
445 4902
446 4913
447 4924
448 4935
449 4946
450 4957
451 4968
452 4979
453 4990
454 5001
455 5012
456 5023
457 5034
458 5045
459 5056
460 5067
461 5078
462 5089
463 5100
464 5111
465 5122
466 5133
467 5144
468 5155
469 5166
470 5177
471 5188
472 5199
473 5210
474 5221
475 5232
476 5243
477 5254
478 5265
479 5276
480 5287
481 5298
482 5309
483 5320
484 5331
485 5342
486 5353
487 5364
488 5375
489 5386
490 5397
491 5408
492 5419
493 5430
494 5441
495 5452
496 5463
497 5474
498 5485
499 5496
500 5507
501 5518
502 5529
503 5540
504 5551
505 5562
506 5573
507 5584
508 5595
509 5606
510 5617
511 5628
512 5639
513 5650
514 5661
515 5672
516 5683
517 5694
518 5705
519 5716
520 5727
521 5738
522 5749
523 5760
524 5771
525 5782
526 5793
527 5804
528 5815
529 5826
530 5837
531 5848
532 5859
533 5870
534 5881
535 5892
536 5903
537 5914
538 5925
539 5936
540 5947
541 5958
542 5969
543 5980
544 5991
545 6002
546 6013
547 6024
548 6035
549 6046
550 6057
551 6068
552 6079
553 6090
554 6101
555 6112
556 6123
557 6134
558 6145
559 6156
560 6167
561 6178
562 6189
563 6200
564 6211
565 6222
566 6233
567 6244
568 6255
569 6266
570 6277
571 6288
572 6299
573 6310
574 6321
575 6332
576 6343
577 6354
578 6365
579 6376
580 6387
581 6398
582 6409
583 6420
584 6431
585 6442
586 6453
587 6464
588 6475
589 6486
590 6497
591 6508
592 6519
593 6530
594 6541
595 6552
596 6563
597 6574
598 6585
599 6596
600 6607
601 6618
602 6629
603 6640
604 6651
605 6662
606 6673
607 6684
608 6695
609 6706
610 6717
611 6728
612 6739
613 6750
614 6761
615 6772
616 6783
617 6794
618 6805
619 6816
620 6827
621 6838
622 6849
623 6860
624 6871
625 6882
626 6893
627 6904
628 6915
629 6926
630 6937
631 6948
632 6959
633 6970
634 6981
635 6992
636 7003
637 7014
638 7025
639 7036
640 7047
641 7058
642 7069
643 7080
644 7091
645 7102
646 7113
647 7124
648 7135
649 7146
650 7157
651 7168
652 7179
653 7190
654 7201
655 7212
656 7223
657 7234
658 7245
659 7256
660 7267
661 7278
662 7289
663 7300
664 7311
665 7322
666 7333
667 7344
668 7355
669 7366
670 7377
671 7388
672 7399
673 7410
674 7421
675 7432
676 7443
677 7454
678 7465
679 7476
680 7487
681 7498
682 7509
683 7520
684 7531
685 7542
686 7553
687 7564
688 7575
689 7586
690 7597
691 7608
692 7619
693 7630
694 7641
695 7652
696 7663
697 7674
698 7685
699 7696
700 7707
701 7718
702 7729
703 7740
704 7751
705 7762
706 7773
707 7784
708 7795
709 7806
710 7817
711 7828
712 7839
713 7850
714 7861
715 7872
716 7883
717 7894
718 7905
719 7916
720 7927
721 7938
722 7949
723 7960
724 7971
725 7982
726 7993
727 8004
728 8015
729 8026
730 8037
731 8048
732 8059
733 8070
734 8081
735 8092
736 8103
737 8114
738 8125
739 8136
740 8147
741 8158
742 8169
743 8180
744 8191
745 8202
746 8213
747 8224
748 8235
749 8246
750 8257
751 8268
752 8279
753 8290
754 8301
755 8312
756 8323
757 8334
758 8345
759 8356
760 8367
761 8378
762 8389
763 8400
764 8411
765 8422
766 8433
767 8444
768 8455
769 8466
770 8477
771 8488
772 8499
773 8510
774 8521
775 8532
776 8543
777 8554
778 8565
779 8576
780 8587
781 8598
782 8609
783 8620
784 8631
785 8642
786 8653
787 8664
788 8675
789 8686
790 8697
791 8708
792 8719
793 8730
794 8741
795 8752
796 8763
797 8774
798 8785
799 8796
800 8807
801 8818
802 8829
803 8840
804 8851
805 8862
806 8873
807 8884
808 8895
809 8906
810 8917
811 8928
812 8939
813 8950
814 8961
815 8972
816 8983
817 8994
818 9005
819 9016
820 9027
821 9038
822 9049
823 9060
824 9071
825 9082
826 9093
827 9104
828 9115
829 9126
830 9137
831 9148
832 9159
833 9170
834 9181
835 9192
836 9203
837 9214
838 9225
839 9236
840 9247
841 9258
842 9269
843 9280
844 9291
845 9302
846 9313
847 9324
848 9335
849 9346
850 9357
851 9368
852 9379
853 9390
854 9401
855 9412
856 9423
857 9434
858 9445
859 9456
860 9467
861 9478
862 9489
863 9500
864 9511
865 9522
866 9533
867 9544
868 9555
869 9566
870 9577
871 9588
872 9599
873 9610
874 9621
875 9632
876 9643
877 9654
878 9665
879 9676
880 9687
881 9698
882 9709
883 9720
884 9731
885 9742
886 9753
887 9764
888 9775
889 9786
890 9797
891 9808
892 9819
893 9830
894 9841
895 9852
896 9863
897 9874
898 9885
899 9896
900 9907
901 9918
902 9929
903 9940
904 9951
905 9962
906 9973
907 9984
908 9995
909 10006
910 10017
911 10028
912 10039
913 10050
914 10061
915 10072
916 10083
917 10094
918 10105
919 10116
920 10127
921 10138
922 10149
923 10160
924 10171
925 10182
926 10193
927 10204
928 10215
929 10226
930 10237
931 10248
932 10259
933 10270
934 10281
935 10292
936 10303
937 10314
938 10325
939 10336
940 10347
941 10358
942 10369
943 10380
944 10391
945 10402
946 10413
947 10424
948 10435
949 10446
950 10457
951 10468
952 10479
953 10490
954 10501
955 10512
956 10523
957 10534
958 10545
959 10556
960 10567
961 10578
962 10589
963 10600
964 10611
965 10622
966 10633
967 10644
968 10655
969 10666
970 10677
971 10688
972 10699
973 10710
974 10721
975 10732
976 10743
977 10754
978 10765
979 10776
980 10787
981 10798
982 10809
983 10820
984 10831
985 10842
986 10853
987 10864
988 10875
989 10886
990 10897
991 10908
992 10919
993 10930
994 10941
995 10952
996 10963
997 10974
998 10985
999 10996
1000 11007
