0 0
1 20
2 40
3 60
4 80
5 100
6 120
7 140
8 160
9 180
10 200
11 220
12 240
13 260
14 280
15 300
16 320
17 340
18 360
19 380
20 400
21 420
22 440
23 460
24 480
25 500
26 520
27 540
28 560
29 580
30 600
31 620
32 640
33 660
34 680
35 700
36 720
37 740
38 760
39 780
40 800
41 820
42 840
43 860
44 880
45 900
46 920
47 940
48 960
49 980
50 1000
51 1020
52 1040
53 1060
54 1080
55 1100
56 1120
57 1140
58 1160
59 1180
60 1200
61 1220
62 1240
63 1260
64 1280
65 1300
66 1320
67 1340
68 1360
69 1380
70 1400
71 1420
72 1440
73 1460
74 1480
75 1500
76 1520
77 1540
78 1560
79 1580
80 1600
81 1620
82 1640
83 1660
84 1680
85 1700
86 1720
87 1740
88 1760
89 1780
90 1800
91 1820
92 1840
93 1860
94 1880
95 1900
96 1920
97 1940
98 1960
99 1980
100 2000
101 2020
102 2040
103 2060
104 2080
105 2100
106 2120
107 2140
108 2160
109 2180
110 2200
111 2220
112 2240
113 2260
114 2280
115 2300
116 2320
117 2340
118 2360
119 2380
120 2400
121 2420
122 2440
123 2460
124 2480
125 2500
126 2520
127 2540
128 2560
129 2580
130 2600
131 2620
132 2640
133 2660
134 2680
135 2700
136 2720
137 2740
138 2760
139 2780
140 2800
141 2820
142 2840
143 2860
144 2880
145 2900
146 2920
147 2940
148 2960
149 2980
150 3000
151 3020
152 3040
153 3060
154 3080
155 3100
156 3120
157 3140
158 3160
159 3180
160 3200
161 3220
162 3240
163 3260
164 3280
165 3300
166 3320
167 3340
168 3360
169 3380
170 3400
171 3420
172 3440
173 3460
174 3480
175 3500
176 3520
177 3540
178 3560
179 3580
180 3600
181 3620
182 3640
183 3660
184 3680
185 3700
186 3720
187 3740
188 3760
189 3780
190 3800
191 3820
192 3840
193 3860
194 3880
195 3900
196 3920
197 3940
198 3960
199 3980
200 4000
201 4020
202 4040
203 4060
204 4080
205 4100
206 4120
207 4140
208 4160
209 4180
210 4200
211 4220
212 4240
213 4260
214 4280
215 4300
216 4320
217 4340
218 4360
219 4380
220 4400
221 4420
222 4440
223 4460
224 4480
225 4500
226 4520
227 4540
228 4560
229 4580
230 4600
231 4620
232 4640
233 4660
234 4680
235 4700
236 4720
237 4740
238 4760
239 4780
240 4800
241 4820
242 4840
243 4860
244 4880
245 4900
246 4920
247 4940
248 4960
249 4980
250 5000
251 5020
252 5040
253 5060
254 5080
255 5100
256 5120
257 5140
258 5160
259 5180
260 5200
261 5220
262 5240
263 5260
264 5280
265 5300
266 5320
267 5340
268 5360
269 5380
270 5400
271 5420
272 5440
273 5460
274 5480
275 5500
276 5520
277 5540
278 5560
279 5580
280 5600
281 5620
282 5640
283 5660
284 5680
285 5700
286 5720
287 5740
288 5760
289 5780
290 5800
291 5820
292 5840
293 5860
294 5880
295 5900
296 5920
297 5940
298 5960
299 5980
300 6000
301 6020
302 6040
303 6060
304 6080
305 6100
306 6120
307 6140
308 6160
309 6180
310 6200
311 6220
312 6240
313 6260
314 6280
315 6300
316 6320
317 6340
318 6360
319 6380
320 6400
321 6420
322 6440
323 6460
324 6480
325 6500
326 6520
327 6540
328 6560
329 6580
330 6600
331 6620
332 6640
333 6660
334 6680
335 6700
336 6720
337 6740
338 6760
339 6780
340 6800
341 6820
342 6840
343 6860
344 6880
345 6900
346 6920
347 6940
348 6960
349 6980
350 7000
351 7020
352 7040
353 7060
354 7080
355 7100
356 7120
357 7140
358 7160
359 7180
360 7200
361 7220
362 7240
363 7260
364 7280
365 7300
366 7320
367 7340
368 7360
369 7380
370 7400
371 7420
372 7440
373 7460
374 7480
375 7500
376 7520
377 7540
378 7560
379 7580
380 7600
381 7620
382 7640
383 7660
384 7680
385 7700
386 7720
387 7740
388 7760
389 7780
390 7800
391 7820
392 7840
393 7860
394 7880
395 7900
396 7920
397 7940
398 7960
399 7980
400 8000
401 8020
402 8040
403 8060
404 8080
405 8100
406 8120
407 8140
408 8160
409 8180
410 8200
411 8220
412 8240
413 8260
414 8280
415 8300
416 8320
417 8340
418 8360
419 8380
420 8400
421 8420
422 8440
423 8460
424 8480
425 8500
426 8520
427 8540
428 8560
429 8580
430 8600
431 8620
432 8640
433 8660
434 8680
435 8700
436 8720
437 8740
438 8760
439 8780
440 8800
441 8820
442 8840
443 8860
444 8880
445 8900
446 8920
447 8940
448 8960
449 8980
450 9000
451 9020
452 9040
453 9060
454 9080
455 9100
456 9120
457 9140
458 9160
459 9180
460 9200
461 9220
462 9240
463 9260
464 9280
465 9300
466 9320
467 9340
468 9360
469 9380
470 9400
471 9420
472 9440
473 9460
474 9480
475 9500
476 9520
477 9540
478 9560
479 9580
480 9600
481 9620
482 9640
483 9660
484 9680
485 9700
486 9720
487 9740
488 9760
489 9780
490 9800
491 9820
492 9840
493 9860
494 9880
495 9900
496 9920
497 9940
498 9960
499 9980
500 10000
501 10020
502 10040
503 10060
504 10080
505 10100
506 10120
507 10140
508 10160
509 10180
510 10200
511 10220
512 10240
513 10260
514 10280
515 10300
516 10320
517 10340
518 10360
519 10380
520 10400
521 10420
522 10440
523 10460
524 10480
525 10500
526 10520
527 10540
528 10560
529 10580
530 10600
531 10620
532 10640
533 10660
534 10680
535 10700
536 10720
537 10740
538 10760
539 10780
540 10800
541 10820
542 10840
543 10860
544 10880
545 10900
546 10920
547 10940
548 10960
549 10980
550 11000
551 11020
552 11040
553 11060
554 11080
555 11100
556 11120
557 11140
558 11160
559 11180
560 11200
561 11220
562 11240
563 11260
564 11280
565 11300
566 11320
567 11340
568 11360
569 11380
570 11400
571 11420
572 11440
573 11460
574 11480
575 11500
576 11520
577 11540
578 11560
579 11580
580 11600
581 11620
582 11640
583 11660
584 11680
585 11700
586 11720
587 11740
588 11760
589 11780
590 11800
591 11820
592 11840
593 11860
594 11880
595 11900
596 11920
597 11940
598 11960
599 11980
600 12000
601 12020
602 12040
603 12060
604 12080
605 12100
606 12120
607 12140
608 12160
609 12180
610 12200
611 12220
612 12240
613 12260
614 12280
615 12300
616 12320
617 12340
618 12360
619 12380
620 12400
621 12420
622 12440
623 12460
624 12480
625 12500
626 12520
627 12540
628 12560
629 12580
630 12600
631 12620
632 12640
633 12660
634 12680
635 12700
636 12720
637 12740
638 12760
639 12780
640 12800
641 12820
642 12840
643 12860
644 12880
645 12900
646 12920
647 12940
648 12960
649 12980
650 13000
651 13020
652 13040
653 13060
654 13080
655 13100
656 13120
657 13140
658 13160
659 13180
660 13200
661 13220
662 13240
663 13260
664 13280
665 13300
666 13320
667 13340
668 13360
669 13380
670 13400
671 13420
672 13440
673 13460
674 13480
675 13500
676 13520
677 13540
678 13560
679 13580
680 13600
681 13620
682 13640
683 13660
684 13680
685 13700
686 13720
687 13740
688 13760
689 13780
690 13800
691 13820
692 13840
693 13860
694 13880
695 13900
696 13920
697 13940
698 13960
699 13980
700 14000
701 14020
702 14040
703 14060
704 14080
705 14100
706 14120
707 14140
708 14160
709 14180
710 14200
711 14220
712 14240
713 14260
714 14280
715 14300
716 14320
717 14340
718 14360
719 14380
720 14400
721 14420
722 14440
723 14460
724 14480
725 14500
726 14520
727 14540
728 14560
729 14580
730 14600
731 14620
732 14640
733 14660
734 14680
735 14700
736 14720
737 14740
738 14760
739 14780
740 14800
741 14820
742 14840
743 14860
744 14880
745 14900
746 14920
747 14940
748 14960
749 14980
750 15000
751 15020
752 15040
753 15060
754 15080
755 15100
756 15120
757 15140
758 15160
759 15180
760 15200
761 15220
762 15240
763 15260
764 15280
765 15300
766 15320
767 15340
768 15360
769 15380
770 15400
771 15420
772 15440
773 15460
774 15480
775 15500
776 15520
777 15540
778 15560
779 15580
780 15600
781 15620
782 15640
783 15660
784 15680
785 15700
786 15720
787 15740
788 15760
789 15780
790 15800
791 15820
792 15840
793 15860
794 15880
795 15900
796 15920
797 15940
798 15960
799 15980
800 16000
801 16020
802 16040
803 16060
804 16080
805 16100
806 16120
807 16140
808 16160
809 16180
810 16200
811 16220
812 16240
813 16260
814 16280
815 16300
816 16320
817 16340
818 16360
819 16380
820 16400
821 16420
822 16440
823 16460
824 16480
825 16500
826 16520
827 16540
828 16560
829 16580
830 16600
831 16620
832 16640
833 16660
834 16680
835 16700
836 16720
837 16740
838 16760
839 16780
840 16800
841 16820
842 16840
843 16860
844 16880
845 16900
846 16920
847 16940
848 16960
849 16980
850 17000
851 17020
852 17040
853 17060
854 17080
855 17100
856 17120
857 17140
858 17160
859 17180
860 17200
861 17220
862 17240
863 17260
864 17280
865 17300
866 17320
867 17340
868 17360
869 17380
870 17400
871 17420
872 17440
873 17460
874 17480
875 17500
876 17520
877 17540
878 17560
879 17580
880 17600
881 17620
882 17640
883 17660
884 17680
885 17700
886 17720
887 17740
888 17760
889 17780
890 17800
891 17820
892 17840
893 17860
894 17880
895 17900
896 17920
897 17940
898 17960
899 17980
900 18000
901 18020
902 18040
903 18060
904 18080
905 18100
906 18120
907 18140
908 18160
909 18180
910 18200
911 18220
912 18240
913 18260
914 18280
915 18300
916 18320
917 18340
918 18360
919 18380
920 18400
921 18420
922 18440
923 18460
924 18480
925 18500
926 18520
927 18540
928 18560
929 18580
930 18600
931 18620
932 18640
933 18660
934 18680
935 18700
936 18720
937 18740
938 18760
939 18780
940 18800
941 18820
942 18840
943 18860
944 18880
945 18900
946 18920
947 18940
948 18960
949 18980
950 19000
951 19020
952 19040
953 19060
954 19080
955 19100
956 19120
957 19140
958 19160
959 19180
960 19200
961 19220
962 19240
963 19260
964 19280
965 19300
966 19320
967 19340
968 19360
969 19380
970 19400
971 19420
972 19440
973 19460
974 19480
975 19500
976 19520
977 19540
978 19560
979 19580
980 19600
981 19620
982 19640
983 19660
984 19680
985 19700
986 19720
987 19740
988 19760
989 19780
990 19800
991 19820
992 19840
993 19860
994 19880
995 19900
996 19920
997 19940
998 19960
999 19980
1000 20000
