0 1
1 0
2 1
3 0
4 1
5 1
6 2
7 1
8 3
9 2
10 4
11 3
12 6
13 4
14 8
15 6
16 10
17 9
18 14
19 11
20 18
21 15
22 22
23 20
24 29
25 25
26 36
27 32
28 43
29 41
30 54
31 49
32 66
33 61
34 78
35 75
36 95
37 89
38 113
39 107
40 132
41 129
42 157
43 150
44 184
45 178
46 212
47 209
48 248
49 241
50 287
51 280
52 327
53 325
54 377
55 370
56 431
57 425
58 487
59 486
60 555
61 549
62 628
63 623
64 704
65 706
66 794
67 790
68 891
69 889
70 992
71 997
72 1110
73 1109
74 1236
75 1237
76 1367
77 1378
78 1518
79 1522
80 1680
81 1687
82 1848
83 1865
84 2039
85 2050
86 2243
87 2257
88 2455
89 2482
90 2694
91 2713
92 2948
93 2972
94 3212
95 3250
96 3507
97 3538
98 3820
99 3856
100 4145
101 4198
102 4505
103 4550
104 4887
105 4939
106 5283
107 5353
108 5719
109 5782
110 6180
111 6250
112 6658
113 6750
114 7181
115 7265
116 7733
117 7827
118 8305
119 8422
120 8928
121 9038
122 9584
123 9704
124 10263
125 10411
126 10999
127 11139
128 11773
129 11926
130 12574
131 12756
132 13438
133 13614
134 14345
135 14535
136 15283
137 15507
138 16291
139 16508
140 17348
141 17582
142 18440
143 18710
144 19610
145 19875
146 20834
147 21117
148 22098
149 22423
150 23448
151 23767
152 24859
153 25200
154 26315
155 26700
156 27865
157 28247
158 29483
159 29888
160 31152
161 31607
162 32924
163 33375
164 34771
165 35250
166 36675
167 37207
168 38692
169 39223
170 40792
171 41352
172 42955
173 43575
174 45241
175 45860
176 47619
177 48272
178 50067
179 50783
180 52649
181 53367
182 55331
183 56085
184 58091
185 58916
186 60996
187 61823
188 64011
189 64880
190 67112
191 68055
192 70370
193 71319
194 73748
195 74741
196 77220
197 78296
198 80862
199 81944
200 84635
201 85767
202 88511
203 89730
204 92570
205 93800
206 96771
207 98054
208 101085
209 102464
210 105596
211 106986
212 110261
213 111711
214 115049
215 116600
216 120049
217 121616
218 125215
219 126845
220 130515
221 132256
222 136042
223 137800
224 141749
225 143578
226 147601
227 149546
228 153696
229 155664
230 159985
231 162027
232 166431
233 168600
234 173137
235 175330
236 180051
237 182327
238 187135
239 189544
240 194497
241 196936
242 202082
243 204608
244 209850
245 212521
246 217914
247 220617
248 226218
249 229017
250 234719
251 237669
252 243535
253 246524
254 252607
255 255697
256 261891
257 265145
258 271510
259 274805
260 281403
261 284809
262 291523
263 295100
264 301999
265 305625
266 312767
267 316509
268 323778
269 327705
270 335167
271 339145
272 346867
273 350972
274 358827
275 363125
276 371187
277 375545
278 383878
279 388369
280 396847
281 401545
282 410239
283 415000
284 423983
285 428889
286 438023
287 443145
288 452511
289 457705
290 467372
291 472717
292 482548
293 488125
294 498197
295 503850
296 514242
297 520059
298 530622
299 536680
300 547501
301 553645
302 564799
303 571114
304 582453
305 589026
306 600633
307 607296
308 619256
309 626104
310 638257
311 645373
312 657812
313 665029
314 677835
315 685245
316 698258
317 705954
318 719264
319 727066
320 740765
321 748774
322 762689
323 770995
324 785226
325 793650
326 808284
327 816924
328 831790
329 840746
330 855940
331 865019
332 880639
333 889950
334 905811
335 915450
336 931659
337 941434
338 958085
339 968101
340 985010
341 995374
342 1012644
343 1023150
344 1040886
345 1051650
346 1069654
347 1080779
348 1099165
349 1110446
350 1129315
351 1140864
352 1160019
353 1171950
354 1191501
355 1203595
356 1223654
357 1236034
358 1256390
359 1269166
360 1289941
361 1302894
362 1324195
363 1337445
364 1359062
365 1372731
366 1394781
367 1408635
368 1431238
369 1445408
370 1468339
371 1482942
372 1506330
373 1521134
374 1545094
375 1560226
376 1584534
377 1600123
378 1624904
379 1640702
380 1666083
381 1682229
382 1707971
383 1724590
384 1750830
385 1767675
386 1794535
387 1811741
388 1838983
389 1856687
390 1884444
391 1902383
392 1930790
393 1949111
394 1977914
395 1996750
396 2026094
397 2045183
398 2075198
399 2094683
400 2125117
401 2145143
402 2176136
403 2196425
404 2228120
405 2248828
406 2280956
407 2302223
408 2334938
409 2356487
410 2389927
411 2411909
412 2445806
413 2468375
414 2502878
415 2525740
416 2561000
417 2584319
418 2620052
419 2643977
420 2680345
421 2704583
422 2741732
423 2766443
424 2804090
425 2829436
426 2867738
427 2893409
428 2932526
429 2958695
430 2998327
431 3025151
432 3065469
433 3092639
434 3133797
435 3161482
436 3203181
437 3231552
438 3273958
439 3302688
440 3345970
441 3375241
442 3419082
443 3449060
444 3493640
445 3524000
446 3569482
447 3600401
448 3646470
449 3678128
450 3724959
451 3757012
452 3804782
453 3837422
454 3885798
455 3919200
456 3968371
457 4002192
458 4052330
459 4086757
460 4137530
461 4172752
462 4224344
463 4260000
464 4312598
465 4348889
466 4402142
467 4439252
468 4493359
469 4530928
470 4586070
471 4624294
472 4680122
473 4719200
474 4775907
475 4815460
476 4873242
477 4913481
478 4971970
479 5013088
480 5072493
481 5114112
482 5174623
483 5216949
484 5278199
485 5321441
486 5383633
487 5427393
488 5490733
489 5535232
490 5599334
491 5644775
492 5709857
493 5755844
494 5822106
495 5868855
496 5935912
497 5983641
498 6051706
499 6099999
500 6169288
501 6218376
502 6288484
503 6338580
504 6409736
505 6460425
506 6532838
507 6584346
508 6657613
509 6710169
510 6784513
511 6837681
512 6913328
513 6967350
514 7043876
515 7098975
516 7176619
517 7232361
518 7311343
519 7367964
520 7447862
521 7505601
522 7586648
523 7645050
524 7727482
525 7786800
526 7870174
527 7930641
528 8015207
529 8076369
530 8162357
531 8224461
532 8311429
533 8374725
534 8462917
535 8526930
536 8616593
537 8681586
538 8772257
539 8838474
540 8930414
541 8997381
542 9090830
543 9158805
544 9253302
545 9322546
546 9418345
547 9488362
548 9585721
549 9656786
550 9755222
551 9827589
552 9927374
553 10000549
554 10101934
555 10176186
556 10278689
557 10354290
558 10458177
559 10534610
560 10640150
561 10717701
562 10824390
563 10903325
564 11011446
565 11091250
566 11201065
567 11282018
568 11393025
569 11475410
570 11587886
571 11671165
572 11785390
573 11869861
574 11985310
575 12071250
576 12188218
577 12275090
578 12393850
579 12481946
580 12601975
581 12691590
582 12813176
583 12903750
584 13027185
585 13119028
586 13243765
587 13337165
588 13463511
589 13557910
590 13686150
591 13781851
592 13911440
593 14008750
594 14139988
595 14238325
596 14371515
597 14471201
598 14605775
599 14707110
600 14843387
601 14945790
602 15084066
603 15187853
604 15327561
605 15433051
606 15574503
607 15681091
608 15824603
609 15932623
610 16077604
611 16187368
612 16334149
613 16445054
614 16593943
615 16706317
616 16856725
617 16970899
618 17123150
619 17238496
620 17392918
621 17509783
622 17665762
623 17784470
624 17942350
625 18062275
626 18222376
627 18343858
628 18505568
629 18628951
630 18792607
631 18917239
632 19083181
633 19209422
634 19377013
635 19505200
636 19674796
637 19804279
638 19976213
639 20107345
640 20280982
641 20414119
642 20589808
643 20724275
644 20902369
645 21038539
646 21218377
647 21356599
648 21538551
649 21678151
650 21862562
651 22003906
652 22190117
653 22333575
654 22521948
655 22666820
656 22857721
657 23004393
658 23197137
659 23345971
660 23540941
661 23691239
662 23888793
663 24040934
664 24240389
665 24394756
666 24596487
667 24752355
668 24956741
669 25114510
670 25320842
671 25480887
672 25689561
673 25851159
674 26062546
675 26226090
676 26439482
677 26605368
678 26821154
679 26988632
680 27207205
681 27376688
682 27597313
683 27769190
684 27992277
685 28165800
686 28391733
687 28567308
688 28795355
689 28973392
690 29203955
691 29383678
692 29617163
693 29799000
694 30034647
695 30219000
696 30457233
697 30643328
698 30884545
699 31072802
700 31316245
701 31507088
702 31753173
703 31945800
704 32194947
705 32389800
706 32641223
707 32838718
708 33092855
709 33292192
710 33549455
711 33751068
712 34010673
713 34215000
714 34477377
715 34683590
716 34949173
717 35157728
718 35425705
719 35637032
720 35907856
721 36121128
722 36395224
723 36610890
724 36887448
725 37105961
726 37385425
727 37605929
728 37888748
729 38111714
730 38397049
731 38622921
732 38911239
733 39139164
734 39430905
735 39661346
736 39955673
737 40189097
738 40486469
739 40721993
740 41022873
741 41260983
742 41564505
743 41805660
744 42112306
745 42355625
746 42665849
747 42911810
748 43224748
749 43473833
750 43789959
751 44041257
752 44361049
753 44615061
754 44937625
755 45194825
756 45520658
757 45780137
758 46109708
759 46371959
760 46704377
761 46969897
762 47305650
763 47573500
764 47913081
765 48183778
766 48526265
767 48800297
768 49146203
769 49422633
770 49772442
771 50051778
772 50404570
773 50687325
774 51043604
775 51328810
776 51689084
777 51977273
778 52340592
779 52632268
780 52999160
781 53293357
782 53664321
783 53961563
784 54335651
785 54636466
786 55014197
787 55317588
788 55699486
789 56006001
790 56391087
791 56701245
792 57090063
793 57402869
794 57795933
795 58111927
796 58508260
797 58827986
798 59228123
799 59550554
800 59955035
801 60280735
802 60688551
803 61018055
804 61429766
805 61762050
806 62178186
807 62513805
808 62933360
809 63272874
810 63696399
811 64038751
812 64466801
813 64812572
814 65244109
815 65593850
816 66029450
817 66382106
818 66822315
819 67178458
820 67622240
821 67982446
822 68430368
823 68793550
824 69246184
825 69612939
826 70069216
827 70440111
828 70900624
829 71274574
830 71739885
831 72117478
832 72586521
833 72968350
834 73441708
835 73826655
836 74304916
837 74693595
838 75175660
839 75568654
840 76055133
841 76451326
842 76942797
843 77342794
844 77838160
845 78242571
846 78742432
847 79150107
848 79655068
849 80066638
850 80575569
851 80991634
852 81505161
853 81924574
854 82443292
855 82866675
856 83389456
857 83817435
858 84344896
859 84776290
860 85309053
861 85744510
862 86281413
863 86721550
864 87263237
865 87706875
866 88253957
867 88701735
868 89253053
869 89705615
870 90261803
871 90717935
872 91279632
873 91740000
874 92306012
875 92771250
876 93342238
877 93811135
878 94387728
879 94860940
880 95441947
881 95920135
882 96506207
883 96988125
884 97579918
885 98066250
886 98662538
887 99153935
888 99755397
889 100250615
890 100857897
891 101357610
892 101969488
893 102474375
894 103091518
895 103600300
896 104223382
897 104736760
898 105364522
899 105883165
900 106516304
901 107038935
902 107678114
903 108205425
904 108849388
905 109382076
906 110031509
907 110568261
908 111223856
909 111765392
910 112425857
911 112972863
912 113638913
913 114190079
914 114862395
915 115418431
916 116095723
917 116657344
918 117340317
919 117906176
920 118595540
921 119166375
922 119860804
923 120437320
924 121137547
925 121718400
926 122425124
927 123011042
928 123722940
929 124314656
930 125032451
931 125628584
932 126353004
933 126954311
934 127683996
935 128291200
936 129026902
937 129638624
938 130381060
939 130998047
940 131745860
941 132368864
942 133122795
943 133750400
944 134511196
945 135144178
946 135910444
947 136549544
948 137322051
949 137965856
950 138745340
951 139394615
952 140179684
953 140835200
954 141626614
955 142286920
956 143085444
957 143751335
958 144555540
959 145227776
960 146038452
961 146715584
962 147533485
963 148216298
964 149039997
965 149729281
966 150559557
967 151253825
968 152091463
969 152791529
970 153635064
971 154341707
972 155191948
973 155903684
974 156761404
975 157479037
976 158342774
977 159067113
978 159937665
979 160667187
980 161545358
981 162280897
982 163165186
983 163907540
984 164798776
985 165546425
986 166445400
987 167199167
988 168104383
989 168865097
990 169777372
991 170543473
992 171463630
993 172235972
994 173162474
995 173941875
996 174875570
997 175660473
998 176602173
999 177393421
1000 178341592
