0 0
1 14
2 28
3 42
4 56
5 70
6 84
7 98
8 112
9 126
10 140
11 154
12 168
13 182
14 196
15 210
16 224
17 238
18 252
19 266
20 280
21 294
22 308
23 322
24 336
25 350
26 364
27 378
28 392
29 406
30 420
31 434
32 448
33 462
34 476
35 490
36 504
37 518
38 532
39 546
40 560
41 574
42 588
43 602
44 616
45 630
46 644
47 658
48 672
49 686
50 700
51 714
52 728
53 742
54 756
55 770
56 784
57 798
58 812
59 826
60 840
61 854
62 868
63 882
64 896
65 910
66 924
67 938
68 952
69 966
70 980
71 994
72 1008
73 1022
74 1036
75 1050
76 1064
77 1078
78 1092
79 1106
80 1120
81 1134
82 1148
83 1162
84 1176
85 1190
86 1204
87 1218
88 1232
89 1246
90 1260
91 1274
92 1288
93 1302
94 1316
95 1330
96 1344
97 1358
98 1372
99 1386
100 1400
101 1414
102 1428
103 1442
104 1456
105 1470
106 1484
107 1498
108 1512
109 1526
110 1540
111 1554
112 1568
113 1582
114 1596
115 1610
116 1624
117 1638
118 1652
119 1666
120 1680
121 1694
122 1708
123 1722
124 1736
125 1750
126 1764
127 1778
128 1792
129 1806
130 1820
131 1834
132 1848
133 1862
134 1876
135 1890
136 1904
137 1918
138 1932
139 1946
140 1960
141 1974
142 1988
143 2002
144 2016
145 2030
146 2044
147 2058
148 2072
149 2086
150 2100
151 2114
152 2128
153 2142
154 2156
155 2170
156 2184
157 2198
158 2212
159 2226
160 2240
161 2254
162 2268
163 2282
164 2296
165 2310
166 2324
167 2338
168 2352
169 2366
170 2380
171 2394
172 2408
173 2422
174 2436
175 2450
176 2464
177 2478
178 2492
179 2506
180 2520
181 2534
182 2548
183 2562
184 2576
185 2590
186 2604
187 2618
188 2632
189 2646
190 2660
191 2674
192 2688
193 2702
194 2716
195 2730
196 2744
197 2758
198 2772
199 2786
200 2800
201 2814
202 2828
203 2842
204 2856
205 2870
206 2884
207 2898
208 2912
209 2926
210 2940
211 2954
212 2968
213 2982
214 2996
215 3010
216 3024
217 3038
218 3052
219 3066
220 3080
221 3094
222 3108
223 3122
224 3136
225 3150
226 3164
227 3178
228 3192
229 3206
230 3220
231 3234
232 3248
233 3262
234 3276
235 3290
236 3304
237 3318
238 3332
239 3346
240 3360
241 3374
242 3388
243 3402
244 3416
245 3430
246 3444
247 3458
248 3472
249 3486
250 3500
251 3514
252 3528
253 3542
254 3556
255 3570
256 3584
257 3598
258 3612
259 3626
260 3640
261 3654
262 3668
263 3682
264 3696
265 3710
266 3724
267 3738
268 3752
269 3766
270 3780
271 3794
272 3808
273 3822
274 3836
275 3850
276 3864
277 3878
278 3892
279 3906
280 3920
281 3934
282 3948
283 3962
284 3976
285 3990
286 4004
287 4018
288 4032
289 4046
290 4060
291 4074
292 4088
293 4102
294 4116
295 4130
296 4144
297 4158
298 4172
299 4186
300 4200
301 4214
302 4228
303 4242
304 4256
305 4270
306 4284
307 4298
308 4312
309 4326
310 4340
311 4354
312 4368
313 4382
314 4396
315 4410
316 4424
317 4438
318 4452
319 4466
320 4480
321 4494
322 4508
323 4522
324 4536
325 4550
326 4564
327 4578
328 4592
329 4606
330 4620
331 4634
332 4648
333 4662
334 4676
335 4690
336 4704
337 4718
338 4732
339 4746
340 4760
341 4774
342 4788
343 4802
344 4816
345 4830
346 4844
347 4858
348 4872
349 4886
350 4900
351 4914
352 4928
353 4942
354 4956
355 4970
356 4984
357 4998
358 5012
359 5026
360 5040
361 5054
362 5068
363 5082
364 5096
365 5110
366 5124
367 5138
368 5152
369 5166
370 5180
371 5194
372 5208
373 5222
374 5236
375 5250
376 5264
377 5278
378 5292
379 5306
380 5320
381 5334
382 5348
383 5362
384 5376
385 5390
386 5404
387 5418
388 5432
389 5446
390 5460
391 5474
392 5488
393 5502
394 5516
395 5530
396 5544
397 5558
398 5572
399 5586
400 5600
401 5614
402 5628
403 5642
404 5656
405 5670
406 5684
407 5698
408 5712
409 5726
410 5740
411 5754
412 5768
413 5782
414 5796
415 5810
416 5824
417 5838
418 5852
419 5866
420 5880
421 5894
422 5908
423 5922
424 5936
425 5950
426 5964
427 5978
428 5992
429 6006
430 6020
431 6034
432 6048
433 6062
434 6076
435 6090
436 6104
437 6118
438 6132
439 6146
440 6160
441 6174
442 6188
443 6202
444 6216
445 6230
446 6244
447 6258
448 6272
449 6286
450 6300
451 6314
452 6328
453 6342
454 6356
455 6370
456 6384
457 6398
458 6412
459 6426
460 6440
461 6454
462 6468
463 6482
464 6496
465 6510
466 6524
467 6538
468 6552
469 6566
470 6580
471 6594
472 6608
473 6622
474 6636
475 6650
476 6664
477 6678
478 6692
479 6706
480 6720
481 6734
482 6748
483 6762
484 6776
485 6790
486 6804
487 6818
488 6832
489 6846
490 6860
491 6874
492 6888
493 6902
494 6916
495 6930
496 6944
497 6958
498 6972
499 6986
500 7000
501 7014
502 7028
503 7042
504 7056
505 7070
506 7084
507 7098
508 7112
509 7126
510 7140
511 7154
512 7168
513 7182
514 7196
515 7210
516 7224
517 7238
518 7252
519 7266
520 7280
521 7294
522 7308
523 7322
524 7336
525 7350
526 7364
527 7378
528 7392
529 7406
530 7420
531 7434
532 7448
533 7462
534 7476
535 7490
536 7504
537 7518
538 7532
539 7546
540 7560
541 7574
542 7588
543 7602
544 7616
545 7630
546 7644
547 7658
548 7672
549 7686
550 7700
551 7714
552 7728
553 7742
554 7756
555 7770
556 7784
557 7798
558 7812
559 7826
560 7840
561 7854
562 7868
563 7882
564 7896
565 7910
566 7924
567 7938
568 7952
569 7966
570 7980
571 7994
572 8008
573 8022
574 8036
575 8050
576 8064
577 8078
578 8092
579 8106
580 8120
581 8134
582 8148
583 8162
584 8176
585 8190
586 8204
587 8218
588 8232
589 8246
590 8260
591 8274
592 8288
593 8302
594 8316
595 8330
596 8344
597 8358
598 8372
599 8386
600 8400
601 8414
602 8428
603 8442
604 8456
605 8470
606 8484
607 8498
608 8512
609 8526
610 8540
611 8554
612 8568
613 8582
614 8596
615 8610
616 8624
617 8638
618 8652
619 8666
620 8680
621 8694
622 8708
623 8722
624 8736
625 8750
626 8764
627 8778
628 8792
629 8806
630 8820
631 8834
632 8848
633 8862
634 8876
635 8890
636 8904
637 8918
638 8932
639 8946
640 8960
641 8974
642 8988
643 9002
644 9016
645 9030
646 9044
647 9058
648 9072
649 9086
650 9100
651 9114
652 9128
653 9142
654 9156
655 9170
656 9184
657 9198
658 9212
659 9226
660 9240
661 9254
662 9268
663 9282
664 9296
665 9310
666 9324
667 9338
668 9352
669 9366
670 9380
671 9394
672 9408
673 9422
674 9436
675 9450
676 9464
677 9478
678 9492
679 9506
680 9520
681 9534
682 9548
683 9562
684 9576
685 9590
686 9604
687 9618
688 9632
689 9646
690 9660
691 9674
692 9688
693 9702
694 9716
695 9730
696 9744
697 9758
698 9772
699 9786
700 9800
701 9814
702 9828
703 9842
704 9856
705 9870
706 9884
707 9898
708 9912
709 9926
710 9940
711 9954
712 9968
713 9982
714 9996
715 10010
716 10024
717 10038
718 10052
719 10066
720 10080
721 10094
722 10108
723 10122
724 10136
725 10150
726 10164
727 10178
728 10192
729 10206
730 10220
731 10234
732 10248
733 10262
734 10276
735 10290
736 10304
737 10318
738 10332
739 10346
740 10360
741 10374
742 10388
743 10402
744 10416
745 10430
746 10444
747 10458
748 10472
749 10486
750 10500
751 10514
752 10528
753 10542
754 10556
755 10570
756 10584
757 10598
758 10612
759 10626
760 10640
761 10654
762 10668
763 10682
764 10696
765 10710
766 10724
767 10738
768 10752
769 10766
770 10780
771 10794
772 10808
773 10822
774 10836
775 10850
776 10864
777 10878
778 10892
779 10906
780 10920
781 10934
782 10948
783 10962
784 10976
785 10990
786 11004
787 11018
788 11032
789 11046
790 11060
791 11074
792 11088
793 11102
794 11116
795 11130
796 11144
797 11158
798 11172
799 11186
800 11200
801 11214
802 11228
803 11242
804 11256
805 11270
806 11284
807 11298
808 11312
809 11326
810 11340
811 11354
812 11368
813 11382
814 11396
815 11410
816 11424
817 11438
818 11452
819 11466
820 11480
821 11494
822 11508
823 11522
824 11536
825 11550
826 11564
827 11578
828 11592
829 11606
830 11620
831 11634
832 11648
833 11662
834 11676
835 11690
836 11704
837 11718
838 11732
839 11746
840 11760
841 11774
842 11788
843 11802
844 11816
845 11830
846 11844
847 11858
848 11872
849 11886
850 11900
851 11914
852 11928
853 11942
854 11956
855 11970
856 11984
857 11998
858 12012
859 12026
860 12040
861 12054
862 12068
863 12082
864 12096
865 12110
866 12124
867 12138
868 12152
869 12166
870 12180
871 12194
872 12208
873 12222
874 12236
875 12250
876 12264
877 12278
878 12292
879 12306
880 12320
881 12334
882 12348
883 12362
884 12376
885 12390
886 12404
887 12418
888 12432
889 12446
890 12460
891 12474
892 12488
893 12502
894 12516
895 12530
896 12544
897 12558
898 12572
899 12586
900 12600
901 12614
902 12628
903 12642
904 12656
905 12670
906 12684
907 12698
908 12712
909 12726
910 12740
911 12754
912 12768
913 12782
914 12796
915 12810
916 12824
917 12838
918 12852
919 12866
920 12880
921 12894
922 12908
923 12922
924 12936
925 12950
926 12964
927 12978
928 12992
929 13006
930 13020
931 13034
932 13048
933 13062
934 13076
935 13090
936 13104
937 13118
938 13132
939 13146
940 13160
941 13174
942 13188
943 13202
944 13216
945 13230
946 13244
947 13258
948 13272
949 13286
950 13300
951 13314
952 13328
953 13342
954 13356
955 13370
956 13384
957 13398
958 13412
959 13426
960 13440
961 13454
962 13468
963 13482
964 13496
965 13510
966 13524
967 13538
968 13552
969 13566
970 13580
971 13594
972 13608
973 13622
974 13636
975 13650
976 13664
977 13678
978 13692
979 13706
980 13720
981 13734
982 13748
983 13762
984 13776
985 13790
986 13804
987 13818
988 13832
989 13846
990 13860
991 13874
992 13888
993 13902
994 13916
995 13930
996 13944
997 13958
998 13972
999 13986
1000 14000
