0 0
1 0
2 0
3 1
4 2
5 4
6 6
7 9
8 12
9 16
10 20
11 25
12 30
13 36
14 42
15 49
16 56
17 64
18 72
19 81
20 90
21 100
22 110
23 121
24 132
25 144
26 156
27 169
28 182
29 196
30 210
31 225
32 240
33 256
34 272
35 289
36 306
37 324
38 342
39 361
40 380
41 400
42 420
43 441
44 462
45 484
46 506
47 529
48 552
49 576
50 600
51 625
52 650
53 676
54 702
55 729
56 756
57 784
58 812
59 841
60 870
61 900
62 930
63 961
64 992
65 1024
66 1056
67 1089
68 1122
69 1156
70 1190
71 1225
72 1260
73 1296
74 1332
75 1369
76 1406
77 1444
78 1482
79 1521
80 1560
81 1600
82 1640
83 1681
84 1722
85 1764
86 1806
87 1849
88 1892
89 1936
90 1980
91 2025
92 2070
93 2116
94 2162
95 2209
96 2256
97 2304
98 2352
99 2401
100 2450
101 2500
102 2550
103 2601
104 2652
105 2704
106 2756
107 2809
108 2862
109 2916
110 2970
111 3025
112 3080
113 3136
114 3192
115 3249
116 3306
117 3364
118 3422
119 3481
120 3540
121 3600
122 3660
123 3721
124 3782
125 3844
126 3906
127 3969
128 4032
129 4096
130 4160
131 4225
132 4290
133 4356
134 4422
135 4489
136 4556
137 4624
138 4692
139 4761
140 4830
141 4900
142 4970
143 5041
144 5112
145 5184
146 5256
147 5329
148 5402
149 5476
150 5550
151 5625
152 5700
153 5776
154 5852
155 5929
156 6006
157 6084
158 6162
159 6241
160 6320
161 6400
162 6480
163 6561
164 6642
165 6724
166 6806
167 6889
168 6972
169 7056
170 7140
171 7225
172 7310
173 7396
174 7482
175 7569
176 7656
177 7744
178 7832
179 7921
180 8010
181 8100
182 8190
183 8281
184 8372
185 8464
186 8556
187 8649
188 8742
189 8836
190 8930
191 9025
192 9120
193 9216
194 9312
195 9409
196 9506
197 9604
198 9702
199 9801
200 9900
201 10000
202 10100
203 10201
204 10302
205 10404
206 10506
207 10609
208 10712
209 10816
210 10920
211 11025
212 11130
213 11236
214 11342
215 11449
216 11556
217 11664
218 11772
219 11881
220 11990
221 12100
222 12210
223 12321
224 12432
225 12544
226 12656
227 12769
228 12882
229 12996
230 13110
231 13225
232 13340
233 13456
234 13572
235 13689
236 13806
237 13924
238 14042
239 14161
240 14280
241 14400
242 14520
243 14641
244 14762
245 14884
246 15006
247 15129
248 15252
249 15376
250 15500
251 15625
252 15750
253 15876
254 16002
255 16129
256 16256
257 16384
258 16512
259 16641
260 16770
261 16900
262 17030
263 17161
264 17292
265 17424
266 17556
267 17689
268 17822
269 17956
270 18090
271 18225
272 18360
273 18496
274 18632
275 18769
276 18906
277 19044
278 19182
279 19321
280 19460
281 19600
282 19740
283 19881
284 20022
285 20164
286 20306
287 20449
288 20592
289 20736
290 20880
291 21025
292 21170
293 21316
294 21462
295 21609
296 21756
297 21904
298 22052
299 22201
300 22350
301 22500
302 22650
303 22801
304 22952
305 23104
306 23256
307 23409
308 23562
309 23716
310 23870
311 24025
312 24180
313 24336
314 24492
315 24649
316 24806
317 24964
318 25122
319 25281
320 25440
321 25600
322 25760
323 25921
324 26082
325 26244
326 26406
327 26569
328 26732
329 26896
330 27060
331 27225
332 27390
333 27556
334 27722
335 27889
336 28056
337 28224
338 28392
339 28561
340 28730
341 28900
342 29070
343 29241
344 29412
345 29584
346 29756
347 29929
348 30102
349 30276
350 30450
351 30625
352 30800
353 30976
354 31152
355 31329
356 31506
357 31684
358 31862
359 32041
360 32220
361 32400
362 32580
363 32761
364 32942
365 33124
366 33306
367 33489
368 33672
369 33856
370 34040
371 34225
372 34410
373 34596
374 34782
375 34969
376 35156
377 35344
378 35532
379 35721
380 35910
381 36100
382 36290
383 36481
384 36672
385 36864
386 37056
387 37249
388 37442
389 37636
390 37830
391 38025
392 38220
393 38416
394 38612
395 38809
396 39006
397 39204
398 39402
399 39601
400 39800
401 40000
402 40200
403 40401
404 40602
405 40804
406 41006
407 41209
408 41412
409 41616
410 41820
411 42025
412 42230
413 42436
414 42642
415 42849
416 43056
417 43264
418 43472
419 43681
420 43890
421 44100
422 44310
423 44521
424 44732
425 44944
426 45156
427 45369
428 45582
429 45796
430 46010
431 46225
432 46440
433 46656
434 46872
435 47089
436 47306
437 47524
438 47742
439 47961
440 48180
441 48400
442 48620
443 48841
444 49062
445 49284
446 49506
447 49729
448 49952
449 50176
450 50400
451 50625
452 50850
453 51076
454 51302
455 51529
456 51756
457 51984
458 52212
459 52441
460 52670
461 52900
462 53130
463 53361
464 53592
465 53824
466 54056
467 54289
468 54522
469 54756
470 54990
471 55225
472 55460
473 55696
474 55932
475 56169
476 56406
477 56644
478 56882
479 57121
480 57360
481 57600
482 57840
483 58081
484 58322
485 58564
486 58806
487 59049
488 59292
489 59536
490 59780
491 60025
492 60270
493 60516
494 60762
495 61009
496 61256
497 61504
498 61752
499 62001
500 62250
501 62500
502 62750
503 63001
504 63252
505 63504
506 63756
507 64009
508 64262
509 64516
510 64770
511 65025
512 65280
513 65536
514 65792
515 66049
516 66306
517 66564
518 66822
519 67081
520 67340
521 67600
522 67860
523 68121
524 68382
525 68644
526 68906
527 69169
528 69432
529 69696
530 69960
531 70225
532 70490
533 70756
534 71022
535 71289
536 71556
537 71824
538 72092
539 72361
540 72630
541 72900
542 73170
543 73441
544 73712
545 73984
546 74256
547 74529
548 74802
549 75076
550 75350
551 75625
552 75900
553 76176
554 76452
555 76729
556 77006
557 77284
558 77562
559 77841
560 78120
561 78400
562 78680
563 78961
564 79242
565 79524
566 79806
567 80089
568 80372
569 80656
570 80940
571 81225
572 81510
573 81796
574 82082
575 82369
576 82656
577 82944
578 83232
579 83521
580 83810
581 84100
582 84390
583 84681
584 84972
585 85264
586 85556
587 85849
588 86142
589 86436
590 86730
591 87025
592 87320
593 87616
594 87912
595 88209
596 88506
597 88804
598 89102
599 89401
600 89700
601 90000
602 90300
603 90601
604 90902
605 91204
606 91506
607 91809
608 92112
609 92416
610 92720
611 93025
612 93330
613 93636
614 93942
615 94249
616 94556
617 94864
618 95172
619 95481
620 95790
621 96100
622 96410
623 96721
624 97032
625 97344
626 97656
627 97969
628 98282
629 98596
630 98910
631 99225
632 99540
633 99856
634 100172
635 100489
636 100806
637 101124
638 101442
639 101761
640 102080
641 102400
642 102720
643 103041
644 103362
645 103684
646 104006
647 104329
648 104652
649 104976
650 105300
651 105625
652 105950
653 106276
654 106602
655 106929
656 107256
657 107584
658 107912
659 108241
660 108570
661 108900
662 109230
663 109561
664 109892
665 110224
666 110556
667 110889
668 111222
669 111556
670 111890
671 112225
672 112560
673 112896
674 113232
675 113569
676 113906
677 114244
678 114582
679 114921
680 115260
681 115600
682 115940
683 116281
684 116622
685 116964
686 117306
687 117649
688 117992
689 118336
690 118680
691 119025
692 119370
693 119716
694 120062
695 120409
696 120756
697 121104
698 121452
699 121801
700 122150
701 122500
702 122850
703 123201
704 123552
705 123904
706 124256
707 124609
708 124962
709 125316
710 125670
711 126025
712 126380
713 126736
714 127092
715 127449
716 127806
717 128164
718 128522
719 128881
720 129240
721 129600
722 129960
723 130321
724 130682
725 131044
726 131406
727 131769
728 132132
729 132496
730 132860
731 133225
732 133590
733 133956
734 134322
735 134689
736 135056
737 135424
738 135792
739 136161
740 136530
741 136900
742 137270
743 137641
744 138012
745 138384
746 138756
747 139129
748 139502
749 139876
750 140250
751 140625
752 141000
753 141376
754 141752
755 142129
756 142506
757 142884
758 143262
759 143641
760 144020
761 144400
762 144780
763 145161
764 145542
765 145924
766 146306
767 146689
768 147072
769 147456
770 147840
771 148225
772 148610
773 148996
774 149382
775 149769
776 150156
777 150544
778 150932
779 151321
780 151710
781 152100
782 152490
783 152881
784 153272
785 153664
786 154056
787 154449
788 154842
789 155236
790 155630
791 156025
792 156420
793 156816
794 157212
795 157609
796 158006
797 158404
798 158802
799 159201
800 159600
801 160000
802 160400
803 160801
804 161202
805 161604
806 162006
807 162409
808 162812
809 163216
810 163620
811 164025
812 164430
813 164836
814 165242
815 165649
816 166056
817 166464
818 166872
819 167281
820 167690
821 168100
822 168510
823 168921
824 169332
825 169744
826 170156
827 170569
828 170982
829 171396
830 171810
831 172225
832 172640
833 173056
834 173472
835 173889
836 174306
837 174724
838 175142
839 175561
840 175980
841 176400
842 176820
843 177241
844 177662
845 178084
846 178506
847 178929
848 179352
849 179776
850 180200
851 180625
852 181050
853 181476
854 181902
855 182329
856 182756
857 183184
858 183612
859 184041
860 184470
861 184900
862 185330
863 185761
864 186192
865 186624
866 187056
867 187489
868 187922
869 188356
870 188790
871 189225
872 189660
873 190096
874 190532
875 190969
876 191406
877 191844
878 192282
879 192721
880 193160
881 193600
882 194040
883 194481
884 194922
885 195364
886 195806
887 196249
888 196692
889 197136
890 197580
891 198025
892 198470
893 198916
894 199362
895 199809
896 200256
897 200704
898 201152
899 201601
900 202050
901 202500
902 202950
903 203401
904 203852
905 204304
906 204756
907 205209
908 205662
909 206116
910 206570
911 207025
912 207480
913 207936
914 208392
915 208849
916 209306
917 209764
918 210222
919 210681
920 211140
921 211600
922 212060
923 212521
924 212982
925 213444
926 213906
927 214369
928 214832
929 215296
930 215760
931 216225
932 216690
933 217156
934 217622
935 218089
936 218556
937 219024
938 219492
939 219961
940 220430
941 220900
942 221370
943 221841
944 222312
945 222784
946 223256
947 223729
948 224202
949 224676
950 225150
951 225625
952 226100
953 226576
954 227052
955 227529
956 228006
957 228484
958 228962
959 229441
960 229920
961 230400
962 230880
963 231361
964 231842
965 232324
966 232806
967 233289
968 233772
969 234256
970 234740
971 235225
972 235710
973 236196
974 236682
975 237169
976 237656
977 238144
978 238632
979 239121
980 239610
981 240100
982 240590
983 241081
984 241572
985 242064
986 242556
987 243049
988 243542
989 244036
990 244530
991 245025
992 245520
993 246016
994 246512
995 247009
996 247506
997 248004
998 248502
999 249001
1000 249500
