0 0
1 11
2 18
3 25
4 32
5 39
6 46
7 53
8 60
9 67
10 74
11 81
12 88
13 95
14 102
15 109
16 116
17 123
18 130
19 137
20 144
21 151
22 158
23 165
24 172
25 179
26 186
27 193
28 200
29 207
30 214
31 221
32 228
33 235
34 242
35 249
36 256
37 263
38 270
39 277
40 284
41 291
42 298
43 305
44 312
45 319
46 326
47 333
48 340
49 347
50 354
51 361
52 368
53 375
54 382
55 389
56 396
57 403
58 410
59 417
60 424
61 431
62 438
63 445
64 452
65 459
66 466
67 473
68 480
69 487
70 494
71 501
72 508
73 515
74 522
75 529
76 536
77 543
78 550
79 557
80 564
81 571
82 578
83 585
84 592
85 599
86 606
87 613
88 620
89 627
90 634
91 641
92 648
93 655
94 662
95 669
96 676
97 683
98 690
99 697
100 704
101 711
102 718
103 725
104 732
105 739
106 746
107 753
108 760
109 767
110 774
111 781
112 788
113 795
114 802
115 809
116 816
117 823
118 830
119 837
120 844
121 851
122 858
123 865
124 872
125 879
126 886
127 893
128 900
129 907
130 914
131 921
132 928
133 935
134 942
135 949
136 956
137 963
138 970
139 977
140 984
141 991
142 998
143 1005
144 1012
145 1019
146 1026
147 1033
148 1040
149 1047
150 1054
151 1061
152 1068
153 1075
154 1082
155 1089
156 1096
157 1103
158 1110
159 1117
160 1124
161 1131
162 1138
163 1145
164 1152
165 1159
166 1166
167 1173
168 1180
169 1187
170 1194
171 1201
172 1208
173 1215
174 1222
175 1229
176 1236
177 1243
178 1250
179 1257
180 1264
181 1271
182 1278
183 1285
184 1292
185 1299
186 1306
187 1313
188 1320
189 1327
190 1334
191 1341
192 1348
193 1355
194 1362
195 1369
196 1376
197 1383
198 1390
199 1397
200 1404
201 1411
202 1418
203 1425
204 1432
205 1439
206 1446
207 1453
208 1460
209 1467
210 1474
211 1481
212 1488
213 1495
214 1502
215 1509
216 1516
217 1523
218 1530
219 1537
220 1544
221 1551
222 1558
223 1565
224 1572
225 1579
226 1586
227 1593
228 1600
229 1607
230 1614
231 1621
232 1628
233 1635
234 1642
235 1649
236 1656
237 1663
238 1670
239 1677
240 1684
241 1691
242 1698
243 1705
244 1712
245 1719
246 1726
247 1733
248 1740
249 1747
250 1754
251 1761
252 1768
253 1775
254 1782
255 1789
256 1796
257 1803
258 1810
259 1817
260 1824
261 1831
262 1838
263 1845
264 1852
265 1859
266 1866
267 1873
268 1880
269 1887
270 1894
271 1901
272 1908
273 1915
274 1922
275 1929
276 1936
277 1943
278 1950
279 1957
280 1964
281 1971
282 1978
283 1985
284 1992
285 1999
286 2006
287 2013
288 2020
289 2027
290 2034
291 2041
292 2048
293 2055
294 2062
295 2069
296 2076
297 2083
298 2090
299 2097
300 2104
301 2111
302 2118
303 2125
304 2132
305 2139
306 2146
307 2153
308 2160
309 2167
310 2174
311 2181
312 2188
313 2195
314 2202
315 2209
316 2216
317 2223
318 2230
319 2237
320 2244
321 2251
322 2258
323 2265
324 2272
325 2279
326 2286
327 2293
328 2300
329 2307
330 2314
331 2321
332 2328
333 2335
334 2342
335 2349
336 2356
337 2363
338 2370
339 2377
340 2384
341 2391
342 2398
343 2405
344 2412
345 2419
346 2426
347 2433
348 2440
349 2447
350 2454
351 2461
352 2468
353 2475
354 2482
355 2489
356 2496
357 2503
358 2510
359 2517
360 2524
361 2531
362 2538
363 2545
364 2552
365 2559
366 2566
367 2573
368 2580
369 2587
370 2594
371 2601
372 2608
373 2615
374 2622
375 2629
376 2636
377 2643
378 2650
379 2657
380 2664
381 2671
382 2678
383 2685
384 2692
385 2699
386 2706
387 2713
388 2720
389 2727
390 2734
391 2741
392 2748
393 2755
394 2762
395 2769
396 2776
397 2783
398 2790
399 2797
400 2804
401 2811
402 2818
403 2825
404 2832
405 2839
406 2846
407 2853
408 2860
409 2867
410 2874
411 2881
412 2888
413 2895
414 2902
415 2909
416 2916
417 2923
418 2930
419 2937
420 2944
421 2951
422 2958
423 2965
424 2972
425 2979
426 2986
427 2993
428 3000
429 3007
430 3014
431 3021
432 3028
433 3035
434 3042
435 3049
436 3056
437 3063
438 3070
439 3077
440 3084
441 3091
442 3098
443 3105
444 3112
445 3119
446 3126
447 3133
448 3140
449 3147
450 3154
451 3161
452 3168
453 3175
454 3182
455 3189
456 3196
457 3203
458 3210
459 3217
460 3224
461 3231
462 3238
463 3245
464 3252
465 3259
466 3266
467 3273
468 3280
469 3287
470 3294
471 3301
472 3308
473 3315
474 3322
475 3329
476 3336
477 3343
478 3350
479 3357
480 3364
481 3371
482 3378
483 3385
484 3392
485 3399
486 3406
487 3413
488 3420
489 3427
490 3434
491 3441
492 3448
493 3455
494 3462
495 3469
496 3476
497 3483
498 3490
499 3497
500 3504
501 3511
502 3518
503 3525
504 3532
505 3539
506 3546
507 3553
508 3560
509 3567
510 3574
511 3581
512 3588
513 3595
514 3602
515 3609
516 3616
517 3623
518 3630
519 3637
520 3644
521 3651
522 3658
523 3665
524 3672
525 3679
526 3686
527 3693
528 3700
529 3707
530 3714
531 3721
532 3728
533 3735
534 3742
535 3749
536 3756
537 3763
538 3770
539 3777
540 3784
541 3791
542 3798
543 3805
544 3812
545 3819
546 3826
547 3833
548 3840
549 3847
550 3854
551 3861
552 3868
553 3875
554 3882
555 3889
556 3896
557 3903
558 3910
559 3917
560 3924
561 3931
562 3938
563 3945
564 3952
565 3959
566 3966
567 3973
568 3980
569 3987
570 3994
571 4001
572 4008
573 4015
574 4022
575 4029
576 4036
577 4043
578 4050
579 4057
580 4064
581 4071
582 4078
583 4085
584 4092
585 4099
586 4106
587 4113
588 4120
589 4127
590 4134
591 4141
592 4148
593 4155
594 4162
595 4169
596 4176
597 4183
598 4190
599 4197
600 4204
601 4211
602 4218
603 4225
604 4232
605 4239
606 4246
607 4253
608 4260
609 4267
610 4274
611 4281
612 4288
613 4295
614 4302
615 4309
616 4316
617 4323
618 4330
619 4337
620 4344
621 4351
622 4358
623 4365
624 4372
625 4379
626 4386
627 4393
628 4400
629 4407
630 4414
631 4421
632 4428
633 4435
634 4442
635 4449
636 4456
637 4463
638 4470
639 4477
640 4484
641 4491
642 4498
643 4505
644 4512
645 4519
646 4526
647 4533
648 4540
649 4547
650 4554
651 4561
652 4568
653 4575
654 4582
655 4589
656 4596
657 4603
658 4610
659 4617
660 4624
661 4631
662 4638
663 4645
664 4652
665 4659
666 4666
667 4673
668 4680
669 4687
670 4694
671 4701
672 4708
673 4715
674 4722
675 4729
676 4736
677 4743
678 4750
679 4757
680 4764
681 4771
682 4778
683 4785
684 4792
685 4799
686 4806
687 4813
688 4820
689 4827
690 4834
691 4841
692 4848
693 4855
694 4862
695 4869
696 4876
697 4883
698 4890
699 4897
700 4904
701 4911
702 4918
703 4925
704 4932
705 4939
706 4946
707 4953
708 4960
709 4967
710 4974
711 4981
712 4988
713 4995
714 5002
715 5009
716 5016
717 5023
718 5030
719 5037
720 5044
721 5051
722 5058
723 5065
724 5072
725 5079
726 5086
727 5093
728 5100
729 5107
730 5114
731 5121
732 5128
733 5135
734 5142
735 5149
736 5156
737 5163
738 5170
739 5177
740 5184
741 5191
742 5198
743 5205
744 5212
745 5219
746 5226
747 5233
748 5240
749 5247
750 5254
751 5261
752 5268
753 5275
754 5282
755 5289
756 5296
757 5303
758 5310
759 5317
760 5324
761 5331
762 5338
763 5345
764 5352
765 5359
766 5366
767 5373
768 5380
769 5387
770 5394
771 5401
772 5408
773 5415
774 5422
775 5429
776 5436
777 5443
778 5450
779 5457
780 5464
781 5471
782 5478
783 5485
784 5492
785 5499
786 5506
787 5513
788 5520
789 5527
790 5534
791 5541
792 5548
793 5555
794 5562
795 5569
796 5576
797 5583
798 5590
799 5597
800 5604
801 5611
802 5618
803 5625
804 5632
805 5639
806 5646
807 5653
808 5660
809 5667
810 5674
811 5681
812 5688
813 5695
814 5702
815 5709
816 5716
817 5723
818 5730
819 5737
820 5744
821 5751
822 5758
823 5765
824 5772
825 5779
826 5786
827 5793
828 5800
829 5807
830 5814
831 5821
832 5828
833 5835
834 5842
835 5849
836 5856
837 5863
838 5870
839 5877
840 5884
841 5891
842 5898
843 5905
844 5912
845 5919
846 5926
847 5933
848 5940
849 5947
850 5954
851 5961
852 5968
853 5975
854 5982
855 5989
856 5996
857 6003
858 6010
859 6017
860 6024
861 6031
862 6038
863 6045
864 6052
865 6059
866 6066
867 6073
868 6080
869 6087
870 6094
871 6101
872 6108
873 6115
874 6122
875 6129
876 6136
877 6143
878 6150
879 6157
880 6164
881 6171
882 6178
883 6185
884 6192
885 6199
886 6206
887 6213
888 6220
889 6227
890 6234
891 6241
892 6248
893 6255
894 6262
895 6269
896 6276
897 6283
898 6290
899 6297
900 6304
901 6311
902 6318
903 6325
904 6332
905 6339
906 6346
907 6353
908 6360
909 6367
910 6374
911 6381
912 6388
913 6395
914 6402
915 6409
916 6416
917 6423
918 6430
919 6437
920 6444
921 6451
922 6458
923 6465
924 6472
925 6479
926 6486
927 6493
928 6500
929 6507
930 6514
931 6521
932 6528
933 6535
934 6542
935 6549
936 6556
937 6563
938 6570
939 6577
940 6584
941 6591
942 6598
943 6605
944 6612
945 6619
946 6626
947 6633
948 6640
949 6647
950 6654
951 6661
952 6668
953 6675
954 6682
955 6689
956 6696
957 6703
958 6710
959 6717
960 6724
961 6731
962 6738
963 6745
964 6752
965 6759
966 6766
967 6773
968 6780
969 6787
970 6794
971 6801
972 6808
973 6815
974 6822
975 6829
976 6836
977 6843
978 6850
979 6857
980 6864
981 6871
982 6878
983 6885
984 6892
985 6899
986 6906
987 6913
988 6920
989 6927
990 6934
991 6941
992 6948
993 6955
994 6962
995 6969
996 6976
997 6983
998 6990
999 6997
1000 7004
