0 1
1 0
2 0
3 2
4 1
5 0
6 4
7 4
8 1
9 8
10 12
11 6
12 17
13 32
14 24
15 40
16 81
17 80
18 104
19 202
20 241
21 288
22 508
23 684
24 817
25 1304
26 1876
27 2318
28 3425
29 5056
30 6512
31 9168
32 13537
33 18080
34 24848
35 36242
36 49697
37 67776
38 97332
39 135636
40 185249
41 262440
42 368604
43 506134
44 710129
45 999648
46 1380872
47 1926392
48 2709425
49 3761392
50 5233656
51 7345242
52 10232209
53 14228704
54 19924140
55 27809660
56 38689617
57 54076984
58 75543460
59 105188894
60 146843585
61 205163904
62 285921248
63 398876064
64 557171393
65 777006400
66 1083673376
67 1513218850
68 2111184193
69 2944353152
70 4110111076
71 5735587236
72 7999890497
73 11164575304
74 15581285548
75 21735368230
76 30329041105
77 42327146400
78 59052022008
79 82393450440
80 114983333905
81 160431190416
82 223838922888
83 312360118250
84 435845714737
85 608109036192
86 848559159388
87 1184051547724
88 1652063787121
89 2305227354968
90 3216662254836
91 4488179121966
92 6262518497057
93 8738551864640
94 12193020498768
95 17013216116080
96 23739622226337
97 33124592862176
98 46219452730928
99 64492460568754
100 89988807950689
101 125563498324032
102 175204373868436
103 244470076470132
104 341115804598753
105 475972246060904
106 664144526808700
107 926701685667638
108 1293060296720561
109 1804261299678304
110 2517547898143976
111 3512822279108760
112 4901582896077169
113 6839357095966256
114 9543192456361496
115 13315988071263098
116 18580297088009681
117 25925742008689248
118 36175168598887692
119 50476582247282460
120 70431781105388177
121 98276079206464632
122 137128333093452612
123 191340144458058814
124 266983939518317441
125 372532745393369856
126 519808622009570240
127 725308023494693696
128 1012049430305057153
129 1412149989412510336
130 1970424668998957632
131 2749406884104808002
132 3836349409130077825
133 5352999327410425600
134 7469238437208573636
135 10422105702364963652
136 14542348063950929025
137 20291476201827572872
138 28313449841938500940
139 39506801830266821702
140 55125300467606074769
141 76918375885704574752
142 107327053502472144344
143 149757402765478971240
144 208962052239015224273
145 291572482890648863440
146 406841859033430086824
147 567681507243509419786
148 792107018020312951153
149 1105256200957509037088
150 1542204873520448926396
151 2151895543284135322092
152 3002619419935331025329
153 4189665947998406889880
154 5845995960088719570580
155 8157134383154797372750
156 11381951315932144805089
157 15881657868175846031040
158 22160264726398314316080
159 30921037015019086982928
160 43145267052283836867169
161 60202187320972474663200
162 84002338756436488281936
163 117211571119586760717266
164 163549641694228786193569
165 228206864833845451227072
166 318425480995610009716468
167 444310854508044333104404
168 619963371361919688647713
169 865057826825065470660008
170 1207047190011698675925276
171 1684237597231883710399830
172 2350079025012050629967729
173 3279152206848462822510560
174 4575522384475466096724936
175 6384395647255984970335288
176 8908383438708976274988849
177 12430196975799395015960432
178 17344313678987436037395512
179 24201162524673937520312986
180 33768777390307766306909713
181 47118824333774267090751456
182 65746638728335311078021484
183 91738717305289470134132412
184 128006426057856300488412625
185 178612101790444889246794424
186 249224073338914251346286308
187 347751569421002071110957662
188 485230629638746078982001473
189 677060248468273391939367040
190 944727212180918393568201632
191 1318212828698494229074960608
192 1839351126575292862860735553
193 2566514672830110179075770304
194 3581152869577906851718122848
195 4996915081849079954796431714
196 6972380472235513221012276161
197 9728820411985923882512016000
198 13574983033276066761310986276
199 18941676026320106396820984036
200 26430021296207360986036308161
201 36878786478538057405133988552
202 51458335085916279554952954348
203 71801718618734828368893600358
204 100187594253283475796304285265
205 139795456650370616515039897248
206 195061772323385936292740155064
207 272176907125301779961502170888
208 379778507554024708826384079761
209 529919001297142489100520207376
210 739415586573989496215744496840
211 1031733922233351197614270330410
212 1439616510148309687027424494513
213 2008750174445121481532009201056
214 2802883431040691891444285157660
215 3910966942529970571669119319436
216 5457116859038552650091442896625
217 7614517036526505264420579516376
218 10624817316100633034782523796532
219 14825200660607075871852005112686
220 20686150932091563178932601929377
221 28864151668727771333985627109440
222 40275218637314784778486534021904
223 56197502524790202229717208971440
224 78414454269547105846903856148257
225 109414588943357340890958695153248
226 152670223686895189237920951964784
227 213026411063884413923524921267954
228 297243632156261787628821246454753
229 414755036317147719366800599082816
230 578723045814664017084970794500692
231 807513675376407989181167414177460
232 1126753704790557226362422444620385
233 1572201127946475753536742188084200
234 2193750396567479995447305622855612
235 3061021084957522441906012303418230
236 4271155960683508733435906820788785
237 5959701921081435744431353433795424
238 8315792566482524879259330229692072
239 11603333006324539908777825944995800
240 16190559802846380222298613688379633
241 22591287054046485502950013893179568
242 31522458579131604696814982119683672
243 43984452612017300353375053321755066
244 61373133910939351228198641474738769
245 85636204212309694896579978132546912
246 119491363803166205403565088763193804
247 166730720433896002809772336271232604
248 232645542335558741021358597739832593
249 324618931818642105703710155658934520
250 452952804670958211023109761305659012
251 632021805105013484852489531750897790
252 881883405972842952428778909057701633
253 1230524541160558527749929678270252544
254 1716996414880985180728088824807454592
255 2395788617050699389710047349866301056
256 3342932488293960007928638265598206721
257 4664517370922528889206107327885161728
258 6508573648982383960148183524540056704
259 9081653593638619405567323881062714498
260 12671967230139017786340852921368530177
261 17681664668887296809502474376965275136
262 24671880836259622771282831286665485700
263 34425588053916654978249029723799774852
264 48035296567913611405345801675299080449
265 67025426341406542352068136950296246536
266 93523056944092932727780890734265035404
267 130496181189743877788940633074397935750
268 182086149250726696109482075575891573521
269 254071540229592407807629918418826317344
270 354515419323580688305662156883060906904
271 494668479691197270007904784226181082792
272 690229229709911511724741912413544208209
273 963102378876753784418954232184948131152
274 1343852378705975228321471725335423072488
275 1875126939111020293457388609053269499210
276 2616433987463419080562650376783440470513
277 3650807136288704241061897682855794276128
278 5094106256928015815236248943441962070908
279 7107994914037858454582689362620150440236
280 9918048260040827562686445742495029022769
281 13839019650144735871534395569739718417944
282 19310096085003732724401627668682262951380
283 26944091434119513579955580847610208485774
284 37596087560330299305755236881974465858657
285 52459211820152201320337650907104244320704
286 73198278953242759884312789363902679922928
287 102136266554780112191466054611559140203088
288 142514511200634701946430538696182954500065
289 198855769726637721088963229634909604166560
290 277470812062802984267244898587020960329104
291 387165288956049516084327132003925049203218
292 540226050653910144124356997966002162833185
293 753797393852243689623453026808951524824768
294 1051801389974902016435899162594871058735540
295 1467617390263869804333041127935929374869588
296 2047820838358397523371263051583905212482721
297 2857400173802047722495251351998693642295848
298 3987036170502641625101981418466729808474716
299 5563259066980664851075567231103739799835030
300 7762621185962492968361765755581292497074417
301 10831472514807330972699214188932153259245280
302 15113554304463971327253115880674209408144776
303 21088501438905650787799098742266324793983864
304 29425566215577154913760194133445599015564977
305 41058581123735273627205445950280572075534832
306 57290557182275272902851313365206858996112504
307 79939633870059960615319487009157522825113818
308 111542728463047702168171086034006743166634641
309 155639695488285819432908072680694290067759840
310 217169824922395194133490287383521904646340140
311 303025090796155364951661659077171009158383100
312 422822119439619341033987231395395323302154321
313 589979345333076207699888647447738099360440120
314 823220006514705924036813605537863922963106340
315 1148669329675394047019636121867961655762691742
316 1602780810105771756433764526290871522023034561
317 2236419358362488055773515858523465945286652800
318 3120558665865494018076085849273787234488489824
319 4354230949886937559887165174449704699808760864
320 6075619526830747867980796243337803412596340161
321 8477536690093476091925687557071040414263632448
322 11829020565639369137850416198173196634106011552
323 16505470003548433295848757661125311525001441186
324 23030692907017700051832171357479884241123605057
325 32135577821372214367626519953417433682475655552
326 44839960572736235729547931520423819684108893924
327 62566855817583833399513100376085080007248651300
328 87301848549762128787085211264314751606074916161
329 121815498966844685826722382994265073050693443400
330 169973672207903902528574132272593979698606196524
331 237170552917108090973683522904714583219398483622
332 330932846483451500440529977252844897707461802961
333 461762843382652490883870647539453032447905836448
334 644314778042120084475941178082023146137403163768
335 899036245884011091854743477410404378634322089544
336 1254458533248756482208271272331750962603273475857
337 1750392399466892659835753003703499324722712163984
338 2442387269810142268185428132902831903406047342856
339 3407953312381524056271286022073906303840869041258
340 4755243332182541801879777279738749612048697803825
341 6635166939087177196206609269509163131534806849696
342 9258293894573190380728000177050644511087785425372
343 12918439976746607660030840581551405527938264648908
344 18025577210356896194292995818757075875118311503217
345 25151754728233557957662609623610452153710377700440
346 35095173848066405700789681340153455566964314723188
347 48969594397460400048616832219065557278174887655342
348 68329086666824012109618215065977980182539066904097
349 95342102424366369359241972303917363287639007146816
350 133034362642987205798023345778284570123314090033872
351 185627767731108424267853262351021517643253021463536
352 259013291515556750828102159673812706757817081197729
353 361410827710340780955288663860486503534267187214560
354 504289898105204054333729870480327605409820132960944
355 703654350762221925924057581698646931158887183858994
356 981834946936238312738679487394785713826351455626849
357 1369990623920748889622748404821141714353907453136448
358 1911598599629647906181845033877621467727594500678932
359 2667324244634698551401416556488218358811590095112692
360 3721816194777736091984176297037069142534166361899745
361 5193187823180044701986438472576384649809096454494312
362 7246247088899045008984678146854058185350774690904316
363 10110956634190170735369769150562356643879922818912182
364 14108191841137825495957053242189838442152359270888369
365 19685682000978134719955794766284501020510645836302944
366 27468160357279386479724216447978771473110620328728680
367 38327340316465821727283875634942033528184641360688920
368 53479555843094094935868642774758840483173650943494257
369 74622002715536907679404227662242043966731886493760304
370 104122840990211029934291967717862838529479903050106520
371 145286452002654011599021161184459714494531943247677434
372 202723561274167910294677098099242928416637423931014865
373 282867684695958967547988163097967721025691692593973344
374 394695744995519053132334290086782267518543789545461388
375 550733574550989832188375357382945571327806791109707164
376 768458930666085845390653424295178370468020809118961553
377 1072259174686997073812656743271532256062779271684896120
378 1496162894097498717509085004852673410174157371764875716
379 2087651435883161522969682205973302312263848409347630270
380 2912977280040079993015966910838242882593579352488753793
381 4064584962881994508830826752976879076411094015214647552
382 5671465765863821763448449416799278034701854190460136256
383 7913605995963321509001616027649788077451007114325137856
384 11042147205804069010677620416792001035415767382918048897
385 15407516494609638035727725586575435145814802396134920064
386 21498677757790464781451681472098854189603868419110411968
387 29997900407571459530356856861233790148282541880161235650
388 41857180195023345082133071589942871327045372175187889025
389 58404872010190567598631088530773143525022539234355744000
390 81494478572933383842165395194566434486168952179432883268
391 113712260797618149694623000041119532802373286230537013700
392 158666924215404480279395248651489158377090450643899377025
393 221393829156057335282961878919906012497360443593221510536
394 308919000168169683231411395276805500090915524640506910668
395 431046109228427110253413497344097849556554187518335767750
396 601454582527519150845319006491301183371811337830342398097
397 839231829492396701745784669473517012679191492874235331872
398 1171011218625023903738238389965001199204023899677178446168
399 1633955274283465411944051510326700216300176863179020563944
400 2279918241512312554336888345438335208730194323578813061841
401 3181254266742444509222261449403519411087239292228592224208
402 4438921767191954727626341410618401631804377626035219574056
403 6193791757308090520617828201203370633760565510336646687626
404 8642426774997201572781411244245374030904672908035997510257
405 12059097801126353964474944270640322674695994544299031372320
406 16826505281808135768861997813025142899325508646708512949308
407 23478645307302493666180650689694118695569911326408641708140
408 32760622377249909501731299785526019380296661996634060254897
409 45712108364742625502198939896690608473347011837716057270936
410 63783795896413123101223299192413380290465331299525796365588
411 88999890061802312669643250260746157456163235319676762217934
412 124184839106735160506129179578907236326990685672066174796769
413 173279700157568871704645538281517369054277674436767650002112
414 241783576020017748440509799713905695202791801938879320801456
415 337369568275272633681901609418560630110144606663809111811472
416 470744239421872903915420256141941974435546034545601474800993
417 656846852197604368585665137709328759459861278314526291605024
418 916522712570563015804313018551026955423081015266497544424400
419 1278858047119018441512742121702444578981236675755012061413458
420 1784437943817081641086750531560599493355268591174654058011041
421 2489892277338730400194291174811382670306023308847521380453824
422 3474238806808599898829797261955916113385554366776521667251316
423 4847733934753181723686243184823643565691773858104320177435540
424 6764222498494542441475332881183364833967315208869696818918689
425 9438369890955930197853885698723214897077132042400564714956456
426 13169706676314963346202283631603203244769102082985162022122396
427 18376178931742266606636908947190373233626404275843713815272918
428 25640962280406402837183104278629794628121579293670826248831601
429 35777783243585856890258452961929621386615336208370888759201248
430 49922064539799496559476101525983949712021910634672589652668232
431 69658103492555072281003117504449962489869562863185366312936120
432 97196528767578116617700010202489037401352251710412603767234097
433 135621912323184850009210656013897520810659157477716068064537712
434 189238271524909641121482336534883874691761036361043322278540472
435 264051161027711305516403137909428037292574066284010573847404314
436 368440353413947816636121322230284079022670566665844739896309521
437 514098455373004132252175329083665270194181230199802712621618656
438 717340593580332252154288612353739949276909168929064469973349100
439 1000931867855606938788645782369996195337915199615700053640023356
440 1396637264159956081140471980397614619411033027065450165139546833
441 1948779642533668636560752553791145168747999568057931652568316856
442 2719204329291546129731580177093732339952739568160464577253395812
443 3794206396175519101069589743165225434159981253746600383919117022
444 5294196549227293354261977087979904956907032163181313470276180545
445 7387188301116760896023912907978609848653478704378860807075108480
446 10307617121642584331870759663424183208272702075653665345091629856
447 14382599494630105809593543919125035347974045580109227324471478112
448 20068573151460815146309802903937124654213989571939035084426397505
449 28002422544401929559765432234826976265198882855686191497258368192
450 39072816110902795951057847501674253904220793235872119994034586080
451 54519745797551736102213149726999284656402024723987297493324273122
452 76073418240264674265840667373591077184611755283311418078943133889
453 106148054766207521461881127238175484073640469327430431485327540352
454 148112307706006268155484146955672823217024842683846714980683132324
455 206666582278081084633894484474181439025625535290610133651210540900
456 288369527772679717189602921849942045331892693938172281049598214593
457 402372670178220057772849421149521130507690154695123861446693805000
458 561445472262168437423273115904035701268275913265066982283104214124
459 783405637823440519013100328174065529689410923166954695750406970086
460 1093114868129119832735301764148984306347273003328420003942985824593
461 1525263614702556932619395652957592533044241981225257826012902233248
462 2128256747909049475449473772252166760647097759598976373783918154296
463 2969635374081680184483703856472034142383956929823794703636378619272
464 4143642097534233697974093070064169372435756965778935655968790291089
465 5781777110520655883518343197461926054338437500423210573580738541840
466 8067527496072409844416881485196235045415011619246565781056675392840
467 11256919569150147580431889996600372887255470861381666015573959201450
468 15707196318575545465010779464988021481112631966625356803130267374769
469 21916832102665475572352106167854396145168460738916342135694089327520
470 30581366634372705005280661478396980819925953342009897812204593795740
471 42671312206301238510453448926576415849480734794632379621834493950988
472 59540860523906496609714991800696813771449553444458041074518446029809
473 83079565371410885582913429124648357785020367422936137760103276919000
474 115923991046975182026187559331549812518887422931274657055873581697716
475 161753033254114231729883432527970043392379841683548461770871386010606
476 225699991266728267775541850049993529341490288290330316594724999867809
477 314927547465361249635288547787747982822795213285485451871850440314432
478 439430057555203645485954424387489899303647106298371580597616353718928
479 613153015787570767280967132627957102075360418264209094960321385746224
480 855555086197450767046118945625489494987080714861301220338425880496673
481 1193787662575768540607197396562727781430089425882228613067083147752288
482 1665736089130345180047888689643404103454367942826789770518259125211376
483 2324263188182472301373205023878936092049521847986811535637173146739570
484 3243130411348987848260513738750945057847259566625758446472592176001249
485 4525259840836458900702974775849535988338825311535808154103601398175040
486 6314262465495289782794298737401276287553411638800412841792605418690516
487 8810524010880447997894232501380826207744040981238328428582357498742068
488 12293650093021905649666463290450017034524910189697374754679794972351329
489 17153784771827038466291572250652088563445648589136633837688812235556072
490 23935310487256185778582763740162928703041493601277069698957320416174652
491 33397824196924259297227159082280860276793861360633077937941947443444726
492 46601219636675982582249607791754194161416207367970642430057419443463473
493 65024405746339410023457099730977945969528635791690773235603453067905376
494 90730958881104704373037081904724649256629216322543225574841215303064104
495 126600263470276224461726374665789248599626276096574362798056786330371672
496 176650031129354802629163807253710086100473478951352188901264325579274225
497 246486323508548818769531263540427244482787068436777224385285883674033584
498 343931485821657153296489831236303146455881768515691951170954787963807448
499 479900325728985829720053989173209420800573233999278740600585437488920122
500 669622678146452440168226334334564575066047615824906637671836092927341393
501 934349295151863125362510926013033537394550605468161126727195459601648480
502 1303732137279628812736597809582721988057028236514249432372125662941647692
503 1819145682021890710056506657842338570932668465649092015944257623343602908
504 2538321268450178690893248186360631649855148826761228891126227012130638353
505 3541813569711120750835706545178477513508607078496659991471446785484943864
506 4942023501323410232849611125267399129922365167812433464260640909628853508
507 6895788218922248091843003030563601870642966119171549798196711647604879614
508 9621948407872420192564661276717586676872362983754548874069120583100526081
509 13425860572357941216534928795713275773353337414121526919992728604742650880
510 18733599939167906416535617186394602871208297406155533060654064204838612736
511 26139685034667088476972325583998775224387692086680647546334952813805931776
512 36473669552588302625634518868144138223579037811997602714054577792585827841
513 50893060450693754049606163168502481515769932226432593041300857014419876352
514 71012970008502083370480268354392153319983681579516828153323969832450476288
515 99087024139843693728241363320287051671545767710675852974444108398977587458
516 138259790453975810724846845205149101255118902264862788796656291821425580545
517 192919000467697920790566699877286788155737295385466249347948796679320828928
518 269187018288189470826962994994966256663075217000868534102212186630405651204
519 375606605047795315177935053730585254181783572240401430567756692041828748548
520 524097791389371652305980244959722677566593493035795287492553885180067238401
521 731293037044076862444492689867219301481887729387203317552373169940132131336
522 1020400228383780101182833102456136765026642361481671395237725570714063148300
523 1423802187826538619789895543650030609314970558311992005552864462401963225350
524 1986683865477525377194965624694161280530368951810201922597300225060331501073
525 2772093493811637064810158894779492831535172452350546108027824311368258427936
526 3868004604036857340762624189756197983656583478105655406343454495517989599000
527 5397169918781589374179826793038353170375708461932395850747464912522626227496
528 7530870853100799506815283414253146943600713856511294138652948847796848356945
529 10508102701885351746335407274291888798848339408561856920714733302404237625936
530 14662344441600036089122277775832904324408000401970447107838384320563242053992
531 20458911624983188387810393621544647057577136174954984128053362608116322941386
532 28547076256871502999486097962836924541297392673635007980082415452605323608817
533 39832791585085423924579962825957697447664340212502751136391501943530721733920
534 55580167691566412864743065018922198439562272751880415363945109536795887936764
535 77553064138726194386782589547218496140171921522225000088218193513326970159020
536 108212659427042350848646023614752319436626073098640510252865419339666767076657
537 150993126968218249654066092863802094326788885716263581864281721017122497607448
538 210686295969018801638308244113359190719906115796330415540381496563449828254804
539 293978382992810896084074636776723135013424067719506020593949032192660504312334
540 410198913363478850156778209342356508090203844531167673981428861373911762291553
541 572365718906255852930682581090520475766601117308924412945044714144022154117056
542 798643061954640593806457517666805460746754251235342456728279560948770836879472
543 1114376209719768596397631055461436151193831756781841368556806754940484028895440
544 1554930351175990556018143371523397459623406079149016499871518289661956070525665
545 2169651842815537040543597616424131397260109619779609326401603836041563827876000
546 3027395481394177786601719628589677763134417764799025193841893070829738894670352
547 4224236912071749708433917798508231070440643915079874368299843334264396169946770
548 5894234036807064637105338604371660254143625318708235152674725961745083726277665
549 8224442805603892613747036873603486923528945149377659714085389977701041617216704
550 11475869305537677203469555225606139904015705594958773930441579739358531234563892
551 16012704985685878982644595007251551578727894552496344673649295257754563622502100
552 22343119648014849864599412351578634101201515617463554580845505917147166960711073
553 31176181416679247020686147324815766731560356339295207574968549456418104086344488
554 43501279276909435168758745240109243061471494699951463277740170254867658479568092
555 60698944281715578711843419710408819781130925787423453835340307092048897543924246
556 84695482481373343905971707001210167564322228296053969730782604829983375133400049
557 118178739970498117358203637805034252854503345739198134130448889966153421045480672
558 164899167840340592592445584660926882623733346274798370948420784438965453567416584
559 230089909244462266523786833712829154909775382379531393296905516752015647810724344
560 321052962422369578622378982611278673273328919774450237991680384762290217224361393
561 447977075651179302543094807126888018101970038288794876027290458844084328180313840
562 625078986329265125640019252086585192443284111033861157542231817942996749188865272
563 872195834089201423768544798935386501456433221928431869280266286276596082259447130
564 1217007113724728183708568596865054709477268996352039990046261302450458873584989073
565 1698135048309709553823133311300058402988538260356517191111754094730077826558044384
566 2369470654507667973177108849957358195356150554890724896102764390496188913707759532
567 3306210061538657791185681992665495920410971214632511849372788891177513829429425276
568 4613277210344147291354835219465171515454345517065074372269769491910614526701077841
569 6437076357325045500177351011214774793700839370137966983317282875722455653973563448
570 8981890777584983555548472835288350036178092984155748594848342172851216572566610084
571 12532764482226952373895352431595838951319662248762660593912327874998742882831580958
572 17487429924994238291709537241894721102856024257341008338904335243355525834648204737
573 24400857912495012611274296681791474866057025338449464173013967221424888799106783616
574 34047419742038888303339177698480027938817417481681069782672997922848702338229772000
575 47507624332215428957314426915385281157031710763444677271720998361709794552127990432
576 66289145749984263514258130605477670834970074934239936684932269686205303432861771969
577 92495697396572789217952652078751530743691860301811603738359963067122293475566327616
578 129062668406469746217968031529250590252880839008570424326114994646268291442485752864
579 180085915832183955985830688126340622826971860631924550641585537734120401417851534370
580 251280540543129841950163434762980732322353795537863144161652195820449890383994427201
581 350621034209512281653888715137252711249453538318952452390589952359658876360537833344
582 489234500070837658189629407781931835906824560272419525609286070114509094278188821604
583 682646996918443639886157557652302087471679451707650838964889929375020182185840388772
584 952522608962154405257940865037486154821260872175768048942832100539767643105070093889
585 1329090034351187598033147530701116383063102658863791503609162092588677064916915476552
586 1854528493907724937961944523086536010850183463687721203539065928864549458649869599148
587 2587692214842752450402039287727274397114201196059186936850554130454555468395980576550
588 3610702677664529601324235926439718920947466189903351056161156285717121772938901046993
589 5038147022166637473957036576874188404763469586239233910687293950317775982216654674848
590 7029912923593229838766023098541084805078585855806095077240174189773660395441830752248
591 9809097570171811653050511140606712239009133575865889049172866701888799014273782670536
592 13686996721997804549238309080188095730474405362381818877535744186352673737372210396689
593 19097972869353097151489082773956358014920641297851424065167642329865096773100316179344
594 26648108063936853144867045379754509283096853007537873175585907593551258423989396093320
595 37183091014167420751527129300982903699957944300629526804244355074594146489018203463914
596 51882942460703998852216474628100811760315687958084667007871028846082867283572842755377
597 72394188997226803441223173533465376581114347312927170416339457516967613621079108365984
598 101014290092271694647921303981720316683012741608796926784074617742739551402025803021148
599 140948975935575418455960078557184527220589320216798860819986412766759881056163888974668
600 196671320455157605734662821695031564922544382583939007840549943880018094525731059487345
601 274422769181770192737065781496906009947139830530521023984488693002446716425130714408280
602 382912241963422531559841461096089371124191382042394648424047443276259313514353580970484
603 534291616845890629925285721947247657065678085384676876501086300526796070107626007949358
604 745516858818697991208794384688843584816824043644981055809527329884911527375992488303905
605 1040247253108615255856748703689084752195522594615310320832583579554965343453837876349248
606 1451495475655203791410412904990584685255547552811748401426220044329851453729605596869200
607 2025325334483286612342874491324934826699326172674638988120140960296619124859610984557168
608 2826011365035928502922291792067013089207869232875601697474694488994842214283668241002401
609 3943238204419022838677574513670254122706617700238807123685023668214668250913049070087648
610 5502146144621777016096161887640454338654199898161026377666501964923089703448827565983536
611 7677348064555143618187458075458961005115064638425842383069529938286303553426947466561970
612 10712487773873974180277440819407521334621104633353215944844741825424178716109766381177697
613 14947530493662576870869898288951162800015017496560859879018027598060847657810704202054720
614 20856842273732064252471078038558376348884329175012711143805561841495696810302722499107476
615 29102323612303091978742339714274003674357273905132274272759013589134660985646480228917364
616 40607548761199127922017237397309846934651139626474935702880797021545874031731174785287137
617 56661215041126705375812054366067915497783675846586282166629151281052241278416149200269672
618 79061489498338248209955757467106383697598876985277259689323589019765018781595682956942204
619 110317421134701347822776814508893697543659553158082145678520607632226409049108829799491638
620 153929978843452538673641346129445677930218491319647500036139099583650356588563473185826481
621 214784194037803201795723569300280682892981429817140801545276329320582278841607515114154080
622 299696331767740943855509386484893778784917983301441551046364804284217836879813342555925480
623 418177378821606425170059506767785053404096535797377145750798806799527122226235776171144600
624 583498366919058942265088484730007043716181350953929103126691758224814914271778503414134641
625 814176857573285089506742342270068240462817396420023903638005937889017952601234200226005040
626 1136051089410953794195628400020463885593111054896195842547962417883272081332284894898214680
627 1585174112659724309700236476227799140836459237705235352004182323249156950769792782999413882
628 2211852082065629121278573169270143524641816143793976910402703634002850819474246903866144721
629 3086279036395192677897999142310996011649039506212415588733930773655562115265803990022434400
630 4306399314730402413596101352476062167266029530306666546556327064381585982871870460897042444
631 6008878276790982552257382814768086190120091525293189172809589591254858589718286590731703324
632 8384410154856014477074571453892135547939895156218808087870565181313975050005854883911013521
633 11699077665855997505090201847263120346181098566825748681846584902418734081009544911816519288
634 16324155868312367518110866982012234547506212580893044892175506246891303162308443642360449092
635 22777698586503011506406525722552357285999881837730805348550719953882808689729996358553730366
636 31782565486568009487254975148418376240302092289870305451563734986151443212024944707544052097
637 44347389402480732541311935811287589441193523728611838466197597396201340405626432196537417472
638 61879553041318390530923918427116949119505976256354655589276946154656920541768436359467909824
639 86342829559639030480916476019389109766604066417471416251678189926185695113779885773641834560
640 120477344291529474569878846770993555122689139747093982383958929778554124023277809100618887041
641 168106495485117513603159772665521487680205476241321149644751489705515181489163304915473237120
642 234565212160596451492756870465895168652714109091297488092633326007028310769328207906751578944
643 327297518142697979620674169561376220011982345911659381019596049483293943160335503974879608642
644 456690335261764501776198392102036530483100092229736281673461909189584487001604418931565361281
645 637236919806310416588673513597311824985633694423916125830018141719571803027819720728976395008
646 889160248445992410734105209588647608676678800914616250131825424973616197089999215856510796228
647 1240678188666226983173070953765449280978182530371131944366519867862462917163544341838010331204
648 1731164174874385334953545419296660180454367481077568533333498192628728093057243860389518151297
649 2415557416698295238056883932774607042338991296253148626093668991666804197207818152441997987464
650 3370516625778446377080247117119546170633043861656880138864865160698542031417087899532531458636
651 4703006538414997653080161792358769641886917492526269011033516253119919103278032062617046633798
652 6562279008270975811067313284845874265132350073583865785520836175962336487472880165273514126225
653 9156590668255187992217378167013699383605079019566908903823399313063888260041993951507060904736
654 12776529702608441683240570701837085454406878846709418160931897666938380237973152024766624726232
655 17827564554956949275214788362050518172151617639694000582075188605044592078223792393164074886248
656 24875460344781351795502069618873273032342508112717683593167634802090113007556868068287635935697
657 34709650073472071358698519570687870292418836712985745225687194646940648735988298001040310357200
658 48431658812522340233670147425938121798710114126097419325082274877027564394420736811094774498728
659 67578485244519652866218927599797064236836633865129367768410458209224818093337528529739346757642
660 94294760491725494512899108760249013617180181538689174044542024095971410479533464070368256650097
661 131572967698516751826038814422564113889839064965180583875851744400995777524829771623229859354656
662 183588629301561645966108002625532250272383381856356154861903191295477200581095793870573468014012
663 256168006227970641892017145120295091471196996942507715857494506401167639052404456670475860057836
664 357440695888758998164976737605377241396858311469050341796245512897962965529193007316827975359409
665 498750226301640043758254819673628614434605828677892893599658126991950178687021359364376795382680
666 695924641757502929750142292866122433214777375741371586576892204097812478685904707211525188129684
667 971049398005488638221970620331049574264913619880608399449985532197093570110790471304131810776654
668 1354941148492039085681486376952634470266069968824836128995561766881863322903235726045581566124769
669 1890599509816645903258539405405873480864160580160636066753442535187575136058830773787427171642048
670 2638023437768480206194083533528221581744604615502588385476863268491999618907485649819788809682992
671 3680931694989566809584943374236318514797053557530280657441109065960820215917261923395294943026192
672 5136140168125330892198565187764381431994391129146108262502446837257013595020897273620435909408865
673 7166646385353606315646706472462316644353369811165812837707169072171574373873802073427004791008032
674 9999886827747613825363970282000858611338711730563149700359081400413640050742009496610378695735376
675 13953212031240228593982073749765081378785835815822497182446002740474847405959056470636166761843922
676 19469432938832543523491978132689014720701130751477733937916784981600162342768501420474445491424929
677 27166420040848833966374647036464033867030793272292112238425331872998854475357821066647762182478784
678 37906310890228071013328117781531021368910383362208144065251086881363334862660122437882712219423220
679 52892077908905315640966030015143110820188097318777965058279572703675172091496059311585057744693780
680 73802273020530211456241272205617082454762717296061958414767448727597871293484143553769969856382497
681 102979041821304975993030882599526076604851559996708400368927505635725524200678065942413186621325224
682 143690466708038702295260177811817243009286577999764074181810232288713679045652241061052827708810780
683 200496623949965738553448574426377275729713531910901881887814470158870914678464346419124997457458774
684 279760356663140163442303037404669235664465837289478759152622459999048919694840275438596343099032945
685 390359975237382380583551238223160562623424715996236548732547970213152882291982548064518842038946784
686 544683714607970179402157326664571794468713641821567837957439172606455508402580933899302822623728328
687 760017337276246065438054649235715747058645206489859400193059390156968754068144897296317683655524664
688 1060480307137904924609405513850990360911315269281951856617718400425354684278805371567634027176926513
689 1479727404453322739387865891552304151560851999639372224647426315426063899097144415863124487286403440
690 2064718389160462310278266625136003288586004054801286638343557952920393016538870728491938189934777656
691 2880977951552055914656865676937696468881275745053763113428496191007678122625755640431585738009377690
692 4019935116044550403385137296955598664033019268560696305912571031277482482473094203293883001749733393
693 5609164182774247359944399141824310728732860109241945501334542221266849932174885872847000867155958752
694 7826674292264574139591997979011396226348555544908812865200550334935749261790382009355109665953533036
695 10920848183641156721427140270848893796947314282175155725253638253562643087571944047019351741508844476
696 15238263481593045123273935580604220121498739487044587308581655473811182346822865948987884736061650897
697 21262512767303395639128395099847103181429971199059571231735642891138348455755649891557220199063024824
698 29668370659546887582446278520709183820243184109259124315707826842061035436934270103393813148971221988
699 41397375146827246967975011432057334039944793256264330342416949201185007781217675944995121213632146270
700 57763289016199836401530725780298426484358681885163729772052941256087879258334165732102325134187700545
701 80599254086397170804020952141265470821916339417577819863151296575260419329624190098344846497005468800
702 112463120953201381518396301384823851900132770621787785000541725244431050999369621993384055576235514528
703 156923953179226919771036462992654187008662157026591789886522831713360766297886007409199771482007547360
704 218961797188994178009572630062829368128191360720319369498355534406608717917582545928792018128198638145
705 305525495992799933840813554910913174622181880661153389864234747064122521328363434085112957649476497856
706 426311027311655221060469227370132225917457084674971364773587388671152583595141636811783598540250609248
707 594847547557215275790181723118312923265044878467230528883233900526578202133051099266783807738404823650
708 830012789174594045691199739884655717372555122042626149226825028534853760574309414099017933427151633857
709 1158147550616110375961752009651177626457096050011096119411409524406427688518646707708680154729977716352
710 1616006122426085772640832673606758072447546841609432422540055189724308987861243835345351214017060256548
711 2254873125906403367172581202887624358010155122552482827336883957596285723281669927464819674592708091364
712 3146307890406814797614703759187010970286747222064818388049644077347709137611602829516378242887107066561
713 4390159795468281921243417356864693771352189733229960964491519903855045664241134378399382582764098229448
714 6125752374238892506985995079382006788467857086714398077213823104916880434424583690274990563202476439276
715 8547488906720032962401988721261646298583649566682119603436172112291703998504875586497576160366922224486
716 11926627481343378640101538472916398512991126688524740317032683885057800466093871586315143408415303525457
717 16641664543946066935215407515628707348287903906658757118919166113688806533090301758949363709169051108000
718 23220730187678958431789972521905299385635156220078637284086167329500288431434334863270142883936320888248
719 32400743869406790242605065667094443324565902943731600237501539882407304930692618759127862977197529275400
720 45209956569235512510532353504173813209566934501842254554871016112435413532274475104213870826753405741457
721 63083124919303983798795352559439306119558216346816031687091500772689383395958971485489649477041692884496
722 88022217926492538917000103856094186034766962107541837759089247094314898292819572381525868838331379439048
723 122820657007877815263669772675442069743699771947416109347243572107278131995241568967555604630704340758314
724 171376206407843480108123058623052425448683367195474317929054017657814180324192418075193169780836791510449
725 239127560772289061632795560271627678189092140561899707205269994961319179981598116248541387153704451762592
726 333663531942248169444339649206978325522166506002374056453576391308871162283302710316637078099740060955676
727 465573069823564775479915889921546920641066506338364745205351607422906492643626405117941944192377923779212
728 649631327952421603373714179166307781826867648319273732339594007580452540287388650572275944088245695035633
729 906454624656785400521474858685584329233425152566647820112422777579061504548203536881815543353184573673944
730 1264809671589377720404171429050072166804299518679103546864279606154684147570555520552520966484495908514100
731 1764835725728407982227344248254162484294801802976912209884539622583811573218403706262493832368869313850478
732 2462540577265992404416663896537476440293717953452569372564439562738575549383795724335907030794614842383521
733 3436073967835540841329817716785728662842024189924854913840981989888429799689314577986857476322176390702144
734 4794481123046193684858859925558397135393903124632927966633358851322307294007362933077508631222234536215056
735 6689916880260392791060672041329115364882237709882050955013418748060962671985995154934307893958098998617520
736 9334688512937074087076299330108933765977766333302279200246403542515435148762424880309621983438967623787809
737 13025036213927928211047537567902522933629830439190710847107699692533044387704040444141874738766645463132256
738 18174314883566979266980204008216627865158378544397029876660196347444232637979353242946124419138432533450096
739 25359293906134540965213270701546982896837770376486609355506225833091832969510844915553551860836034246193138
740 35384760940792930509171374465913979633237427211683700894461802927581523924170505768593371460972258550052321
741 49373665981061886745007945584335778663946587527984770600428092387421509663662746930034123577043510530032448
742 68892902695836061197406745411310593658833919297370248587672648013627898577001043074053228140810501025836372
743 96128815787720401983556019633374942163312624799854011144429831688254880817851856452740294782780551346297780
744 134132092902916703999187265634585536961130602267653242095317987702424543251495999628661618615059279610117217
745 187159471372734009139821436406956965981614426122725267775773388414677306817664833078140579858664512581705192
746 261150534271276865164518784678060477985459168897078270876532311390137660212704755979533817706371603718431932
747 364393001593553809981930550902546016085573829335160495335065807093103967320843855710063532012899110566532214
748 508451035648384722278830138448499468924359454513103777646864764531779156886825665784942778332388304773527601
749 709460539915287739468859005763077921952532763916881809528838011194952627243074345037208215271407720018569056
750 989936537458384485128379886483152510156606827567399261546663925576345594854392467399660881732169824851496360
751 1381295072890323254539590827799544953934292738361368050628795336156662281094495187279949088677675720113587416
752 1927372115478960201216548149974655312829424982346867396704540786921684411372974355859359208875203744810665713
753 2689333614832056709725618778729382942265746419051680332622165862347643816951859279836529978735747369721561776
754 3752526683239030994207561542082242418025192304290135362804254597889670157043382841959559059087521265078671192
755 5236039303848243656972687127748855579593142703055102844037876910000031103840443898998667506428083209734918842
756 7306039345143073620667785707433421197360917820450228061948872511616972045276692915532419166346698484253789265
757 10194386981310118698140741862893867778316131027631951058230675058126984131038624963755648096910789899878904160
758 14224605290935518308152935797579953577211477710400341050880008417889732364724270639956894071943687684548508876
759 19848117994134390898308258542615697974314978343955558967935621933233975194393829730063505839121480178242497372
760 27694813307763311016949269433221156753993179875714130178410222627870940307353942843043715360168278284011597585
761 38643597563181155314446613458053774932739086448432633159990691893906448860487166243669436240798165268975921912
762 53920841279204300104769452882811349525841434398311458986751252284357682753511930100083905750186648041033503620
763 75237744609661012932206797409058011482301338095383819324756067188975855809101715416150936559458036746265692542
764 104982008434125621645842496349328706619471352772579396498391606415683838028328275330382587841764608821963441409
765 146485280121589755523985519223676473984421955245055551133493196462621814367511026443837247741171461351042929152
766 204396330498526325969183047700927372490444110589079097636263386662309394371715360932385778869102721533564888704
767 285201761477912256223891790107715424721244043640542612321539280020343531865758266076916112242987254390192575360
768 397952568677305132693813534796681654588315263262690498765377999340927466763350328218057083324107531524049299713
769 555277941118642407462351614625531218965310176423213746406019969787240603110941748308608805479376904418172706560
770 774799853454350838416966627916358221932932197870164322279341946702996458103231893086218003355077230313950039424
771 1081106898832522521611518859701078733897874570165923609852295278702198465392458922513030278891202317438291174786
772 1508508450914589947618516764047744092518935616109117991577417938915408672985233824835274694282861340360394712833
773 2104877648027344084296284870458247662831174572163542390964703863193233519317405534481044812189531365046072785408
774 2937013651119395881640004347318515689728681338202011541983932504107393388888149738112278561137481865190532388996
775 4098123800661702416848552387796566918935745802384159593007131156533015811362926572183579667456924998159080600452
776 5718263746969278116211086504964239418181284760436202773506825665301875711620044893797364318661924070452540283649
777 7978904950266135847576293565095279042288537248567565474932568871408020297093705010705601934464495095427137563400
778 11133261252442800715337109122911649527600172942970330727998194817173425011614002882479437896051331861508693589900
779 15534651294600258649270725397725045755298315323256565140020782487136767234603016359778308304780773139064161167750
780 21676073647501549811363673635154797502758359257571333723371963408117916305807454915208568187590914261306815410449
781 30245427455151737278250511810918578097488883134508226930928958505754870320321710775664477726567158818444524743200
782 42202563841643318013878559918361741038196803589483461008039759791446959480820035602036054505612878139637015925400
783 58886798589603358271998072668034640760815033838399232586764709303372599846217926190195444679962601661677791988648
784 82166928557805024367864697256991953697736125526587787585229880419627656946450876466537523640725231898195864896849
785 114650555138438373306007631647642060173882490313475148947008478088648789281961781979736586737792915097718556594000
786 159976161020850034557874705254431022559826871266281926181569178398192159173255887982426943865538081462992599902696
787 223220655705213407007727467182018548156287284891574807757224470142627913739119679123270491961413065458069521782346
788 311468038834681770979879960552276074045501106153538085479246836596925235510374440426010697116311062093632978084849
789 434602877180138442421757042156504105293536232846039001310146834885033107628473557944590474468869078023703756399392
790 606417472431276848573329639618468118872401441049431541696018118683447986651495246228967927788364212379131643467388
791 846156733374576948967487388286570696247289497198650978715718143336478384759868559975291886194035189645335477952044
792 1180673793194958655823394044865284284632573571845616088099540506366991450767321556315191646054049218141040490883633
793 1647437822042692139568416321393440343038339114944902084702183072251929080931464050402526330045597502781967043334168
794 2298730939180430746508304416191609511366980435446733499127454405356404756171232366179551700176434591669802599371476
795 3207504319764494260614275478017139265512436640889883154914799156070461286294511672605675178302133625927416459719310
796 4475549437280342934960226687652164970709251801735420257503906650870849612630249657120244306145244223704974577551969
797 6244899700403553632585025153776659365772299985838369082957091882964738593273928782761629730398466686121572242077120
798 8713739578709419267736855372225888042391853717226499808957052717497327328760255711390902056780701843524635518810096
799 12158603194325180130534728853321469206930940244360723669922612457812160511555010986846163790592622073337365614823248
800 16965348838087450200130276995205483702253851773412158423418090416800326799178107222643503766942177595948119061706209
801 23672378857822392168058735898228435450556007420291368700871197317959393250794440205543433843959870373170843279697312
802 33030945967359779528806313078868826456253734205947947148802277633121648351870277685083229637965945990199366748456592
803 46089300870500080530795282843732436611438643791185040516758793291412814109911225432133171324476977265233603738235666
804 64310106553732234536247748791662354603365866613994895825160485052719113300766987633730371454861918342289805621100833
805 89734270792541951225671362055966088363063475832187262998475752584202689954534995575709893119891762353569576776610496
806 125209547708359940590396878766333699679131021788318028182319864215947276571692728549349572286919900520666574224927924
807 174709513977964549603290780427057145818170377019174832167079763396851040711445200699593914234200813949813214980437332
808 243778648138816136987590472903594531329492818278369421822111990221124493209836978785150157694645443049428959174321825
809 340153366209261832406465119588633487721325519408823319363115481016097243097920452674409037693731563394902725226466344
810 474628575664289039796978439620447991315471775826667692516479391009649357994583129948537400755321528420293004185802588
811 662266810255596823578471726234246208477156013575913675811303743839100027131119158269894229623491700048671133329080982
812 924085380557339801800520712080861506772143857096016060548342952253318979405677884133968233082108569839234409627254513
813 1289410517537839912000421998829529470352269071062158704396074263035395959087086712571483839204374620235488733598071520
814 1799162196175482686953921892088940408269783802978495044139086878687849412256821446488325860002304928517635270843964552
815 2510437571370276427179513150395969222021443727767945796907989648345737985942474926537830695787708839727139952583590008
816 3502906415633019625801364709739920447476681999220333469340491478324110897579851309276935911490857810310211876823397553
817 4887734909888805285908265783007410286891836677019148792674248020411094783600729605548135559208984477270759275286000624
818 6820037338916035541312948192880878852312671258514386637955066175379325384141771299563987251577722607971915176011144568
819 9516250402636315678782242569875810116974807726208612735588972604993959781102177545091702518769424460347563706230385114
820 13278376235410630197617896275754741021260355353258631054688987519146300464781310520373207029908826764851730427395398801
821 18527809587720876368534162168769167991517179194047922068584380371169745551884272204676110062364429693214589627308289760
822 25852538144188666898877433332632499086262286710931612109133011385367244946346126389747392289116571528667042588471914796
823 36073002873457576074018035121385292159495518432725874844966947643286560710664798585838116578587077990051024561021182716
824 50333995410852382934686220613293077004294713741354475191857748261485791568549854929725427154637686151280909682011978321
825 70232885876098210166289028834034166164041752615911146286850403141904235444576524984170894640597572750548674804252119352
826 97998543891103819046913503575403083405253323576383361799066906671940366367675723561423625446290727508769091710514280228
827 136740993695162341943390476347971446168084945915434825228682444166258143847764508445288970887862450292612843925045139358
828 190799767163048803267264278281361409332378218973176767765558554545294262457702904898067216435832831652378259290516217025
829 266229973658305848260116035984840332974548399768677869884984216485784968179927972107018145533179027768086858225280679808
830 371480531281428502933694456271345975741423215407253012256431795004456654063204740452001567222015628093994779560604558944
831 518340528021259948477919032910694264832841383861788360759799553256846668763170318241423403759528113597369362506077573408
832 723259714479660499787496350251042075281475018510532507535526987516864198817558849112103507502190887188551975741077576641
833 1009191036221162854127504948527532284457394830583183894397847806494698276306337453011021279977210283956076417346489797696
834 1408161587323948399889532522092734505407105983130829733776030901518149991589545376934848374741071855288733504572759705760
835 1964859956980580948052911733412778415395791420882853375830853528290575066398288016465630418763909887974473313988232726690
836 2741641786921986208042506247306106644196264679676900296331222600506260751430233755134146067456611455100704810434057172033
837 3825514210869059653906569992713001295271606796844843361949909609530998259485428206880718029459353994533543426492009209216
838 5337881501285110295995355988918291336198688824896536485437737958099300124386121409866109212268891631237680132549225159140
839 7448143530824553364137924228024991703788320780236653968493298729303096569258755526733922553677132798175882934856347070756
840 10392670208660105515855646232732109234739478273366587020231041819568257270401090168895582126375319444167791663418075590465
841 14501277213439280245897281970549583967668984446637916332825385525729598508257671026612936453997137257008903691590459527496
842 20234168562934217024271204444968274743775330385369844422424335416705493262903632463333954319623157227589446002261919300652
843 28233483948144764395849216693489210173267277326969828008955382368439611110060935864525086806427771686511466261692498251686
844 39395224635538666007650210173831277170077447166642419685881812871027454286916432222121455034369593958185599046598994645457
845 54969614339307714294439690860486133455219645217377605177674056359140585034064935953280845093243451712187795696114298128800
846 76701136459223745815969637831946695090309885039309500440335100153584715483025504192384127932478700600612378525646915804024
847 107023933219222096411149637041151764513422171660254667380719008110494519683893800308767996875166959602882664354890487542600
848 149334453314154094596529591894803544080516737601397630041229925589308624355046304128683145220856497382561190438827590903057
849 208371887257755205926378966524379523635839415295996606058344256666310016000115944338049100958200852913412552747408129736848
850 290749002897667938638268911914250224117154228359818835201773116374573754850813104809920121682812619806377707235427890889224
851 405692839847530285604208820830758852674455646863049927463178859289111768393986408566134287316879954368005045232545669348714
852 566078227829664506449287524943562591352195568193390842157918438921928656355278192804781347137258203209386295933643850376753
853 789869893053091083202916790352879971870147872015634276461890489415457525701742153957889344323826092526167967218263911515296
854 1102134682592728509846686553575767929466065522085918690128130834952797291638785921942188696316572528542387797700519229586652
855 1537849295506859298502783870717884035378846783249831611779015737132969081104542794175696981591396360786777637099833370102220
856 2145818013935846672855121105649322535092491312224659395081699417752843707758762500720560035784910388261722230370171673407345
857 2994139258238548102896289897504415830802278916187471656718152159321052108979313997842266736956971149610943562619302370688600
858 4177833273606447106852254295011536000223759088585581913686162309218735453847871510293582659499365250115943071900185969791092
859 5829485323378552644213026082016529105563829407699150401942414572638656496622067795616817053161217137310222097840176716916910
860 8134096530412942878647700900658154196697049144599602708518003736394947925717390496405093509698852687483609355608776414784545
861 11349805805451442316600798487527487831249797093358635484090476777758523016675057018429432055955701649842829706419674310270784
862 15836803920363552395278306459044594211351417903983882717570991454496048447092007101527216765821799524736387267580539403624912
863 22097678384204438401508427883332837498957927696898355818978422045428552348056848788427004072558922512277440809057729546486000
864 30833708141315827511849297875713129859196643331316873676698957291911993959067504533263957621610255987169268768448125035326113
865 43023413646178547107157411405616676253952632901326400919232459686750619910859071221483865587599300699315604241580753117520608
866 60032160688772429198295162225710269209267273297780594355527835545353153143205704678381224910939644549291268885695998496596912
867 83765094666836093425207023634759097217351214359532103172376336629252540266191857854954919315779434486615978345953979617138226
868 116880535433672921726164120686946482367101909133969675515163876665413233780785646976231688796808857385800477251609631270367329
869 163087735023723405503747735857037214672487179496887589630288130777456926197270480578246315409478589797898142012972750110714432
870 227562350022444616048709209495228463643969702016844800700280508803858233675589420388291063542498513522523225577603957730873364
871 317526165534181936877535265008652061951555032627471454202704089960079007827763151807418296909397149258216932849173242157872884
872 443056005481119732733659592401020911712076268127744854775740138220327086175326608132724319615766036981596761277555131491796193
873 618212435068612637601166154847494141960426583530577191030849148385173393548449321354828442494475616842944593168180665572461160
874 862614681090808489803779739512532587547079767271787709105688688724016249331115724003127657361292812038957091275950442046619132
875 1203638176496421402344854449810693885375707568882961163754184366400733180178416368072866936140929223221410455404283505141465270
876 1679480875618345007935991902096009195632929435188899236837438434990673873272225250842381204604717270667485947613916462636718513
877 2343441797250229617208725633872559317054586118074152609242226525833205892210680769361083757217061240920858775720081549665699424
878 3269891034083651294493488639133920358298494905037710036614057421525482609687948460148861529643151258481778002084517452329549672
879 4562599927733111418216838254002712276641566439260759637429061236382080926722866869757629345350363764556382350632116430414902296
880 6366364470118804242353443169841127829742101671337204455321891486657085657693586789564548719038839752509203499054079561968117361
881 8883223865417532206195702912140400033651575928149572682470341368884171111586577689658806816503363757884414779889116454324798768
882 12395090889549874130927165147139344911581627783559229311472179894289644463133682199664120220343878787594542703348750313159354264
883 17295328867970719902923724593684967936125769781935168548072844209696252242110040448886726783428043269574789348740275554351137018
884 24132812200953868654744848994121927897045253527636349820262574224425427880866742168882162352045567268278033058832312470617714897
885 33673405644517280468050033206419089856814831495268031305414701157463460037853942088987047257191121333073500186586617080643507296
886 46985748625491313936774614334509280783833167347429566407617868313682148947353763097437573787199965326744121400829301421861628300
887 65560953269878457212413422581928823730216276837207868188597992658547108003843524786651051487519177806130855466404900495586566812
888 91479623489988429590844915406960107610674916518172412431091976539352347956574626346856256866427809934425033432005546631904729489
889 127644902895499908341599261875437651424481166190127164120650437784827757932561468283862194831591051986561742988245219924366763896
890 178107655165248228361601459498366928244265721021845302784813853630776364955040812670739676762238320939005832333639102413034761924
891 248520200249855316394103253395849038951566109873552693050781945737251803916992777480363565220374797674980922330415993759396025790
892 346769429280988246274043439157835410459637248898426740672392852109007863821697562914580646529609913907548519408495986480638257281
893 483860213225996365064802180872171507913012608233817769690278145046380487842643093625341548356067693864573407655523424750436287744
894 675148055664958861149807966290065006147397940768950688886377745105279972789026367631466807202987916288967676994471089931826813504
895 942059058811831808942190131711519859870840607670406174395567649955267531560387903309524858279594625490077961147407966720672540352
896 1314489855732980976403647800902178426285662465366062280052949142201768839506983750165263743241745301636695334719542835981510832769
897 1834156324555914087364418113452301520207808489771719147463033635256940433420695828888275162762043526442508761644465604614089914752
898 2559266173288622479034188229713104725889079156109763037677513045015815035909802174250516523762177167269123599289287023373171894208
899 3571038770277793761749485733515876712442165538402530734501465934358805210574355403640052344763085228763468630586493638683694205890
900 4982802504844809151132484027806781466701279444909500574979016412715649706348375407941814068765832354521712858008474045209690662273
901 6952688671133159045432794572878510971985966801991245222818059725288570505240300177389308210286397860980755960223039651360433703168
902 9701343713844210002533159696744858150773410232914824506680444913733425457058512981530621213288347624796060860462274300740560305988
903 13536643779967412064014453789129439645844724428221531884459498759790104623271106219523680482294749937806894346603441729103075530436
904 18888179847111127241998073173563803410673213048891991020615135863292790716828975762720430489338628076483224778454553347930558068609
905 26355376098821579050499113966368227273532787267820894236178949552755421419357326140450550636863093110572877681147588252841554315144
906 36774631273779034130562067275003737442462859089357888275599442433313634703600725420577982177877847500409849553669157758946711366860
907 51313003474189666548010600136257046467191150526005513925689770486375686056929057744964541460972006090773343903512548424964191667654
908 71598932044754285342996301106300257957738787584533779492973034968803633555543628043621531763064814297628980140749729853613666698897
909 99904638646379647311623248516375702158458505446536670787377834419382690826558776981606514992618788111392576788485903770734977048864
910 139400638222158367226583267547517830376845160141368916126978983406065006817458840910507065099821859681956537360694254608875094702168
911 194510867563698237234003202348857562382668725695073072911635840423982953168016313832207604987101634686031304185012008132191525065448
912 271408209337513579966242798139051662274655798477607121067728703807569015208661182006834561748302390520414133717721537395083620796625
913 378705915090696381764789783611411362912148825729274503041335801231512704461476458802620645192262507475305651509874412988485166453200
914 528422373349554841694589672245232955142182611531515061950250664254030913153491468574922275074025129054019145730718270873258144833064
915 737327286238725397166488798626960886931980322650287315047093248039120983585338677845876728483706415726859571620455082922358766658698
916 1028820039518906343495822365361874388098953449936156127150400306270594424131614099612075852132827405471025436737470363372053953703025
917 1435550661789806065153969128101877273196514048792304626941837129739574530768459395952465195340312765583343942971310954735001456119328
918 2003076945827005636027567269499154729006143256832089692044437160332272880324168824266675732041437960507738288971628436717975678150460
919 2794967365276538084158133529350709663129887222522599569347893860580309831848566877070028432749361226668910445095395809666466674064748
920 3899921363098518473803760621565628934491981547520765381034074565749743485668532891517006242813452936637713322680092272842056865941681
921 5441704553443817337209103667100186731208800562456484011030711450404120291416797044485816659423188686598820520914567828170952812420248
922 7593011676380081804343834328200574055265917701877288830740224881492892544021302578406732597540160413845559179162420056050909026279956
923 10594810091473575031765654772481967532113850317564130331416042992079796803185632660104040918376267099944337090455580355350580405948110
924 14783330469986153148221967955766002396909582672433733403095497466557984068502126980488639561659830309835354364509227929183962490782177
925 20627727906203980945896772323501334841740635966211061672511161213389905379459402201299281854503509514289938879239407940272770864980160
926 28782631859327231867875143873164509119493618337005549493572310865652486150392567898614814434292694613734233360073580766752069838176176
927 40161471031445881328209590684013972325933015662431597137607037925195764940189886621081320041695927719615045819474036213718505387512464
928 56038786282394115040015512602768672080390854604855856748117819893337794827420931383087203270666849338415232122988043809729504220742497
929 78192991624858444681647060069830353080727872640222160659655782944694877680244537998528910723088898741758405599386569473776910541332512
930 109105573922218994524294325241192453771359649661868743768786386716044016030772341140777454517684550052964324999021653194189080613201104
931 152239043596234111408240615889551316486714724872143310633842677711871354595031749387255726583029626396445510065450123833177513828997458
932 212424769532111004403309632742429378241846599885300178067429385782727550187910007380145024716844646821932043321761182757283325303407521
933 296404139469296433730235710552215260623447171963959648197228556376782909741789220280083819758457998847687055597429875862155071767734720
934 413583661114687217340775557020295086744789099406155365036471742139786725220835839915288907683743802845855345129921900860544108271196020
935 577088582660456120214859881374410072970407924642743666768701449277326454970851764147545776016718920040309596708972489347744164435812500
936 805233048470703871863781053846859899488740943813219474461886498536293369671488447940312664233760644517306154516620934481593468838876961
937 1123571461698670868411786824592805434113025370776270378270172040656356360183460900110661635125945604539397745857273677583243288310126760
938 1567760826435599457770495319769115232685604948691642698573874640694439635162539368210380459717181642926474538547866879556032437142821020
939 2187554679601863863942421989068129871947889812269182615692474446349913194313828660028171104484240209074921905742214358310931102113566422
940 3052375971868045608687354703032470767714791685365760231002230579849006090038410248161635934485651853596101646231168289648080045459130481
941 4259093114569869783952777464131035899484235268159555775417921322045235630508539636531422554560308890392346822953007436695308162595768800
942 5942870185639327185655339297905374976581384573230007929958823533394266023790196688266722668685662061076318350032295596177894641369953864
943 8292306623337955081317131395133071407377473183000703077696935606047925374390649156351442973455543916267125198204550937607091193031827384
944 11570562201007785176592909631294542566683262221684871781838073223939477351055489521224481043606269634380795292137183163038696370650668081
945 16144833485848524155263456059941785852647004414619571635335568388833767678088933013064867891931633012544983523017598629051097445335676528
946 22527483432315237348289602088171517791336330939231414085352694745490116772571495000969608615596749893610568746441397471392077027433608632
947 31433431025353525434502950657722156540743997626370446641373082053926880076501628198800405060668083185028715782478917263684483934333163546
948 43860229172704833487119821751178114271977271050924015052509210001607012707233355547354216827469535659470762338172380421140891261322021137
949 61199800350478998851842660236284821435319666293082399806040957879814001223231923015004085123125132799766121015900393571835251500202893792
950 85394345483022288217295503403615830872824326191972307368098858853343876925574751398570418736932916263668000311399231998761044896099935724
951 119153889370763192408742594160078385084698539728218476746391502057140905490968339293508838715607154503970240458823678105966266456977205820
952 166259829873662831190805142223747757142616603637088814664591125761235015153697201577362387073719801259003004369973167564811394261727808721
953 231988491316523575286433667043516483180968318677027014542238675586501755074381425812144922596990965327102121638698857569357341292402765240
954 323702124224548673034780691723772601042221405648409260860881862967625687907511429985588096168147225271608481229046588210693577810054347364
955 451673549118088854790352878607573899369931747002396106075573753579610935798362742448233612863046757021976249198770013235589054980432823262
956 630236812506709981763672476310780723504553240991142843749068476934238525302460053201652232267701731913207247647370882703526076846533339201
957 879392739765620921355995050491061685265411129973845536264002401521753130889404285783321114933285415870319084096792033990744496912511459968
958 1227049222460726382615486448938920399782084899653201473012029370126847559504236914882055321894240739315560979626586614681871687770919993888
959 1712147174131508818317697831229135346379038228984681793573710707448087986403282848851538077398450220848390744493511778642641208673499501664
960 2389022292037951824475662577292904094035375500938833916277073279977744787081268624768294462134272563653845415840954950685015070671556259137
961 3333491184687073686586967948368902484829580929280248482288061141775448249897878115547431758721766894501441043349965263354487872454351447744
962 4651343570723744019250882111397191092540161357622565060159450785023023532310802612585131476691141181012342468613610171967154105117918997216
963 6490191758207412467269022985814943534449789230862349626127857267403577560565820098388127001666995348156081576175421680012671350016612019938
964 9056004661412099197649598474030709063694537359499330880853195563528641286877024855863157979577806352656727502540885477393990815580259154625
965 12636178326134561725088732171163284669909903644525378602606962711821495314519483340717694712104049256526125980577185607288796082690189442176
966 17631727087138568953788928083027078161439739819347264312415165319830178653442442809361385480025131877324505620964453531992496805151143037092
967 24602201081031610862568219933876361661838863949861011387834248394460860134319869810114442960822608053469536581257192634800652981177130329188
968 34328361313681222647827062816357278403514344648550088086067120987171631915915991537298547403785904865708979463695256691971582980960638038977
969 47899632500411699632666588337217440992789383283219907227437293351481852621404368959440465672154313011175137222506092671273789692992475516360
970 66836129249201790678925367950779801485117467719069287088083662108751898922082182429590271401670347984263578783478838801593802767505403695468
971 93258923708394056158222345566590918468867553246961187559968490368804123966151852884711537768394417784887495508647706018743818943098406407142
972 130127626314504621913160239490792160389093111214989902540941707690135337158724729456179478748094530888059253908707442034519162366945589071697
973 181571890998815280990517324238777043963024318721358481403604617568985650465568733818621008475495008979702294789463770274461395228003282907296
974 253353976665989902995370059083961638422852574212991662208020642846360146854385888199013346938459183554038569800774250839081440653702216509752
975 353514176337403299984542824548175239247053775676940992641851905749074798283601311797070495264583479561006003326062590087782143676989584550536
976 493271408312135183894194887968346248315141748657706865348150942828106638089862197093421495699084548847463843487634982583441952822952154886289
977 688279844330795086981257442406700320808729467147341805819645903261705944174340510216647702352413376087779434391012271952624276535407715926800
978 960382329340796502964455708180312116916960125566873647491724454344509743421588511793154337467626142676050576452899431014645728007681385610824
979 1340056992961673667772932600484867735877337272992354723338153791405288074463325705983913486662752577255933690301332555254666049322893894323114
980 1869831096973725357856709772781746889932600682952390476987442749351518526438543217526716900403911301023022712269659526488690505893767586739889
981 2609044503012388092910168858767324554642649718281089100803094811950725431017517533802956377287665661439880587296811133981915732550770487148448
982 3640496315264143838510320909150047588671634671551583094168032037155085892348239923760981310793131297187917957055564541523977826653469174257052
983 5079719186909124383486352146048361515742538638897135677313039290108325127340412141037347287470575179301979114840651608232047061110429067802892
984 7087920102998501543677047490316395999217900119514568678593632373252969388473578285132629654979242623902783886863281794452521970995308561036785
985 9890037133540675769930810677067419731985919061384255289139158886260897215713997381324918998873928255815716501407940217029871385857708835662552
986 13799934689082392605483025201246770620156711949345854448794110617371736147029064205835675885734281655791876186736867757988071948874327309862836
987 19255559392906127470840447126681153514178338877926273034500304036614263904287568711302606597429060427107546888567215197137091003101046189876462
988 26867994370079853083538668844451235463189738242283079256871950145774763819901573047782467652727099135534216889679162228512264742710726232361889
989 37489906511705460980896861079560960972299342960075964186727380121004369509772125792996270770342491567399468874881675733006015283606363455388224
990 52311053474894647547163919454609077648513389705198400517794718690600263955604201628440889080592402510006969963871298152262253955076419689615760
991 72991548133065833637917784815583624440557815362492431548244204328163791544090714806867541902883258698175980667925539654161620488522498654600240
992 101847807393490775045332391003573157407788424162435007630326710387783502839445824633775009193412082270333154639442513694524295309923453143138337
993 142112013461494756075224699988779116269326122370472765222316817502204897420980529049878048931527296587413408802624272037530523193759202834619744
994 198294149741026314822999489085776326529629020430183263614283127346927847043785631242175972886358919906358931299722377460585494932121416998816240
995 276687162920047383728582566822729939256134663687362446808897625103730797222982364074417560289707423238842289946810567043210211108369404940876914
996 386071834316480287195781790981131389946440668903380538074960345392193297681406882733531107056466675445159972244691057769585341697441858812377825
997 538700312943547385721223678160331769328584163230839292450883072196060591508551791534229994704245136400131271402069026958701513058002036832252224
998 751668475581121082280164622731236205041898347804908157232078377554389441489750359391011093465773766384043511193343511547005917148860226880570068
999 1048830831553007958120146148784992719149016001494123522958818315888117392585796129541479774402640774129162234436192682582380894503253122565632564
1000 1463472460203575058638229147301794928603608995365059122976726489784314480698510465801991096464956948245422515048829111686988367813445932476882273
