0 1
1 1
2 1
3 1
4 2
5 2
6 3
7 3
8 4
9 4
10 6
11 6
12 9
13 9
14 11
15 11
16 15
17 15
18 20
19 20
20 25
21 25
22 32
23 32
24 41
25 41
26 49
27 49
28 61
29 61
30 75
31 75
32 89
33 89
34 107
35 107
36 129
37 129
38 150
39 150
40 178
41 178
42 209
43 209
44 241
45 241
46 280
47 280
48 325
49 325
50 370
51 370
52 425
53 425
54 486
55 486
56 549
57 549
58 623
59 623
60 706
61 706
62 790
63 790
64 889
65 889
66 997
67 997
68 1109
69 1109
70 1237
71 1237
72 1378
73 1378
74 1522
75 1522
76 1687
77 1687
78 1865
79 1865
80 2050
81 2050
82 2257
83 2257
84 2482
85 2482
86 2713
87 2713
88 2972
89 2972
90 3250
91 3250
92 3538
93 3538
94 3856
95 3856
96 4198
97 4198
98 4550
99 4550
100 4939
101 4939
102 5353
103 5353
104 5782
105 5782
106 6250
107 6250
108 6750
109 6750
110 7265
111 7265
112 7827
113 7827
114 8422
115 8422
116 9038
117 9038
118 9704
119 9704
120 10411
121 10411
122 11139
123 11139
124 11926
125 11926
126 12756
127 12756
128 13614
129 13614
130 14535
131 14535
132 15507
133 15507
134 16508
135 16508
136 17582
137 17582
138 18710
139 18710
140 19875
141 19875
142 21117
143 21117
144 22423
145 22423
146 23767
147 23767
148 25200
149 25200
150 26700
151 26700
152 28247
153 28247
154 29888
155 29888
156 31607
157 31607
158 33375
159 33375
160 35250
161 35250
162 37207
163 37207
164 39223
165 39223
166 41352
167 41352
168 43575
169 43575
170 45860
171 45860
172 48272
173 48272
174 50783
175 50783
176 53367
177 53367
178 56085
179 56085
180 58916
181 58916
182 61823
183 61823
184 64880
185 64880
186 68055
187 68055
188 71319
189 71319
190 74741
191 74741
192 78296
193 78296
194 81944
195 81944
196 85767
197 85767
198 89730
199 89730
200 93800
201 93800
202 98054
203 98054
204 102464
205 102464
206 106986
207 106986
208 111711
209 111711
210 116600
211 116600
212 121616
213 121616
214 126845
215 126845
216 132256
217 132256
218 137800
219 137800
220 143578
221 143578
222 149546
223 149546
224 155664
225 155664
226 162027
227 162027
228 168600
229 168600
230 175330
231 175330
232 182327
233 182327
234 189544
235 189544
236 196936
237 196936
238 204608
239 204608
240 212521
241 212521
242 220617
243 220617
244 229017
245 229017
246 237669
247 237669
248 246524
249 246524
250 255697
251 255697
252 265145
253 265145
254 274805
255 274805
256 284809
257 284809
258 295100
259 295100
260 305625
261 305625
262 316509
263 316509
264 327705
265 327705
266 339145
267 339145
268 350972
269 350972
270 363125
271 363125
272 375545
273 375545
274 388369
275 388369
276 401545
277 401545
278 415000
279 415000
280 428889
281 428889
282 443145
283 443145
284 457705
285 457705
286 472717
287 472717
288 488125
289 488125
290 503850
291 503850
292 520059
293 520059
294 536680
295 536680
296 553645
297 553645
298 571114
299 571114
300 589026
301 589026
302 607296
303 607296
304 626104
305 626104
306 645373
307 645373
308 665029
309 665029
310 685245
311 685245
312 705954
313 705954
314 727066
315 727066
316 748774
317 748774
318 770995
319 770995
320 793650
321 793650
322 816924
323 816924
324 840746
325 840746
326 865019
327 865019
328 889950
329 889950
330 915450
331 915450
332 941434
333 941434
334 968101
335 968101
336 995374
337 995374
338 1023150
339 1023150
340 1051650
341 1051650
342 1080779
343 1080779
344 1110446
345 1110446
346 1140864
347 1140864
348 1171950
349 1171950
350 1203595
351 1203595
352 1236034
353 1236034
354 1269166
355 1269166
356 1302894
357 1302894
358 1337445
359 1337445
360 1372731
361 1372731
362 1408635
363 1408635
364 1445408
365 1445408
366 1482942
367 1482942
368 1521134
369 1521134
370 1560226
371 1560226
372 1600123
373 1600123
374 1640702
375 1640702
376 1682229
377 1682229
378 1724590
379 1724590
380 1767675
381 1767675
382 1811741
383 1811741
384 1856687
385 1856687
386 1902383
387 1902383
388 1949111
389 1949111
390 1996750
391 1996750
392 2045183
393 2045183
394 2094683
395 2094683
396 2145143
397 2145143
398 2196425
399 2196425
400 2248828
401 2248828
402 2302223
403 2302223
404 2356487
405 2356487
406 2411909
407 2411909
408 2468375
409 2468375
410 2525740
411 2525740
412 2584319
413 2584319
414 2643977
415 2643977
416 2704583
417 2704583
418 2766443
419 2766443
420 2829436
421 2829436
422 2893409
423 2893409
424 2958695
425 2958695
426 3025151
427 3025151
428 3092639
429 3092639
430 3161482
431 3161482
432 3231552
433 3231552
434 3302688
435 3302688
436 3375241
437 3375241
438 3449060
439 3449060
440 3524000
441 3524000
442 3600401
443 3600401
444 3678128
445 3678128
446 3757012
447 3757012
448 3837422
449 3837422
450 3919200
451 3919200
452 4002192
453 4002192
454 4086757
455 4086757
456 4172752
457 4172752
458 4260000
459 4260000
460 4348889
461 4348889
462 4439252
463 4439252
464 4530928
465 4530928
466 4624294
467 4624294
468 4719200
469 4719200
470 4815460
471 4815460
472 4913481
473 4913481
474 5013088
475 5013088
476 5114112
477 5114112
478 5216949
479 5216949
480 5321441
481 5321441
482 5427393
483 5427393
484 5535232
485 5535232
486 5644775
487 5644775
488 5755844
489 5755844
490 5868855
491 5868855
492 5983641
493 5983641
494 6099999
495 6099999
496 6218376
497 6218376
498 6338580
499 6338580
500 6460425
501 6460425
502 6584346
503 6584346
504 6710169
505 6710169
506 6837681
507 6837681
508 6967350
509 6967350
510 7098975
511 7098975
512 7232361
513 7232361
514 7367964
515 7367964
516 7505601
517 7505601
518 7645050
519 7645050
520 7786800
521 7786800
522 7930641
523 7930641
524 8076369
525 8076369
526 8224461
527 8224461
528 8374725
529 8374725
530 8526930
531 8526930
532 8681586
533 8681586
534 8838474
535 8838474
536 8997381
537 8997381
538 9158805
539 9158805
540 9322546
541 9322546
542 9488362
543 9488362
544 9656786
545 9656786
546 9827589
547 9827589
548 10000549
549 10000549
550 10176186
551 10176186
552 10354290
553 10354290
554 10534610
555 10534610
556 10717701
557 10717701
558 10903325
559 10903325
560 11091250
561 11091250
562 11282018
563 11282018
564 11475410
565 11475410
566 11671165
567 11671165
568 11869861
569 11869861
570 12071250
571 12071250
572 12275090
573 12275090
574 12481946
575 12481946
576 12691590
577 12691590
578 12903750
579 12903750
580 13119028
581 13119028
582 13337165
583 13337165
584 13557910
585 13557910
586 13781851
587 13781851
588 14008750
589 14008750
590 14238325
591 14238325
592 14471201
593 14471201
594 14707110
595 14707110
596 14945790
597 14945790
598 15187853
599 15187853
600 15433051
601 15433051
602 15681091
603 15681091
604 15932623
605 15932623
606 16187368
607 16187368
608 16445054
609 16445054
610 16706317
611 16706317
612 16970899
613 16970899
614 17238496
615 17238496
616 17509783
617 17509783
618 17784470
619 17784470
620 18062275
621 18062275
622 18343858
623 18343858
624 18628951
625 18628951
626 18917239
627 18917239
628 19209422
629 19209422
630 19505200
631 19505200
632 19804279
633 19804279
634 20107345
635 20107345
636 20414119
637 20414119
638 20724275
639 20724275
640 21038539
641 21038539
642 21356599
643 21356599
644 21678151
645 21678151
646 22003906
647 22003906
648 22333575
649 22333575
650 22666820
651 22666820
652 23004393
653 23004393
654 23345971
655 23345971
656 23691239
657 23691239
658 24040934
659 24040934
660 24394756
661 24394756
662 24752355
663 24752355
664 25114510
665 25114510
666 25480887
667 25480887
668 25851159
669 25851159
670 26226090
671 26226090
672 26605368
673 26605368
674 26988632
675 26988632
676 27376688
677 27376688
678 27769190
679 27769190
680 28165800
681 28165800
682 28567308
683 28567308
684 28973392
685 28973392
686 29383678
687 29383678
688 29799000
689 29799000
690 30219000
691 30219000
692 30643328
693 30643328
694 31072802
695 31072802
696 31507088
697 31507088
698 31945800
699 31945800
700 32389800
701 32389800
702 32838718
703 32838718
704 33292192
705 33292192
706 33751068
707 33751068
708 34215000
709 34215000
710 34683590
711 34683590
712 35157728
713 35157728
714 35637032
715 35637032
716 36121128
717 36121128
718 36610890
719 36610890
720 37105961
721 37105961
722 37605929
723 37605929
724 38111714
725 38111714
726 38622921
727 38622921
728 39139164
729 39139164
730 39661346
731 39661346
732 40189097
733 40189097
734 40721993
735 40721993
736 41260983
737 41260983
738 41805660
739 41805660
740 42355625
741 42355625
742 42911810
743 42911810
744 43473833
745 43473833
746 44041257
747 44041257
748 44615061
749 44615061
750 45194825
751 45194825
752 45780137
753 45780137
754 46371959
755 46371959
756 46969897
757 46969897
758 47573500
759 47573500
760 48183778
761 48183778
762 48800297
763 48800297
764 49422633
765 49422633
766 50051778
767 50051778
768 50687325
769 50687325
770 51328810
771 51328810
772 51977273
773 51977273
774 52632268
775 52632268
776 53293357
777 53293357
778 53961563
779 53961563
780 54636466
781 54636466
782 55317588
783 55317588
784 56006001
785 56006001
786 56701245
787 56701245
788 57402869
789 57402869
790 58111927
791 58111927
792 58827986
793 58827986
794 59550554
795 59550554
796 60280735
797 60280735
798 61018055
799 61018055
800 61762050
801 61762050
802 62513805
803 62513805
804 63272874
805 63272874
806 64038751
807 64038751
808 64812572
809 64812572
810 65593850
811 65593850
812 66382106
813 66382106
814 67178458
815 67178458
816 67982446
817 67982446
818 68793550
819 68793550
820 69612939
821 69612939
822 70440111
823 70440111
824 71274574
825 71274574
826 72117478
827 72117478
828 72968350
829 72968350
830 73826655
831 73826655
832 74693595
833 74693595
834 75568654
835 75568654
836 76451326
837 76451326
838 77342794
839 77342794
840 78242571
841 78242571
842 79150107
843 79150107
844 80066638
845 80066638
846 80991634
847 80991634
848 81924574
849 81924574
850 82866675
851 82866675
852 83817435
853 83817435
854 84776290
855 84776290
856 85744510
857 85744510
858 86721550
859 86721550
860 87706875
861 87706875
862 88701735
863 88701735
864 89705615
865 89705615
866 90717935
867 90717935
868 91740000
869 91740000
870 92771250
871 92771250
872 93811135
873 93811135
874 94860940
875 94860940
876 95920135
877 95920135
878 96988125
879 96988125
880 98066250
881 98066250
882 99153935
883 99153935
884 100250615
885 100250615
886 101357610
887 101357610
888 102474375
889 102474375
890 103600300
891 103600300
892 104736760
893 104736760
894 105883165
895 105883165
896 107038935
897 107038935
898 108205425
899 108205425
900 109382076
901 109382076
902 110568261
903 110568261
904 111765392
905 111765392
906 112972863
907 112972863
908 114190079
909 114190079
910 115418431
911 115418431
912 116657344
913 116657344
914 117906176
915 117906176
916 119166375
917 119166375
918 120437320
919 120437320
920 121718400
921 121718400
922 123011042
923 123011042
924 124314656
925 124314656
926 125628584
927 125628584
928 126954311
929 126954311
930 128291200
931 128291200
932 129638624
933 129638624
934 130998047
935 130998047
936 132368864
937 132368864
938 133750400
939 133750400
940 135144178
941 135144178
942 136549544
943 136549544
944 137965856
945 137965856
946 139394615
947 139394615
948 140835200
949 140835200
950 142286920
951 142286920
952 143751335
953 143751335
954 145227776
955 145227776
956 146715584
957 146715584
958 148216298
959 148216298
960 149729281
961 149729281
962 151253825
963 151253825
964 152791529
965 152791529
966 154341707
967 154341707
968 155903684
969 155903684
970 157479037
971 157479037
972 159067113
973 159067113
974 160667187
975 160667187
976 162280897
977 162280897
978 163907540
979 163907540
980 165546425
981 165546425
982 167199167
983 167199167
984 168865097
985 168865097
986 170543473
987 170543473
988 172235972
989 172235972
990 173941875
991 173941875
992 175660473
993 175660473
994 177393421
995 177393421
996 179140033
997 179140033
998 180899550
999 180899550
1000 182673689
