0 1
1 0
2 1
3 0
4 1
5 0
6 2
7 0
8 3
9 0
10 3
11 0
12 5
13 0
14 6
15 0
16 7
17 0
18 9
19 0
20 11
21 0
22 12
23 0
24 16
25 0
26 18
27 0
28 20
29 0
30 24
31 0
32 28
33 0
34 30
35 0
36 36
37 0
38 40
39 0
40 44
41 0
42 50
43 0
44 56
45 0
46 60
47 0
48 69
49 0
50 75
51 0
52 81
53 0
54 90
55 0
56 99
57 0
58 105
59 0
60 117
61 0
62 126
63 0
64 135
65 0
66 147
67 0
68 159
69 0
70 168
71 0
72 184
73 0
74 196
75 0
76 208
77 0
78 224
79 0
80 240
81 0
82 252
83 0
84 272
85 0
86 288
87 0
88 304
89 0
90 324
91 0
92 344
93 0
94 360
95 0
96 385
97 0
98 405
99 0
100 425
101 0
102 450
103 0
104 475
105 0
106 495
107 0
108 525
109 0
110 550
111 0
112 575
113 0
114 605
115 0
116 635
117 0
118 660
119 0
120 696
121 0
122 726
123 0
124 756
125 0
126 792
127 0
128 828
129 0
130 858
131 0
132 900
133 0
134 936
135 0
136 972
137 0
138 1014
139 0
140 1056
141 0
142 1092
143 0
144 1141
145 0
146 1183
147 0
148 1225
149 0
150 1274
151 0
152 1323
153 0
154 1365
155 0
156 1421
157 0
158 1470
159 0
160 1519
161 0
162 1575
163 0
164 1631
165 0
166 1680
167 0
168 1744
169 0
170 1800
171 0
172 1856
173 0
174 1920
175 0
176 1984
177 0
178 2040
179 0
180 2112
181 0
182 2176
183 0
184 2240
185 0
186 2312
187 0
188 2384
189 0
190 2448
191 0
192 2529
193 0
194 2601
195 0
196 2673
197 0
198 2754
199 0
200 2835
201 0
202 2907
203 0
204 2997
205 0
206 3078
207 0
208 3159
209 0
210 3249
211 0
212 3339
213 0
214 3420
215 0
216 3520
217 0
218 3610
219 0
220 3700
221 0
222 3800
223 0
224 3900
225 0
226 3990
227 0
228 4100
229 0
230 4200
231 0
232 4300
233 0
234 4410
235 0
236 4520
237 0
238 4620
239 0
240 4741
241 0
242 4851
243 0
244 4961
245 0
246 5082
247 0
248 5203
249 0
250 5313
251 0
252 5445
253 0
254 5566
255 0
256 5687
257 0
258 5819
259 0
260 5951
261 0
262 6072
263 0
264 6216
265 0
266 6348
267 0
268 6480
269 0
270 6624
271 0
272 6768
273 0
274 6900
275 0
276 7056
277 0
278 7200
279 0
280 7344
281 0
282 7500
283 0
284 7656
285 0
286 7800
287 0
288 7969
289 0
290 8125
291 0
292 8281
293 0
294 8450
295 0
296 8619
297 0
298 8775
299 0
300 8957
301 0
302 9126
303 0
304 9295
305 0
306 9477
307 0
308 9659
309 0
310 9828
311 0
312 10024
313 0
314 10206
315 0
316 10388
317 0
318 10584
319 0
320 10780
321 0
322 10962
323 0
324 11172
325 0
326 11368
327 0
328 11564
329 0
330 11774
331 0
332 11984
333 0
334 12180
335 0
336 12405
337 0
338 12615
339 0
340 12825
341 0
342 13050
343 0
344 13275
345 0
346 13485
347 0
348 13725
349 0
350 13950
351 0
352 14175
353 0
354 14415
355 0
356 14655
357 0
358 14880
359 0
360 15136
361 0
362 15376
363 0
364 15616
365 0
366 15872
367 0
368 16128
369 0
370 16368
371 0
372 16640
373 0
374 16896
375 0
376 17152
377 0
378 17424
379 0
380 17696
381 0
382 17952
383 0
384 18241
385 0
386 18513
387 0
388 18785
389 0
390 19074
391 0
392 19363
393 0
394 19635
395 0
396 19941
397 0
398 20230
399 0
400 20519
401 0
402 20825
403 0
404 21131
405 0
406 21420
407 0
408 21744
409 0
410 22050
411 0
412 22356
413 0
414 22680
415 0
416 23004
417 0
418 23310
419 0
420 23652
421 0
422 23976
423 0
424 24300
425 0
426 24642
427 0
428 24984
429 0
430 25308
431 0
432 25669
433 0
434 26011
435 0
436 26353
437 0
438 26714
439 0
440 27075
441 0
442 27417
443 0
444 27797
445 0
446 28158
447 0
448 28519
449 0
450 28899
451 0
452 29279
453 0
454 29640
455 0
456 30040
457 0
458 30420
459 0
460 30800
461 0
462 31200
463 0
464 31600
465 0
466 31980
467 0
468 32400
469 0
470 32800
471 0
472 33200
473 0
474 33620
475 0
476 34040
477 0
478 34440
479 0
480 34881
481 0
482 35301
483 0
484 35721
485 0
486 36162
487 0
488 36603
489 0
490 37023
491 0
492 37485
493 0
494 37926
495 0
496 38367
497 0
498 38829
499 0
500 39291
501 0
502 39732
503 0
504 40216
505 0
506 40678
507 0
508 41140
509 0
510 41624
511 0
512 42108
513 0
514 42570
515 0
516 43076
517 0
518 43560
519 0
520 44044
521 0
522 44550
523 0
524 45056
525 0
526 45540
527 0
528 46069
529 0
530 46575
531 0
532 47081
533 0
534 47610
535 0
536 48139
537 0
538 48645
539 0
540 49197
541 0
542 49726
543 0
544 50255
545 0
546 50807
547 0
548 51359
549 0
550 51888
551 0
552 52464
553 0
554 53016
555 0
556 53568
557 0
558 54144
559 0
560 54720
561 0
562 55272
563 0
564 55872
565 0
566 56448
567 0
568 57024
569 0
570 57624
571 0
572 58224
573 0
574 58800
575 0
576 59425
577 0
578 60025
579 0
580 60625
581 0
582 61250
583 0
584 61875
585 0
586 62475
587 0
588 63125
589 0
590 63750
591 0
592 64375
593 0
594 65025
595 0
596 65675
597 0
598 66300
599 0
600 66976
601 0
602 67626
603 0
604 68276
605 0
606 68952
607 0
608 69628
609 0
610 70278
611 0
612 70980
613 0
614 71656
615 0
616 72332
617 0
618 73034
619 0
620 73736
621 0
622 74412
623 0
624 75141
625 0
626 75843
627 0
628 76545
629 0
630 77274
631 0
632 78003
633 0
634 78705
635 0
636 79461
637 0
638 80190
639 0
640 80919
641 0
642 81675
643 0
644 82431
645 0
646 83160
647 0
648 83944
649 0
650 84700
651 0
652 85456
653 0
654 86240
655 0
656 87024
657 0
658 87780
659 0
660 88592
661 0
662 89376
663 0
664 90160
665 0
666 90972
667 0
668 91784
669 0
670 92568
671 0
672 93409
673 0
674 94221
675 0
676 95033
677 0
678 95874
679 0
680 96715
681 0
682 97527
683 0
684 98397
685 0
686 99238
687 0
688 100079
689 0
690 100949
691 0
692 101819
693 0
694 102660
695 0
696 103560
697 0
698 104430
699 0
700 105300
701 0
702 106200
703 0
704 107100
705 0
706 107970
707 0
708 108900
709 0
710 109800
711 0
712 110700
713 0
714 111630
715 0
716 112560
717 0
718 113460
719 0
720 114421
721 0
722 115351
723 0
724 116281
725 0
726 117242
727 0
728 118203
729 0
730 119133
731 0
732 120125
733 0
734 121086
735 0
736 122047
737 0
738 123039
739 0
740 124031
741 0
742 124992
743 0
744 126016
745 0
746 127008
747 0
748 128000
749 0
750 129024
751 0
752 130048
753 0
754 131040
755 0
756 132096
757 0
758 133120
759 0
760 134144
761 0
762 135200
763 0
764 136256
765 0
766 137280
767 0
768 138369
769 0
770 139425
771 0
772 140481
773 0
774 141570
775 0
776 142659
777 0
778 143715
779 0
780 144837
781 0
782 145926
783 0
784 147015
785 0
786 148137
787 0
788 149259
789 0
790 150348
791 0
792 151504
793 0
794 152626
795 0
796 153748
797 0
798 154904
799 0
800 156060
801 0
802 157182
803 0
804 158372
805 0
806 159528
807 0
808 160684
809 0
810 161874
811 0
812 163064
813 0
814 164220
815 0
816 165445
817 0
818 166635
819 0
820 167825
821 0
822 169050
823 0
824 170275
825 0
826 171465
827 0
828 172725
829 0
830 173950
831 0
832 175175
833 0
834 176435
835 0
836 177695
837 0
838 178920
839 0
840 180216
841 0
842 181476
843 0
844 182736
845 0
846 184032
847 0
848 185328
849 0
850 186588
851 0
852 187920
853 0
854 189216
855 0
856 190512
857 0
858 191844
859 0
860 193176
861 0
862 194472
863 0
864 195841
865 0
866 197173
867 0
868 198505
869 0
870 199874
871 0
872 201243
873 0
874 202575
875 0
876 203981
877 0
878 205350
879 0
880 206719
881 0
882 208125
883 0
884 209531
885 0
886 210900
887 0
888 212344
889 0
890 213750
891 0
892 215156
893 0
894 216600
895 0
896 218044
897 0
898 219450
899 0
900 220932
901 0
902 222376
903 0
904 223820
905 0
906 225302
907 0
908 226784
909 0
910 228228
911 0
912 229749
913 0
914 231231
915 0
916 232713
917 0
918 234234
919 0
920 235755
921 0
922 237237
923 0
924 238797
925 0
926 240318
927 0
928 241839
929 0
930 243399
931 0
932 244959
933 0
934 246480
935 0
936 248080
937 0
938 249640
939 0
940 251200
941 0
942 252800
943 0
944 254400
945 0
946 255960
947 0
948 257600
949 0
950 259200
951 0
952 260800
953 0
954 262440
955 0
956 264080
957 0
958 265680
959 0
960 267361
961 0
962 269001
963 0
964 270641
965 0
966 272322
967 0
968 274003
969 0
970 275643
971 0
972 277365
973 0
974 279046
975 0
976 280727
977 0
978 282449
979 0
980 284171
981 0
982 285852
983 0
984 287616
985 0
986 289338
987 0
988 291060
989 0
990 292824
991 0
992 294588
993 0
994 296310
995 0
996 298116
997 0
998 299880
999 0
1000 301644
