0 0
1 23
2 46
3 69
4 92
5 115
6 138
7 161
8 184
9 207
10 230
11 253
12 276
13 299
14 322
15 345
16 368
17 391
18 414
19 437
20 460
21 483
22 506
23 529
24 552
25 575
26 598
27 621
28 644
29 667
30 690
31 713
32 736
33 759
34 782
35 805
36 828
37 851
38 874
39 897
40 920
41 943
42 966
43 989
44 1012
45 1035
46 1058
47 1081
48 1104
49 1127
50 1150
51 1173
52 1196
53 1219
54 1242
55 1265
56 1288
57 1311
58 1334
59 1357
60 1380
61 1403
62 1426
63 1449
64 1472
65 1495
66 1518
67 1541
68 1564
69 1587
70 1610
71 1633
72 1656
73 1679
74 1702
75 1725
76 1748
77 1771
78 1794
79 1817
80 1840
81 1863
82 1886
83 1909
84 1932
85 1955
86 1978
87 2001
88 2024
89 2047
90 2070
91 2093
92 2116
93 2139
94 2162
95 2185
96 2208
97 2231
98 2254
99 2277
100 2300
101 2323
102 2346
103 2369
104 2392
105 2415
106 2438
107 2461
108 2484
109 2507
110 2530
111 2553
112 2576
113 2599
114 2622
115 2645
116 2668
117 2691
118 2714
119 2737
120 2760
121 2783
122 2806
123 2829
124 2852
125 2875
126 2898
127 2921
128 2944
129 2967
130 2990
131 3013
132 3036
133 3059
134 3082
135 3105
136 3128
137 3151
138 3174
139 3197
140 3220
141 3243
142 3266
143 3289
144 3312
145 3335
146 3358
147 3381
148 3404
149 3427
150 3450
151 3473
152 3496
153 3519
154 3542
155 3565
156 3588
157 3611
158 3634
159 3657
160 3680
161 3703
162 3726
163 3749
164 3772
165 3795
166 3818
167 3841
168 3864
169 3887
170 3910
171 3933
172 3956
173 3979
174 4002
175 4025
176 4048
177 4071
178 4094
179 4117
180 4140
181 4163
182 4186
183 4209
184 4232
185 4255
186 4278
187 4301
188 4324
189 4347
190 4370
191 4393
192 4416
193 4439
194 4462
195 4485
196 4508
197 4531
198 4554
199 4577
200 4600
201 4623
202 4646
203 4669
204 4692
205 4715
206 4738
207 4761
208 4784
209 4807
210 4830
211 4853
212 4876
213 4899
214 4922
215 4945
216 4968
217 4991
218 5014
219 5037
220 5060
221 5083
222 5106
223 5129
224 5152
225 5175
226 5198
227 5221
228 5244
229 5267
230 5290
231 5313
232 5336
233 5359
234 5382
235 5405
236 5428
237 5451
238 5474
239 5497
240 5520
241 5543
242 5566
243 5589
244 5612
245 5635
246 5658
247 5681
248 5704
249 5727
250 5750
251 5773
252 5796
253 5819
254 5842
255 5865
256 5888
257 5911
258 5934
259 5957
260 5980
261 6003
262 6026
263 6049
264 6072
265 6095
266 6118
267 6141
268 6164
269 6187
270 6210
271 6233
272 6256
273 6279
274 6302
275 6325
276 6348
277 6371
278 6394
279 6417
280 6440
281 6463
282 6486
283 6509
284 6532
285 6555
286 6578
287 6601
288 6624
289 6647
290 6670
291 6693
292 6716
293 6739
294 6762
295 6785
296 6808
297 6831
298 6854
299 6877
300 6900
301 6923
302 6946
303 6969
304 6992
305 7015
306 7038
307 7061
308 7084
309 7107
310 7130
311 7153
312 7176
313 7199
314 7222
315 7245
316 7268
317 7291
318 7314
319 7337
320 7360
321 7383
322 7406
323 7429
324 7452
325 7475
326 7498
327 7521
328 7544
329 7567
330 7590
331 7613
332 7636
333 7659
334 7682
335 7705
336 7728
337 7751
338 7774
339 7797
340 7820
341 7843
342 7866
343 7889
344 7912
345 7935
346 7958
347 7981
348 8004
349 8027
350 8050
351 8073
352 8096
353 8119
354 8142
355 8165
356 8188
357 8211
358 8234
359 8257
360 8280
361 8303
362 8326
363 8349
364 8372
365 8395
366 8418
367 8441
368 8464
369 8487
370 8510
371 8533
372 8556
373 8579
374 8602
375 8625
376 8648
377 8671
378 8694
379 8717
380 8740
381 8763
382 8786
383 8809
384 8832
385 8855
386 8878
387 8901
388 8924
389 8947
390 8970
391 8993
392 9016
393 9039
394 9062
395 9085
396 9108
397 9131
398 9154
399 9177
400 9200
401 9223
402 9246
403 9269
404 9292
405 9315
406 9338
407 9361
408 9384
409 9407
410 9430
411 9453
412 9476
413 9499
414 9522
415 9545
416 9568
417 9591
418 9614
419 9637
420 9660
421 9683
422 9706
423 9729
424 9752
425 9775
426 9798
427 9821
428 9844
429 9867
430 9890
431 9913
432 9936
433 9959
434 9982
435 10005
436 10028
437 10051
438 10074
439 10097
440 10120
441 10143
442 10166
443 10189
444 10212
445 10235
446 10258
447 10281
448 10304
449 10327
450 10350
451 10373
452 10396
453 10419
454 10442
455 10465
456 10488
457 10511
458 10534
459 10557
460 10580
461 10603
462 10626
463 10649
464 10672
465 10695
466 10718
467 10741
468 10764
469 10787
470 10810
471 10833
472 10856
473 10879
474 10902
475 10925
476 10948
477 10971
478 10994
479 11017
480 11040
481 11063
482 11086
483 11109
484 11132
485 11155
486 11178
487 11201
488 11224
489 11247
490 11270
491 11293
492 11316
493 11339
494 11362
495 11385
496 11408
497 11431
498 11454
499 11477
500 11500
501 11523
502 11546
503 11569
504 11592
505 11615
506 11638
507 11661
508 11684
509 11707
510 11730
511 11753
512 11776
513 11799
514 11822
515 11845
516 11868
517 11891
518 11914
519 11937
520 11960
521 11983
522 12006
523 12029
524 12052
525 12075
526 12098
527 12121
528 12144
529 12167
530 12190
531 12213
532 12236
533 12259
534 12282
535 12305
536 12328
537 12351
538 12374
539 12397
540 12420
541 12443
542 12466
543 12489
544 12512
545 12535
546 12558
547 12581
548 12604
549 12627
550 12650
551 12673
552 12696
553 12719
554 12742
555 12765
556 12788
557 12811
558 12834
559 12857
560 12880
561 12903
562 12926
563 12949
564 12972
565 12995
566 13018
567 13041
568 13064
569 13087
570 13110
571 13133
572 13156
573 13179
574 13202
575 13225
576 13248
577 13271
578 13294
579 13317
580 13340
581 13363
582 13386
583 13409
584 13432
585 13455
586 13478
587 13501
588 13524
589 13547
590 13570
591 13593
592 13616
593 13639
594 13662
595 13685
596 13708
597 13731
598 13754
599 13777
600 13800
601 13823
602 13846
603 13869
604 13892
605 13915
606 13938
607 13961
608 13984
609 14007
610 14030
611 14053
612 14076
613 14099
614 14122
615 14145
616 14168
617 14191
618 14214
619 14237
620 14260
621 14283
622 14306
623 14329
624 14352
625 14375
626 14398
627 14421
628 14444
629 14467
630 14490
631 14513
632 14536
633 14559
634 14582
635 14605
636 14628
637 14651
638 14674
639 14697
640 14720
641 14743
642 14766
643 14789
644 14812
645 14835
646 14858
647 14881
648 14904
649 14927
650 14950
651 14973
652 14996
653 15019
654 15042
655 15065
656 15088
657 15111
658 15134
659 15157
660 15180
661 15203
662 15226
663 15249
664 15272
665 15295
666 15318
667 15341
668 15364
669 15387
670 15410
671 15433
672 15456
673 15479
674 15502
675 15525
676 15548
677 15571
678 15594
679 15617
680 15640
681 15663
682 15686
683 15709
684 15732
685 15755
686 15778
687 15801
688 15824
689 15847
690 15870
691 15893
692 15916
693 15939
694 15962
695 15985
696 16008
697 16031
698 16054
699 16077
700 16100
701 16123
702 16146
703 16169
704 16192
705 16215
706 16238
707 16261
708 16284
709 16307
710 16330
711 16353
712 16376
713 16399
714 16422
715 16445
716 16468
717 16491
718 16514
719 16537
720 16560
721 16583
722 16606
723 16629
724 16652
725 16675
726 16698
727 16721
728 16744
729 16767
730 16790
731 16813
732 16836
733 16859
734 16882
735 16905
736 16928
737 16951
738 16974
739 16997
740 17020
741 17043
742 17066
743 17089
744 17112
745 17135
746 17158
747 17181
748 17204
749 17227
750 17250
751 17273
752 17296
753 17319
754 17342
755 17365
756 17388
757 17411
758 17434
759 17457
760 17480
761 17503
762 17526
763 17549
764 17572
765 17595
766 17618
767 17641
768 17664
769 17687
770 17710
771 17733
772 17756
773 17779
774 17802
775 17825
776 17848
777 17871
778 17894
779 17917
780 17940
781 17963
782 17986
783 18009
784 18032
785 18055
786 18078
787 18101
788 18124
789 18147
790 18170
791 18193
792 18216
793 18239
794 18262
795 18285
796 18308
797 18331
798 18354
799 18377
800 18400
801 18423
802 18446
803 18469
804 18492
805 18515
806 18538
807 18561
808 18584
809 18607
810 18630
811 18653
812 18676
813 18699
814 18722
815 18745
816 18768
817 18791
818 18814
819 18837
820 18860
821 18883
822 18906
823 18929
824 18952
825 18975
826 18998
827 19021
828 19044
829 19067
830 19090
831 19113
832 19136
833 19159
834 19182
835 19205
836 19228
837 19251
838 19274
839 19297
840 19320
841 19343
842 19366
843 19389
844 19412
845 19435
846 19458
847 19481
848 19504
849 19527
850 19550
851 19573
852 19596
853 19619
854 19642
855 19665
856 19688
857 19711
858 19734
859 19757
860 19780
861 19803
862 19826
863 19849
864 19872
865 19895
866 19918
867 19941
868 19964
869 19987
870 20010
871 20033
872 20056
873 20079
874 20102
875 20125
876 20148
877 20171
878 20194
879 20217
880 20240
881 20263
882 20286
883 20309
884 20332
885 20355
886 20378
887 20401
888 20424
889 20447
890 20470
891 20493
892 20516
893 20539
894 20562
895 20585
896 20608
897 20631
898 20654
899 20677
900 20700
901 20723
902 20746
903 20769
904 20792
905 20815
906 20838
907 20861
908 20884
909 20907
910 20930
911 20953
912 20976
913 20999
914 21022
915 21045
916 21068
917 21091
918 21114
919 21137
920 21160
921 21183
922 21206
923 21229
924 21252
925 21275
926 21298
927 21321
928 21344
929 21367
930 21390
931 21413
932 21436
933 21459
934 21482
935 21505
936 21528
937 21551
938 21574
939 21597
940 21620
941 21643
942 21666
943 21689
944 21712
945 21735
946 21758
947 21781
948 21804
949 21827
950 21850
951 21873
952 21896
953 21919
954 21942
955 21965
956 21988
957 22011
958 22034
959 22057
960 22080
961 22103
962 22126
963 22149
964 22172
965 22195
966 22218
967 22241
968 22264
969 22287
970 22310
971 22333
972 22356
973 22379
974 22402
975 22425
976 22448
977 22471
978 22494
979 22517
980 22540
981 22563
982 22586
983 22609
984 22632
985 22655
986 22678
987 22701
988 22724
989 22747
990 22770
991 22793
992 22816
993 22839
994 22862
995 22885
996 22908
997 22931
998 22954
999 22977
1000 23000
