0 1
1 2
2 3
3 6
4 9
5 14
6 22
7 32
8 46
9 66
10 93
11 128
12 176
13 238
14 319
15 426
16 562
17 736
18 960
19 1242
20 1598
21 2048
22 2608
23 3306
24 4175
25 5248
26 6570
27 8198
28 10190
29 12622
30 15589
31 19190
32 23552
33 28830
34 35190
35 42842
36 52034
37 63040
38 76198
39 91904
40 110604
41 132832
42 159216
43 190464
44 227417
45 271058
46 322496
47 383040
48 454210
49 537728
50 635610
51 750182
52 884089
53 1040402
54 1222656
55 1434870
56 1681682
57 1968416
58 2301120
59 2686746
60 3133248
61 3649650
62 4246288
63 4934954
64 5729010
65 6643712
66 7696412
67 8906752
68 10297088
69 11892786
70 13722523
71 15818838
72 18218576
73 20963326
74 24100160
75 27682272
76 31769600
77 36429842
78 41739338
79 47783980
80 54660577
81 62478080
82 71358896
83 81440710
84 92878206
85 105844910
86 120535638
87 137168896
88 155989440
89 177271582
90 201322496
91 228485754
92 259145792
93 293732434
94 332725766
95 376662144
96 426140350
97 481828288
98 544471040
99 614899232
100 694038162
101 782918578
102 882688027
103 994623210
104 1120144414
105 1260830812
106 1418437120
107 1594912896
108 1792423074
109 2013370368
110 2260420986
111 2536532096
112 2844981872
113 3189403648
114 3573822583
115 4002695770
116 4480957504
117 5014068096
118 5608067204
119 6269633750
120 7006150656
121 7825775554
122 8737519920
123 9751334656
124 10878203614
125 12130247808
126 13520838272
127 15064719402
128 16778145872
129 18679031102
130 20787109440
131 23124115642
132 25713979696
133 28583039506
134 31760275670
135 35277566474
136 39169966080
137 43476011008
138 48238053034
139 53502622234
140 59320826151
141 65748783374
142 72848096256
143 80686369632
144 89337774336
145 98883661246
146 109413233958
147 121024279616
148 133823964718
149 147929705742
150 163470114858
151 180586029110
152 199431635010
153 220175689728
154 243002849405
155 268115118854
156 295733425310
157 326099329376
158 359476890176
159 396154689536
160 436448031360
161 480701336798
162 529290742800
163 582626923904
164 641158162432
165 705373678080
166 775807241498
167 853041102688
168 937710249454
169 1030507026594
170 1132186153436
171 1243570160550
172 1365555283968
173 1499117862656
174 1645321267510
175 1805323409408
176 1980384882302
177 2171877779136
178 2381295239306
179 2610261796608
180 2860544577150
181 3134065420064
182 3432914006016
183 3759362057460
184 4115878701361
185 4505147098786
186 4930082423808
187 5393851304608
188 5899892854868
189 6451941401486
190 7054051048438
191 7710622234518
192 8426430420368
193 9206657077760
194 10056923175744
195 10983325335258
196 11992474866516
197 13091539929088
198 14288291031206
199 15591150133878
200 17009243655185
201 18552459647360
202 20231509475466
203 22057994361062
204 24044477133248
205 26204559593472
206 28552965941322
207 31105632690176
208 33879805574144
209 36894143997028
210 40168833558474
211 43725707275936
212 47588376180336
213 51782369951250
214 56335288354752
215 61276964317120
216 66639639461602
217 72458153048672
218 78770145342934
219 85616276432896
220 93040461660672
221 101090124917888
222 109816471078336
223 119274778989386
224 129524716564158
225 140630679543940
226 152662155677558
227 165694116208838
228 179807436607488
229 195089348687470
230 211633926429696
231 229542607892480
232 248924755838928
233 269898259917154
234 292590183324851
235 317137457178496
236 343687626056306
237 372399648315488
238 403444755124022
239 437007372447872
240 473286110409216
241 512494824833024
242 554863756162048
243 600640751148038
244 650092573204112
245 703506307739424
246 761190869091674
247 823478616240064
248 890727085005236
249 963320844820606
250 1041673488832470
251 1126229766717440
252 1217467870085399
253 1315901881135086
254 1422084395991542
255 1536609334756438
256 1660114951254080
257 1793287056374656
258 1936862469666560
259 2091632714965990
260 2258447976957102
261 2438221336489084
262 2631933303832768
263 2840636670388224
264 3065461700511122
265 3307621686743330
266 3568418893332800
267 3849250914353696
268 4151617474668046
269 4477127703896178
270 4827507915313472
271 5204609923897226
272 5610419940064400
273 6047068077782464
274 6516838518493184
275 7022180375073190
276 7565719302670254
277 8150269906551168
278 8778849000439808
279 9454689772011744
280 10181256916151134
281 10962262800589634
282 11801684732423312
283 12703783398709376
284 13673122559164608
285 14714590073688064
286 15833420353054726
287 17035218326910048
288 18325985028884686
289 19712144905371746
290 21200574961440525
291 22798635864238592
292 24514205132267248
293 26355712547218318
294 28332177933364138
295 30453251459085558
296 32729256625065984
297 35171236113688576
298 37791000685625542
299 40601181321511188
300 43615284818635220
301 46847753066262702
302 50314026237424928
303 54030610149501514
304 58015148062227840
305 62286497198779520
306 66864810292966490
307 71771622485028864
308 77029943908853826
309 82664358334280366
310 88701128251357615
311 95168306807691466
312 102095857034991616
313 109515778828574878
314 117462244172541034
315 125971741133228928
316 135083227176489118
317 144838292398845856
318 155281333298357248
319 166459737750191488
320 178424081893093376
321 191228339675604098
322 204930105857559792
323 219590833311408326
324 235276085518836802
325 252055805213702144
326 270004600180599040
327 289202047279162058
328 309733015830175552
329 331688011568971776
330 355163542443993472
331 380262507616794080
332 407094611102266128
333 435776801574076160
334 466433739953394176
335 499198296497046986
336 534212079203758476
337 571625995467662368
338 611600849024689498
339 654307974359323476
340 699929910870336512
341 748661119232276274
342 800708742534272176
343 856293414933196800
344 915650120722088786
345 979029106886624672
346 1046696852406672826
347 1118937097754214688
348 1196051938242807246
349 1278362985102000128
350 1366212598380248246
351 1459965196021561344
352 1560008643719496637
353 1666755730424571776
354 1780645734667517248
355 1902146087166484998
356 2031754135508760110
357 2169999017036529888
358 2317443646427772586
359 2474686824844668672
360 2642365477923037296
361 2821157030303588864
362 3011781924856544256
363 3215006295225442246
364 3431644800820733184
365 3662563633926270876
366 3908683709142274048
367 4170984045984327808
368 4450505356086746304
369 4748353847120540032
370 5065705256239562378
371 5403809126610395444
372 5763993341362827264
373 6147668930127331886
374 6556335164201111445
375 6991584957305910656
376 7455110589878757410
377 7948709775868437758
378 8474292092097122972
379 9033885791398847302
380 9629645021962036386
381 10263857476583671904
382 10938952496899678208
383 11657509659087476246
384 12422267869044546560
385 13236134996644113406
386 14102198080353749376
387 15023734135277568352
388 16004221599561806062
389 17047352456085428224
390 18157045068445387712
391 19337457772455786954
392 20593003266710419344
393 21928363848213198272
394 23348507541677967574
395 24858705173837629440
396 26464548446987649438
397 28171969069039726048
398 29987259000577987328
399 31917091882798901334
400 33968545713798070530
401 36149126844443415038
402 38466795369052685974
403 40929991990296961152
404 43547666442183116268
405 46329307559636545906
406 49284975088136397824
407 52425333332053012448
408 55761686745812285440
409 59306017577793010242
410 63071025682956272384
411 67070170626624019962
412 71317716208599052288
413 75828777543958185522
414 80619370844370225530
415 85706466051726359520
416 91108042484232400766
417 96843147663918938112
418 102931959503816860464
419 109395852042834546688
420 116257464926681650825
421 123540776844057762944
422 131271183138778252304
423 139475577830570776246
424 148182440289994741952
425 157421926826332343394
426 167225967461404916986
427 177628368177139071808
428 188664918940367924224
429 200373507824840642432
430 212794241567792369980
431 225969572916726568704
432 239944435141326193088
433 254766384105711090238
434 270485748317633269018
435 287155787393699948544
436 304832859403418252818
437 323576597579809333504
438 343450096910603018432
439 364520111151689310208
440 386857260833623336914
441 410536252862625275648
442 435636112349791196688
443 462240427336198247148
444 490437607117329485803
445 520321154907878974034
446 551989955627602149136
447 585548579630545052704
448 621107603243853827072
449 658783947028522986464
450 698701232722998050816
451 740990159881658983930
452 785788903273981987648
453 833243532166737548274
454 883508452671107365658
455 936746874399217571200
456 993131302740440620724
457 1052844058137113043840
458 1116077823812198789120
459 1183036223478072920960
460 1253934430636235508514
461 1328999811162564603904
462 1408472600961883237904
463 1492606620569408125226
464 1581670028675271308606
465 1675946116651995930686
466 1775734146273860440064
467 1881350232931740708864
468 1993128276767550157504
469 2111420944279143241348
470 2236600703079786754726
471 2369060912636353403798
472 2509216973957640844288
473 2657507541358992752512
474 2814395799592063954310
475 2980370809799572823706
476 3155948927934601020624
477 3341675299472858689166
478 3538125434444840206518
479 3745906867023393892618
480 3965660904121411178176
481 4198064467684687931392
482 4443832035607037504640
483 4703717686449011120128
484 4978517253408772347284
485 5269070593274376339410
486 5576263976381579665920
487 5901032603911115819008
488 6244363259184808458542
489 6607297099961720104226
490 6990932599094622278854
491 7396428641284228456448
492 7825007784064732337232
493 8277959691570242536068
494 8756644750068632781637
495 9262497874708148458316
496 9797032517403973845582
497 10361844886297948698368
498 10958618387755898049024
499 11589128302424921437120
500 12255246707458725218944
501 12958947657634023726976
502 13702312638726690656954
503 14487536307194153755094
504 15316932530922049404928
505 16192940746540118751232
506 17118132649596400044266
507 18095219234701745479552
508 19127058203620547907072
509 20216661760190227312736
510 21367204811903563349430
511 22582033598986641836406
512 23864674772853229693008
513 25218844946916180836352
514 26648460743890611500608
515 28157649364934626457728
516 29750759707244062772224
517 31432374058051032744640
518 33207320394374941778022
519 35080685319342276342550
520 37057827667431226589969
521 39144392812612524361594
522 41346327715052358240256
523 43669896743820797868774
524 46121698314913730558976
525 48708682385852042742802
526 51438168850173165146112
527 54317866877281643272192
528 57355895245381872023154
529 60560803717582699331968
530 63941595513745433248166
531 67507750933249368332134
532 71269252186578185671088
533 75236609496492424845326
534 79420888532553977548224
535 83833739245914975677194
536 88487426174582376703680
537 93394860292828219157952
538 98569632482041678487552
539 104026048704120548932538
540 109779166962484909573774
541 115844836139973374149760
542 122239736807261487516048
543 128981424100032035858688
544 136088372767938440558402
545 143580024503445349967616
546 151476837663915944211418
547 159800339505854952782816
548 168573181056021818014782
549 177819194750212330706944
550 187563454976882724204544
551 197832341669471245564064
552 208653607098272963261984
553 220056446020059246329534
554 232071569351319555503004
555 244731281539056344827866
556 258069561811501400717342
557 272122149499961714980864
558 286926633632263803877884
559 302522547007967169252406
560 318951464975680819286016
561 336257109143462952934402
562 354485456264435844661248
563 373684852551429082211392
564 393906133686699246453568
565 415202750805588922383186
566 437630902746409421767978
567 461249674872887966367904
568 486121184790241092925888
569 512310735291352394750494
570 539886974885676645853382
571 568922066280397876736000
572 599491863201071199917904
573 631676095957513975820466
574 665558566180120124876837
575 701227351172092181990656
576 738775018344361184094272
577 778298850222239063754430
578 819901080536167790469824
579 863689141933342197429722
580 909775925872539935136510
581 958280055291244756135040
582 1009326170662153351091200
583 1063045230085469082084106
584 1119574824094068115525376
585 1179059505880737448742912
586 1241651137690296184165796
587 1307509254154589566590688
588 1376801443385161465246882
589 1449703746676940500471442
590 1526401077716596015465460
591 1607087662231414416636896
592 1691967499058700004967984
593 1781254843661906471278592
594 1875174715168049113520486
595 1973963428051531582876972
596 2077869149642446329503744
597 2187152484692781423223232
598 2302087088291899841809306
599 2422960308483266717988736
600 2550073859997806898048768
601 2683744530585606902043742
602 2824304921497064348397805
603 2972104223737172615552474
604 3127509031792554164416512
605 3290904196610273433685216
606 3462693719690527407739072
607 3643301690242194283464704
608 3833173267441090106789006
609 4032775709925819692617278
610 4242599454765500031452426
611 4463159248237577675203578
612 4694995330862661198426240
613 4938674679256960353326080
614 5194792307481788184777946
615 5463972630693874515969302
616 5746870894030203185826978
617 6044174669796975398968448
618 6356605426174383245224426
619 6684920170797428963467264
620 7029913172728336241634368
621 7392417766498472207854464
622 7773308242067449246737296
623 8173501824724533728488362
624 8593960749142998341668990
625 9035694431991976013085828
626 9499761747713081143258112
627 9987273412280949642542464
628 10499394479988322529232194
629 11037346958527784961055982
630 11602412547884218867841702
631 12195935508804898495036586
632 12819325666878438985191744
633 13474061558530005023703040
634 14161693725528828937551808
635 14883848164905726695635226
636 15642229941493511700998720
637 16438626970632591766155264
638 17274913978928220795087104
639 18153056651305517734874730
640 19075115972984144986864818
641 20043252775387168707979358
642 21059732495408847696011264
643 22126930157894692512199066
644 23247335591634911079645184
645 24423558889640155682026066
646 25658336124957191177796822
647 26954535333792634130837248
648 28315162778246226483131392
649 29743369501512206966134238
650 31242458188989271975382544
651 32815890349347464007402932
652 34467293830235227008666878
653 36200470683973008527021984
654 38019405399272404400943104
655 39928273515743223326530048
656 41931450638706340277610062
657 44033521872619212097705984
658 46239291692244909872805872
659 48553794271556006263238656
660 50982304291263233250716951
661 53530348246797157778583534
662 56203716279550939891223552
663 59008474555215345361692076
664 61950978214105466277614796
665 65037884919494021112567808
666 68276169031130707527993530
667 71673136432343002568398144
668 75236440040383271230766498
669 78974096031012376505038464
670 82894500809693603333066752
671 87006448763215138015773162
672 91319150827067214128437744
673 95842253905474090317222944
674 100585861182624123286592010
675 105560553365356322044418182
676 110777410899352026628540160
677 116248037202748985367993074
678 121984582963045486822619456
679 127999771545197858526685312
680 134306925560939244012170846
681 140919994651564938109773824
682 147853584538743687862195056
683 155122987400329408391226368
684 162744213630668052244374322
685 170734025047524424654589678
686 179109969610498261403354570
687 187890417718662785784022464
688 197094600158147350672572416
689 206742647773503977834444510
690 216855632939951181668518711
691 227455612916983196870726630
692 238565675167374647841577984
693 250209984729306085504621518
694 262413833733191224307206118
695 275203693158808960296919936
696 288607266932539449525442414
697 302653548468881084432304128
698 317372879764991841519987222
699 332797013161762228281779750
700 348959175889896311922766912
701 365894137524660795200090112
702 383638280478368910253733738
703 402229673665305506875002880
704 421708149479681986887860224
705 442115384233344964143638046
706 463494982206361424737848604
707 485892563470276882207779296
708 509355855650803191746300240
709 533934789803951416910480640
710 559681600587195043176118298
711 586650930915143042277283840
712 614899941297434495990462096
713 644488424065150938894276480
714 675478922700994120922509312
715 707936856497810985628726598
716 741930650779780409500416492
717 777531872930724420830953280
718 814815374484587680947414080
719 853859439544161152115094166
720 894745939805628035422889074
721 937560496478501965252894816
722 982392649403029632054960272
723 1029336033680163859568878746
724 1078488564142800960277908286
725 1129952628011141121732587520
726 1183835286089796782305625302
727 1240248482879666582485070826
728 1299309265993637702013233298
729 1361140015281904468272189988
730 1425868682090124426540400198
731 1493629039091804138750425600
732 1564560941155246580516154368
733 1638810597725132159849230720
734 1716530857219379417226301440
735 1797881503963374086763788982
736 1883029568206002530198226942
737 1972149649785215201475668384
738 2065424256035116904092485568
739 2163044154551873916236721914
740 2265208741462085991132243968
741 2372126425864737938399848110
742 2484015031146466911390290496
743 2601102213899705489857906036
744 2723625901204336935322728274
745 2851834747065879421130586110
746 2985988608836954518819337792
747 3126359044483947873912981504
748 3273229831597395234282917888
749 3426897509082785578820569280
750 3587671942508228283381544950
751 3755876914126848880640981610
752 3931850738634926512975099567
753 4115946905771736918166519680
754 4308534750913891899323507446
755 4510000154865746885667830144
756 4720746274098262692798571008
757 4941194302741639500968830976
758 5171784267692177323776727040
759 5412975858251248293502668694
760 5665249291774086062707959360
761 5929106216868404429509759362
762 6205070655747752808718485504
763 6493689987412106383816140134
764 6795535973398583944059330736
765 7111205827918501244175327886
766 7441323334273321557637370192
767 7786540009521582062185529344
768 8147536319451683932018855476
769 8525022946001669850870333440
770 8919742109356914831972613210
771 9332468947050170081266371200
772 9764012952485776360450705472
773 10215219475411260147194123154
774 10686971286965106413928460224
775 11180190212039436182890938368
776 11695838831810782099818683392
777 12234922259411335128789434594
778 12798489991837121507471845754
779 13387637841318760363767577094
780 14003509949514955892873506816
781 14647300888028909020751478400
782 15320257848893615916547381584
783 16023682928823787384810472694
784 16758935511190116188339463331
785 17527434749836090487273137378
786 18330662159028762631020967158
787 19170164314013105745369926336
788 20047555666825108982137967554
789 20964521482211870275047902752
790 21922820898707949019247168512
791 22924290120126458460712151040
792 23970845742941139588166123024
793 25064488225262308951725833984
794 26207305503345469713531072740
795 27401476761816890178562717696
796 28649276364055973619345963648
797 29953077949440169257414522432
798 31315358704434924575433202948
799 32738703814799188028698907520
800 34225811106476690189564081730
801 35779495883055129732633437186
802 37402695967999956346642589696
803 39098476960207182786447435776
804 40870037711771100022789514990
805 42720716037228460782266226418
806 44653994663921207257549042624
807 46673507433515740419844486688
808 48783045765128676520884393246
809 50986565390937650574270565120
810 53288193375601671566391719622
811 55692235431279500725347119622
812 58203183540517230365811633296
813 60825723899778432830282772480
814 63564745196912702371848909110
815 66425347236401933390658035350
816 69412849926789103777698187840
817 72532802645282532608667311392
818 75790993995140461519209683382
819 79193461972077308652299930458
820 82746504556595039765615012436
821 86456690749831807768937082880
822 90330872071236384156700533360
823 94376194537122039253803665408
824 98600111139928561419058373632
825 103010394848827221310373021058
826 107615152153141915132646338560
827 112422837170931737489749979610
828 117442266345987166845565824768
829 122682633757435273159826363566
830 128153527067130310138135878976
831 133864944131026221588700635914
832 139827310301788518355679709520
833 146051496451006275003205826020
834 152548837740512322048784483894
835 159331153173512803074227300352
836 166410765957467926690640615232
837 173800524711955841150999763424
838 181513825556093036955561958656
839 189564635111479557893400335914
840 197967514458087669574304587136
841 206737644082020673745674719490
842 215890849855636527877872381952
843 225443630092161181408726779648
844 235413183718611512229571099968
845 245817439612609973247226975278
846 256675087150505170780787752960
847 268005608016117327333057712128
848 279829309321407769487061555266
849 292167358092430175327569713152
850 305041817176061376493868696291
851 318475682625234217225314655104
852 332492922622707628449795218530
853 347118518005813108021274704320
854 362378504457115769387755371900
855 378300016428525727875614614016
856 394911332869095676079314778734
857 412241924829547044601140349856
858 430322505019484291658467632960
859 449185079396288913744997503346
860 468863000867836183240773640482
861 489391025194453032297334551666
862 510805369178939727680208025712
863 533143771237016014895215419594
864 556445554444229439385475936894
865 580751692159184963781654841728
866 606104876326926384849442135296
867 632549588570427217256213980832
868 660132174182437680607910656000
869 688900919134391458389573038734
870 718906130223707488157185410896
871 750200218485634934924365394358
872 782837786000790694432364285952
873 816875716234735536781663801218
874 852373268051334877295328711424
875 889392173547260981014750454886
876 927996739860823298240948248114
877 968253955114371028367905265166
878 1010233598655805675754874540800
879 1054008355771280384976892483584
880 1099653937047956658955173900288
881 1147249202572747465575996247004
882 1196876291160308891183391493920
883 1248620754811160952761764207526
884 1302571698608732884276475909225
885 1358821926272350530658937716224
886 1417468091591725209535015154560
887 1478610855977376776283313105216
888 1542355052370641355420307984094
889 1608809855766489463733735294976
890 1678088960612326728968534830080
891 1750310765356281299628045885914
892 1825598564429214079731707440176
893 1904080747955835395893749888000
894 1985891009501890477903247001606
895 2071168562176402670919881705472
896 2160058363420454680181114546930
897 2252711348826962103485043031008
898 2349284675349368425320314126436
899 2449941974271185613579289342918
900 2554853614322839276836445648576
901 2664196975347372552650240348160
902 2778156732932239822101225595334
903 2896925154440702099718251440758
904 3020702406893243477682552336896
905 3149696877166986115662589850786
906 3284125504999314661970849636352
907 3424214129300855292338236116992
908 3570197848302616343190455489856
909 3722321394082514375457693267310
910 3880839522037710042844350857728
911 4046017415891192034896268289846
912 4218131108843905409020727018496
913 4397467921507454755780421069634
914 4584326917277055989552462480064
915 4779019375829997489607167725312
916 4981869285461437484293530957166
917 5193213854996946951732369481728
918 5413404046049844260553223618560
919 5642805126421099078726467518624
920 5881797245470450003392720635724
921 6130776032319425711236591106560
922 6390153217780227590764916143824
923 6660357280938968838409681139712
924 6941834121357618634110066307244
925 7235047757896219786975290645920
926 7540481055195585524302371071562
927 7858636478900789160067232936320
928 8190036880747394470224714283776
929 8535226314675592017862534690370
930 8894770885182266830528390390310
931 9269259629167587354572375002438
932 9659305432581038397692038422992
933 10065545983221988085942016082638
934 10488644761101949420883741175808
935 10929292067829742081901724437418
936 11388206096536853566376393256960
937 11866134043918517213570024938656
938 12363853266026447562051646370310
939 12882172479511883221829728161792
940 13421933010082669415697492793200
941 13984010090005655122698680827904
942 14569314206555775166300431388672
943 15178792503385930838858743473194
944 15813430236867272454903971198594
945 16474252289527825923328468465664
946 17162324742798699131378613382390
947 17878756511361462650514763387840
948 18624701041477837056865164520896
949 19401358075773654247036492279040
950 20209975487043315103682735321084
951 21051851183738767802473307725504
952 21928335089908511691642294435058
953 22840831202457427585063251208034
954 23790799728707488061811430261693
955 24779759307352757716623116924020
956 25809289316019705386093615385600
957 26881032268765875881095772142176
958 27996696306976571150748879604922
959 29158057787250539527105987853728
960 30366963970001942383933737645312
961 31625335812647242233880936176000
962 32935170871392323678342113154032
963 34298546315787314291497694730880
964 35717622060374419176216039792640
965 37194644017917830676997126240764
966 38731947478874641332742705346650
967 40331960621941899290708608479232
968 41997208160697734990386472528034
969 43730315131544098382645985910176
970 45534010828355328513996096487488
971 47411132889440792351826128862080
972 49364631542641447090350100797552
973 51397574014599679497490139618514
974 53513149110469446932551092432570
975 55714671970569887793540758939754
976 58005589010730495546393278712768
977 60389483053329982635803565044992
978 62870078656294432657334476476598
979 65451247647593597468487038566528
980 68137014873057599257948450151424
981 70931564165630217791049874915004
982 73839244544479765371943814632560
983 76864576652704675708296947845120
984 80012259442698771461992605218862
985 83287177118581157394557178079550
986 86694406345448255722202873312618
987 90239223735571117666417323276288
988 93927113622040286907697156145152
989 97763776130753650601069308512256
990 101755135562050403476688235157407
991 105907349093717000450556784985088
992 110226815817529332327813274379952
993 114720186121949896586912938145120
994 119394371434070040357596753949632
995 124256554334376036223553493676102
996 129314199058424446024874202410370
997 134575062400037588776072931974912
998 140047205031174635066965798533120
999 145739003254198605169882517836416
1000 151659161202845080075257381356544
