0 0
1 12
2 19
3 26
4 33
5 40
6 47
7 54
8 61
9 68
10 75
11 82
12 89
13 96
14 103
15 110
16 117
17 124
18 131
19 138
20 145
21 152
22 159
23 166
24 173
25 180
26 187
27 194
28 201
29 208
30 215
31 222
32 229
33 236
34 243
35 250
36 257
37 264
38 271
39 278
40 285
41 292
42 299
43 306
44 313
45 320
46 327
47 334
48 341
49 348
50 355
51 362
52 369
53 376
54 383
55 390
56 397
57 404
58 411
59 418
60 425
61 432
62 439
63 446
64 453
65 460
66 467
67 474
68 481
69 488
70 495
71 502
72 509
73 516
74 523
75 530
76 537
77 544
78 551
79 558
80 565
81 572
82 579
83 586
84 593
85 600
86 607
87 614
88 621
89 628
90 635
91 642
92 649
93 656
94 663
95 670
96 677
97 684
98 691
99 698
100 705
101 712
102 719
103 726
104 733
105 740
106 747
107 754
108 761
109 768
110 775
111 782
112 789
113 796
114 803
115 810
116 817
117 824
118 831
119 838
120 845
121 852
122 859
123 866
124 873
125 880
126 887
127 894
128 901
129 908
130 915
131 922
132 929
133 936
134 943
135 950
136 957
137 964
138 971
139 978
140 985
141 992
142 999
143 1006
144 1013
145 1020
146 1027
147 1034
148 1041
149 1048
150 1055
151 1062
152 1069
153 1076
154 1083
155 1090
156 1097
157 1104
158 1111
159 1118
160 1125
161 1132
162 1139
163 1146
164 1153
165 1160
166 1167
167 1174
168 1181
169 1188
170 1195
171 1202
172 1209
173 1216
174 1223
175 1230
176 1237
177 1244
178 1251
179 1258
180 1265
181 1272
182 1279
183 1286
184 1293
185 1300
186 1307
187 1314
188 1321
189 1328
190 1335
191 1342
192 1349
193 1356
194 1363
195 1370
196 1377
197 1384
198 1391
199 1398
200 1405
201 1412
202 1419
203 1426
204 1433
205 1440
206 1447
207 1454
208 1461
209 1468
210 1475
211 1482
212 1489
213 1496
214 1503
215 1510
216 1517
217 1524
218 1531
219 1538
220 1545
221 1552
222 1559
223 1566
224 1573
225 1580
226 1587
227 1594
228 1601
229 1608
230 1615
231 1622
232 1629
233 1636
234 1643
235 1650
236 1657
237 1664
238 1671
239 1678
240 1685
241 1692
242 1699
243 1706
244 1713
245 1720
246 1727
247 1734
248 1741
249 1748
250 1755
251 1762
252 1769
253 1776
254 1783
255 1790
256 1797
257 1804
258 1811
259 1818
260 1825
261 1832
262 1839
263 1846
264 1853
265 1860
266 1867
267 1874
268 1881
269 1888
270 1895
271 1902
272 1909
273 1916
274 1923
275 1930
276 1937
277 1944
278 1951
279 1958
280 1965
281 1972
282 1979
283 1986
284 1993
285 2000
286 2007
287 2014
288 2021
289 2028
290 2035
291 2042
292 2049
293 2056
294 2063
295 2070
296 2077
297 2084
298 2091
299 2098
300 2105
301 2112
302 2119
303 2126
304 2133
305 2140
306 2147
307 2154
308 2161
309 2168
310 2175
311 2182
312 2189
313 2196
314 2203
315 2210
316 2217
317 2224
318 2231
319 2238
320 2245
321 2252
322 2259
323 2266
324 2273
325 2280
326 2287
327 2294
328 2301
329 2308
330 2315
331 2322
332 2329
333 2336
334 2343
335 2350
336 2357
337 2364
338 2371
339 2378
340 2385
341 2392
342 2399
343 2406
344 2413
345 2420
346 2427
347 2434
348 2441
349 2448
350 2455
351 2462
352 2469
353 2476
354 2483
355 2490
356 2497
357 2504
358 2511
359 2518
360 2525
361 2532
362 2539
363 2546
364 2553
365 2560
366 2567
367 2574
368 2581
369 2588
370 2595
371 2602
372 2609
373 2616
374 2623
375 2630
376 2637
377 2644
378 2651
379 2658
380 2665
381 2672
382 2679
383 2686
384 2693
385 2700
386 2707
387 2714
388 2721
389 2728
390 2735
391 2742
392 2749
393 2756
394 2763
395 2770
396 2777
397 2784
398 2791
399 2798
400 2805
401 2812
402 2819
403 2826
404 2833
405 2840
406 2847
407 2854
408 2861
409 2868
410 2875
411 2882
412 2889
413 2896
414 2903
415 2910
416 2917
417 2924
418 2931
419 2938
420 2945
421 2952
422 2959
423 2966
424 2973
425 2980
426 2987
427 2994
428 3001
429 3008
430 3015
431 3022
432 3029
433 3036
434 3043
435 3050
436 3057
437 3064
438 3071
439 3078
440 3085
441 3092
442 3099
443 3106
444 3113
445 3120
446 3127
447 3134
448 3141
449 3148
450 3155
451 3162
452 3169
453 3176
454 3183
455 3190
456 3197
457 3204
458 3211
459 3218
460 3225
461 3232
462 3239
463 3246
464 3253
465 3260
466 3267
467 3274
468 3281
469 3288
470 3295
471 3302
472 3309
473 3316
474 3323
475 3330
476 3337
477 3344
478 3351
479 3358
480 3365
481 3372
482 3379
483 3386
484 3393
485 3400
486 3407
487 3414
488 3421
489 3428
490 3435
491 3442
492 3449
493 3456
494 3463
495 3470
496 3477
497 3484
498 3491
499 3498
500 3505
501 3512
502 3519
503 3526
504 3533
505 3540
506 3547
507 3554
508 3561
509 3568
510 3575
511 3582
512 3589
513 3596
514 3603
515 3610
516 3617
517 3624
518 3631
519 3638
520 3645
521 3652
522 3659
523 3666
524 3673
525 3680
526 3687
527 3694
528 3701
529 3708
530 3715
531 3722
532 3729
533 3736
534 3743
535 3750
536 3757
537 3764
538 3771
539 3778
540 3785
541 3792
542 3799
543 3806
544 3813
545 3820
546 3827
547 3834
548 3841
549 3848
550 3855
551 3862
552 3869
553 3876
554 3883
555 3890
556 3897
557 3904
558 3911
559 3918
560 3925
561 3932
562 3939
563 3946
564 3953
565 3960
566 3967
567 3974
568 3981
569 3988
570 3995
571 4002
572 4009
573 4016
574 4023
575 4030
576 4037
577 4044
578 4051
579 4058
580 4065
581 4072
582 4079
583 4086
584 4093
585 4100
586 4107
587 4114
588 4121
589 4128
590 4135
591 4142
592 4149
593 4156
594 4163
595 4170
596 4177
597 4184
598 4191
599 4198
600 4205
601 4212
602 4219
603 4226
604 4233
605 4240
606 4247
607 4254
608 4261
609 4268
610 4275
611 4282
612 4289
613 4296
614 4303
615 4310
616 4317
617 4324
618 4331
619 4338
620 4345
621 4352
622 4359
623 4366
624 4373
625 4380
626 4387
627 4394
628 4401
629 4408
630 4415
631 4422
632 4429
633 4436
634 4443
635 4450
636 4457
637 4464
638 4471
639 4478
640 4485
641 4492
642 4499
643 4506
644 4513
645 4520
646 4527
647 4534
648 4541
649 4548
650 4555
651 4562
652 4569
653 4576
654 4583
655 4590
656 4597
657 4604
658 4611
659 4618
660 4625
661 4632
662 4639
663 4646
664 4653
665 4660
666 4667
667 4674
668 4681
669 4688
670 4695
671 4702
672 4709
673 4716
674 4723
675 4730
676 4737
677 4744
678 4751
679 4758
680 4765
681 4772
682 4779
683 4786
684 4793
685 4800
686 4807
687 4814
688 4821
689 4828
690 4835
691 4842
692 4849
693 4856
694 4863
695 4870
696 4877
697 4884
698 4891
699 4898
700 4905
701 4912
702 4919
703 4926
704 4933
705 4940
706 4947
707 4954
708 4961
709 4968
710 4975
711 4982
712 4989
713 4996
714 5003
715 5010
716 5017
717 5024
718 5031
719 5038
720 5045
721 5052
722 5059
723 5066
724 5073
725 5080
726 5087
727 5094
728 5101
729 5108
730 5115
731 5122
732 5129
733 5136
734 5143
735 5150
736 5157
737 5164
738 5171
739 5178
740 5185
741 5192
742 5199
743 5206
744 5213
745 5220
746 5227
747 5234
748 5241
749 5248
750 5255
751 5262
752 5269
753 5276
754 5283
755 5290
756 5297
757 5304
758 5311
759 5318
760 5325
761 5332
762 5339
763 5346
764 5353
765 5360
766 5367
767 5374
768 5381
769 5388
770 5395
771 5402
772 5409
773 5416
774 5423
775 5430
776 5437
777 5444
778 5451
779 5458
780 5465
781 5472
782 5479
783 5486
784 5493
785 5500
786 5507
787 5514
788 5521
789 5528
790 5535
791 5542
792 5549
793 5556
794 5563
795 5570
796 5577
797 5584
798 5591
799 5598
800 5605
801 5612
802 5619
803 5626
804 5633
805 5640
806 5647
807 5654
808 5661
809 5668
810 5675
811 5682
812 5689
813 5696
814 5703
815 5710
816 5717
817 5724
818 5731
819 5738
820 5745
821 5752
822 5759
823 5766
824 5773
825 5780
826 5787
827 5794
828 5801
829 5808
830 5815
831 5822
832 5829
833 5836
834 5843
835 5850
836 5857
837 5864
838 5871
839 5878
840 5885
841 5892
842 5899
843 5906
844 5913
845 5920
846 5927
847 5934
848 5941
849 5948
850 5955
851 5962
852 5969
853 5976
854 5983
855 5990
856 5997
857 6004
858 6011
859 6018
860 6025
861 6032
862 6039
863 6046
864 6053
865 6060
866 6067
867 6074
868 6081
869 6088
870 6095
871 6102
872 6109
873 6116
874 6123
875 6130
876 6137
877 6144
878 6151
879 6158
880 6165
881 6172
882 6179
883 6186
884 6193
885 6200
886 6207
887 6214
888 6221
889 6228
890 6235
891 6242
892 6249
893 6256
894 6263
895 6270
896 6277
897 6284
898 6291
899 6298
900 6305
901 6312
902 6319
903 6326
904 6333
905 6340
906 6347
907 6354
908 6361
909 6368
910 6375
911 6382
912 6389
913 6396
914 6403
915 6410
916 6417
917 6424
918 6431
919 6438
920 6445
921 6452
922 6459
923 6466
924 6473
925 6480
926 6487
927 6494
928 6501
929 6508
930 6515
931 6522
932 6529
933 6536
934 6543
935 6550
936 6557
937 6564
938 6571
939 6578
940 6585
941 6592
942 6599
943 6606
944 6613
945 6620
946 6627
947 6634
948 6641
949 6648
950 6655
951 6662
952 6669
953 6676
954 6683
955 6690
956 6697
957 6704
958 6711
959 6718
960 6725
961 6732
962 6739
963 6746
964 6753
965 6760
966 6767
967 6774
968 6781
969 6788
970 6795
971 6802
972 6809
973 6816
974 6823
975 6830
976 6837
977 6844
978 6851
979 6858
980 6865
981 6872
982 6879
983 6886
984 6893
985 6900
986 6907
987 6914
988 6921
989 6928
990 6935
991 6942
992 6949
993 6956
994 6963
995 6970
996 6977
997 6984
998 6991
999 6998
1000 7005
