0 1
1 6
2 15
3 28
4 45
5 66
6 91
7 120
8 153
9 190
10 231
11 276
12 325
13 378
14 435
15 496
16 561
17 630
18 703
19 780
20 861
21 946
22 1035
23 1128
24 1225
25 1326
26 1431
27 1540
28 1653
29 1770
30 1891
31 2016
32 2145
33 2278
34 2415
35 2556
36 2701
37 2850
38 3003
39 3160
40 3321
41 3486
42 3655
43 3828
44 4005
45 4186
46 4371
47 4560
48 4753
49 4950
50 5151
51 5356
52 5565
53 5778
54 5995
55 6216
56 6441
57 6670
58 6903
59 7140
60 7381
61 7626
62 7875
63 8128
64 8385
65 8646
66 8911
67 9180
68 9453
69 9730
70 10011
71 10296
72 10585
73 10878
74 11175
75 11476
76 11781
77 12090
78 12403
79 12720
80 13041
81 13366
82 13695
83 14028
84 14365
85 14706
86 15051
87 15400
88 15753
89 16110
90 16471
91 16836
92 17205
93 17578
94 17955
95 18336
96 18721
97 19110
98 19503
99 19900
100 20301
101 20706
102 21115
103 21528
104 21945
105 22366
106 22791
107 23220
108 23653
109 24090
110 24531
111 24976
112 25425
113 25878
114 26335
115 26796
116 27261
117 27730
118 28203
119 28680
120 29161
121 29646
122 30135
123 30628
124 31125
125 31626
126 32131
127 32640
128 33153
129 33670
130 34191
131 34716
132 35245
133 35778
134 36315
135 36856
136 37401
137 37950
138 38503
139 39060
140 39621
141 40186
142 40755
143 41328
144 41905
145 42486
146 43071
147 43660
148 44253
149 44850
150 45451
151 46056
152 46665
153 47278
154 47895
155 48516
156 49141
157 49770
158 50403
159 51040
160 51681
161 52326
162 52975
163 53628
164 54285
165 54946
166 55611
167 56280
168 56953
169 57630
170 58311
171 58996
172 59685
173 60378
174 61075
175 61776
176 62481
177 63190
178 63903
179 64620
180 65341
181 66066
182 66795
183 67528
184 68265
185 69006
186 69751
187 70500
188 71253
189 72010
190 72771
191 73536
192 74305
193 75078
194 75855
195 76636
196 77421
197 78210
198 79003
199 79800
200 80601
201 81406
202 82215
203 83028
204 83845
205 84666
206 85491
207 86320
208 87153
209 87990
210 88831
211 89676
212 90525
213 91378
214 92235
215 93096
216 93961
217 94830
218 95703
219 96580
220 97461
221 98346
222 99235
223 100128
224 101025
225 101926
226 102831
227 103740
228 104653
229 105570
230 106491
231 107416
232 108345
233 109278
234 110215
235 111156
236 112101
237 113050
238 114003
239 114960
240 115921
241 116886
242 117855
243 118828
244 119805
245 120786
246 121771
247 122760
248 123753
249 124750
250 125751
251 126756
252 127765
253 128778
254 129795
255 130816
256 131841
257 132870
258 133903
259 134940
260 135981
261 137026
262 138075
263 139128
264 140185
265 141246
266 142311
267 143380
268 144453
269 145530
270 146611
271 147696
272 148785
273 149878
274 150975
275 152076
276 153181
277 154290
278 155403
279 156520
280 157641
281 158766
282 159895
283 161028
284 162165
285 163306
286 164451
287 165600
288 166753
289 167910
290 169071
291 170236
292 171405
293 172578
294 173755
295 174936
296 176121
297 177310
298 178503
299 179700
300 180901
301 182106
302 183315
303 184528
304 185745
305 186966
306 188191
307 189420
308 190653
309 191890
310 193131
311 194376
312 195625
313 196878
314 198135
315 199396
316 200661
317 201930
318 203203
319 204480
320 205761
321 207046
322 208335
323 209628
324 210925
325 212226
326 213531
327 214840
328 216153
329 217470
330 218791
331 220116
332 221445
333 222778
334 224115
335 225456
336 226801
337 228150
338 229503
339 230860
340 232221
341 233586
342 234955
343 236328
344 237705
345 239086
346 240471
347 241860
348 243253
349 244650
350 246051
351 247456
352 248865
353 250278
354 251695
355 253116
356 254541
357 255970
358 257403
359 258840
360 260281
361 261726
362 263175
363 264628
364 266085
365 267546
366 269011
367 270480
368 271953
369 273430
370 274911
371 276396
372 277885
373 279378
374 280875
375 282376
376 283881
377 285390
378 286903
379 288420
380 289941
381 291466
382 292995
383 294528
384 296065
385 297606
386 299151
387 300700
388 302253
389 303810
390 305371
391 306936
392 308505
393 310078
394 311655
395 313236
396 314821
397 316410
398 318003
399 319600
400 321201
401 322806
402 324415
403 326028
404 327645
405 329266
406 330891
407 332520
408 334153
409 335790
410 337431
411 339076
412 340725
413 342378
414 344035
415 345696
416 347361
417 349030
418 350703
419 352380
420 354061
421 355746
422 357435
423 359128
424 360825
425 362526
426 364231
427 365940
428 367653
429 369370
430 371091
431 372816
432 374545
433 376278
434 378015
435 379756
436 381501
437 383250
438 385003
439 386760
440 388521
441 390286
442 392055
443 393828
444 395605
445 397386
446 399171
447 400960
448 402753
449 404550
450 406351
451 408156
452 409965
453 411778
454 413595
455 415416
456 417241
457 419070
458 420903
459 422740
460 424581
461 426426
462 428275
463 430128
464 431985
465 433846
466 435711
467 437580
468 439453
469 441330
470 443211
471 445096
472 446985
473 448878
474 450775
475 452676
476 454581
477 456490
478 458403
479 460320
480 462241
481 464166
482 466095
483 468028
484 469965
485 471906
486 473851
487 475800
488 477753
489 479710
490 481671
491 483636
492 485605
493 487578
494 489555
495 491536
496 493521
497 495510
498 497503
499 499500
500 501501
501 503506
502 505515
503 507528
504 509545
505 511566
506 513591
507 515620
508 517653
509 519690
510 521731
511 523776
512 525825
513 527878
514 529935
515 531996
516 534061
517 536130
518 538203
519 540280
520 542361
521 544446
522 546535
523 548628
524 550725
525 552826
526 554931
527 557040
528 559153
529 561270
530 563391
531 565516
532 567645
533 569778
534 571915
535 574056
536 576201
537 578350
538 580503
539 582660
540 584821
541 586986
542 589155
543 591328
544 593505
545 595686
546 597871
547 600060
548 602253
549 604450
550 606651
551 608856
552 611065
553 613278
554 615495
555 617716
556 619941
557 622170
558 624403
559 626640
560 628881
561 631126
562 633375
563 635628
564 637885
565 640146
566 642411
567 644680
568 646953
569 649230
570 651511
571 653796
572 656085
573 658378
574 660675
575 662976
576 665281
577 667590
578 669903
579 672220
580 674541
581 676866
582 679195
583 681528
584 683865
585 686206
586 688551
587 690900
588 693253
589 695610
590 697971
591 700336
592 702705
593 705078
594 707455
595 709836
596 712221
597 714610
598 717003
599 719400
600 721801
601 724206
602 726615
603 729028
604 731445
605 733866
606 736291
607 738720
608 741153
609 743590
610 746031
611 748476
612 750925
613 753378
614 755835
615 758296
616 760761
617 763230
618 765703
619 768180
620 770661
621 773146
622 775635
623 778128
624 780625
625 783126
626 785631
627 788140
628 790653
629 793170
630 795691
631 798216
632 800745
633 803278
634 805815
635 808356
636 810901
637 813450
638 816003
639 818560
640 821121
641 823686
642 826255
643 828828
644 831405
645 833986
646 836571
647 839160
648 841753
649 844350
650 846951
651 849556
652 852165
653 854778
654 857395
655 860016
656 862641
657 865270
658 867903
659 870540
660 873181
661 875826
662 878475
663 881128
664 883785
665 886446
666 889111
667 891780
668 894453
669 897130
670 899811
671 902496
672 905185
673 907878
674 910575
675 913276
676 915981
677 918690
678 921403
679 924120
680 926841
681 929566
682 932295
683 935028
684 937765
685 940506
686 943251
687 946000
688 948753
689 951510
690 954271
691 957036
692 959805
693 962578
694 965355
695 968136
696 970921
697 973710
698 976503
699 979300
700 982101
701 984906
702 987715
703 990528
704 993345
705 996166
706 998991
707 1001820
708 1004653
709 1007490
710 1010331
711 1013176
712 1016025
713 1018878
714 1021735
715 1024596
716 1027461
717 1030330
718 1033203
719 1036080
720 1038961
721 1041846
722 1044735
723 1047628
724 1050525
725 1053426
726 1056331
727 1059240
728 1062153
729 1065070
730 1067991
731 1070916
732 1073845
733 1076778
734 1079715
735 1082656
736 1085601
737 1088550
738 1091503
739 1094460
740 1097421
741 1100386
742 1103355
743 1106328
744 1109305
745 1112286
746 1115271
747 1118260
748 1121253
749 1124250
750 1127251
751 1130256
752 1133265
753 1136278
754 1139295
755 1142316
756 1145341
757 1148370
758 1151403
759 1154440
760 1157481
761 1160526
762 1163575
763 1166628
764 1169685
765 1172746
766 1175811
767 1178880
768 1181953
769 1185030
770 1188111
771 1191196
772 1194285
773 1197378
774 1200475
775 1203576
776 1206681
777 1209790
778 1212903
779 1216020
780 1219141
781 1222266
782 1225395
783 1228528
784 1231665
785 1234806
786 1237951
787 1241100
788 1244253
789 1247410
790 1250571
791 1253736
792 1256905
793 1260078
794 1263255
795 1266436
796 1269621
797 1272810
798 1276003
799 1279200
800 1282401
801 1285606
802 1288815
803 1292028
804 1295245
805 1298466
806 1301691
807 1304920
808 1308153
809 1311390
810 1314631
811 1317876
812 1321125
813 1324378
814 1327635
815 1330896
816 1334161
817 1337430
818 1340703
819 1343980
820 1347261
821 1350546
822 1353835
823 1357128
824 1360425
825 1363726
826 1367031
827 1370340
828 1373653
829 1376970
830 1380291
831 1383616
832 1386945
833 1390278
834 1393615
835 1396956
836 1400301
837 1403650
838 1407003
839 1410360
840 1413721
841 1417086
842 1420455
843 1423828
844 1427205
845 1430586
846 1433971
847 1437360
848 1440753
849 1444150
850 1447551
851 1450956
852 1454365
853 1457778
854 1461195
855 1464616
856 1468041
857 1471470
858 1474903
859 1478340
860 1481781
861 1485226
862 1488675
863 1492128
864 1495585
865 1499046
866 1502511
867 1505980
868 1509453
869 1512930
870 1516411
871 1519896
872 1523385
873 1526878
874 1530375
875 1533876
876 1537381
877 1540890
878 1544403
879 1547920
880 1551441
881 1554966
882 1558495
883 1562028
884 1565565
885 1569106
886 1572651
887 1576200
888 1579753
889 1583310
890 1586871
891 1590436
892 1594005
893 1597578
894 1601155
895 1604736
896 1608321
897 1611910
898 1615503
899 1619100
900 1622701
901 1626306
902 1629915
903 1633528
904 1637145
905 1640766
906 1644391
907 1648020
908 1651653
909 1655290
910 1658931
911 1662576
912 1666225
913 1669878
914 1673535
915 1677196
916 1680861
917 1684530
918 1688203
919 1691880
920 1695561
921 1699246
922 1702935
923 1706628
924 1710325
925 1714026
926 1717731
927 1721440
928 1725153
929 1728870
930 1732591
931 1736316
932 1740045
933 1743778
934 1747515
935 1751256
936 1755001
937 1758750
938 1762503
939 1766260
940 1770021
941 1773786
942 1777555
943 1781328
944 1785105
945 1788886
946 1792671
947 1796460
948 1800253
949 1804050
950 1807851
951 1811656
952 1815465
953 1819278
954 1823095
955 1826916
956 1830741
957 1834570
958 1838403
959 1842240
960 1846081
961 1849926
962 1853775
963 1857628
964 1861485
965 1865346
966 1869211
967 1873080
968 1876953
969 1880830
970 1884711
971 1888596
972 1892485
973 1896378
974 1900275
975 1904176
976 1908081
977 1911990
978 1915903
979 1919820
980 1923741
981 1927666
982 1931595
983 1935528
984 1939465
985 1943406
986 1947351
987 1951300
988 1955253
989 1959210
990 1963171
991 1967136
992 1971105
993 1975078
994 1979055
995 1983036
996 1987021
997 1991010
998 1995003
999 1999000
1000 2003001
