0 1
1 1
2 1
3 1
4 1
5 1
6 1
7 1
8 1
9 1
10 2
11 3
12 4
13 5
14 6
15 7
16 8
17 9
18 10
19 12
20 15
21 19
22 24
23 30
24 37
25 45
26 54
27 64
28 76
29 91
30 110
31 134
32 164
33 201
34 246
35 300
36 364
37 440
38 531
39 641
40 775
41 939
42 1140
43 1386
44 1686
45 2050
46 2490
47 3021
48 3662
49 4437
50 5376
51 6516
52 7902
53 9588
54 11638
55 14128
56 17149
57 20811
58 25248
59 30624
60 37140
61 45042
62 54630
63 66268
64 80396
65 97545
66 118356
67 143604
68 174228
69 211368
70 256410
71 311040
72 377308
73 457704
74 555249
75 673605
76 817209
77 991437
78 1202805
79 1459215
80 1770255
81 2147563
82 2605267
83 3160516
84 3834121
85 4651330
86 5642767
87 6845572
88 8304787
89 10075042
90 12222605
91 14827872
92 17988388
93 21822509
94 26473839
95 32116606
96 38962178
97 47266965
98 57342007
99 69564612
100 84392484
101 102380872
102 124203381
103 150677220
104 182793826
105 221756004
106 269022969
107 326364976
108 395929588
109 480322072
110 582702944
111 706906325
112 857583545
113 1040377371
114 1262133375
115 1531156344
116 1857521320
117 2253450908
118 2733772980
119 3316475924
120 4023382249
121 4880965794
122 5921343165
123 7183476540
124 8714632884
125 10572154204
126 12825605112
127 15559378092
128 18875854016
129 22899236265
130 27780202059
131 33701545224
132 40885021764
133 49599654648
134 60171808852
135 72997413964
136 88556792056
137 107432646072
138 130331882337
139 158112084396
140 191813629620
141 232698651384
142 282298306032
143 342470114884
144 415467528848
145 504024320904
146 611456966976
147 741788849313
148 899900933709
149 1091714563329
150 1324413214713
151 1606711520745
152 1949181635629
153 2364649164477
154 2868673485381
155 3480130452357
156 4221919301670
157 5121820235379
158 6213534798708
159 7537948013421
160 9144659534166
161 11093841169795
162 13458490334272
163 16327163819653
164 19807294272010
165 24029213573680
166 29151033809059
167 35364568607767
168 42902516621188
169 52047176155354
170 63141017325149
171 76599507659421
172 92926671479074
173 112733965751084
174 136763179324764
175 165914213133823
176 201278781741590
177 244181298362778
178 296228474518132
179 359369491843281
180 435968999502702
181 528895670981776
182 641629636732860
183 778392816057624
184 944307029191447
185 1145585810933037
186 1389767109295815
187 1685995583813947
188 2045365075657228
189 2481334075159930
190 3010229746141706
191 3651859382874566
192 4430252198932190
193 5374559228123637
194 6520145039056674
195 7909912148352489
196 9595907732166436
197 11641272807823664
198 14122606882983594
199 17132836629125300
200 20784696011999866
201 25214948210932056
202 30589507439055693
203 37109652478112367
204 45019564626464856
205 54615472358631292
206 66256745166454956
207 80379352049438550
208 97512188678563850
209 118296884690563716
210 143511832901495772
211 174101340340551465
212 211210992818663832
213 256230557445128688
214 310846029803759980
215 377102774970214936
216 457482127019653486
217 554994315698217336
218 673291200388781052
219 816803033290276824
220 990904373630828289
221 1202115366449492121
222 1458345923894620809
223 1769191953698380789
224 2146294728668595725
225 2603776855688249211
226 3158771171386466547
227 3832062371775247599
228 4648865405065524423
229 5639769778696352712
230 6841885145145844833
231 8300231069040465642
232 10069423022738846431
233 12215717751407442156
234 14819494607095691367
235 17978265778482157914
236 21810328150257405513
237 26459193555322929936
238 32098963334019282648
239 38940848479165127481
240 47241079548205593123
241 57310502570944439554
242 69526220322351881710
243 84345714929447573077
244 102323980707929730991
245 124134308858187136504
246 150593502413510066440
247 182692465747529349088
248 221633314226694476569
249 268874393774900069692
250 326184896345844509246
251 395711116668196390956
252 480056831597643964033
253 582380812305573695024
254 706515121163760831528
255 857108623577270897968
256 1039801089324800247056
257 1261434403551494723625
258 1530308797326394793317
259 1856493693672239302563
260 2252204810340435693519
261 2732261641938079657552
262 3314642454243653352576
263 4021157575407414184104
264 4878266198984685082072
265 5918067288309485329128
266 7179501691860980052753
267 8709810489187374846070
268 10566304182859614148633
269 12818508993200049842152
270 15550770635138129499704
271 18865413089381782852280
272 22886570664789197036384
273 27764836863773882118456
274 33682904152083367447584
275 40862405843944347500337
276 49572216333131722346407
277 60138520515991336495040
278 72957029509191386337192
279 88507800144329515836896
280 107373213233711298689176
281 130259783898500495725560
282 158024620762274377844016
283 191707524914357745291600
284 232569930758302092791937
285 282142147091433815138344
286 342280667607425151633384
287 415237697116616537970576
288 503745497260946053807472
289 611118710494657352496648
290 741378494393157848222208
291 899403115155432226066224
292 1091110640069789971357824
293 1323680570828092064149761
294 1605822717919525879288105
295 1948103385526951030921489
296 2363341082643567568892065
297 2867086579904513622699537
298 3478205290399170975196185
299 4219583784792328823418393
300 5118986899947761049484617
301 6210097540017551020842441
302 7533778110845643084992202
303 9139600828765168964280307
304 11087704214292119995201796
305 13451045296935687564093861
306 16318131876840201186793398
307 19796337167239372161989583
308 24015920952031700985407976
309 29134907851979462034892593
310 35345005391997013055735034
311 42878783502842656140727236
312 52018384331607825105007543
313 63106088545899945100209339
314 76557133842835632664303200
315 92875265719675833851096598
316 112671602886915206013086181
317 136687523838946906998494157
318 165822431690926369033386750
319 201167437082923382089121784
320 244046220585766038229849020
321 296064604917373863334856563
322 359170693463273808435065902
323 435727827306109441099369102
324 528603093025785274950465700
325 641274695912700480963551881
326 777962219751647387962046038
327 943784651442573756995432788
328 1144952088525497139084554572
329 1388998309111263177314403592
330 1685062914028637040649260155
331 2044233607491910849084326057
332 2479961434798020290183695159
333 3008564527823805565134160859
334 3649839223736506046097712740
335 4427801443488153434059758778
336 5371586094930727191055191566
337 6516538183456224330139746138
338 7905536492567487507454149730
339 9590599406596124548103409885
340 11634833014088035397187735942
341 14114794448886055687371431101
342 17123358976709861252505591960
343 20773198200446367298603304700
344 25200999643934520732663063478
345 30572585738865247923718255044
346 37089123922321472253858001182
347 44994660414888959761312150912
348 54585259821485084309415560797
349 66220092835573119706603296739
350 80334887284459175393974727840
351 97458246261169036646480319800
352 118231444461615403945083624500
353 143432444105549924677746687978
354 174005029844415172601464943022
355 211094153766736644855322944204
356 256088814181625604616635095116
357 310674074003110688926050655913
358 376894166838683808632653952652
359 457229054123142984026628680492
360 554687300384312020673109000292
361 672918744845927424618192624792
362 816351188951477349295939312770
363 990356218795892521897404255792
364 1201450372562629166752727199996
365 1457539186744254771369362295112
366 1768213260747365460295412951025
367 2145107427586049268928066903677
368 2602336481709192252954695584169
369 3157023782093504273627804584461
370 3829942526939431698245997209253
371 4646293715890909047541936522023
372 5636649934686801569439340777815
373 6838100307249430736192067977811
374 8295639493993685507561430272923
375 10063852754741050967856843223948
376 12208960182327100236784910127625
377 14811296664036292489739605711794
378 17968320446129796763367410296255
379 21798262973069228461613407505508
380 26444556688960137509155344027531
381 32081206623646939078594684805346
382 38919306930896369814786752783157
383 47214946424890055322348183056080
384 57278799179631106290205026280028
385 69487759361958206526989936407653
386 84299056025994499016729542119447
387 102267376472124295780096952415702
388 124065639445193524241710359921210
389 150510196134153661750865703948741
390 182591402757800600829460388754087
391 221510709688696970644247141537244
392 268725656113587025966595324593324
393 326004455293218132256800350873352
394 395492214655176338783790287281005
395 479791270681170837800519829400452
396 582058647153295133580616781816154
397 706124286598488657822327141737364
398 856634482732642319573192845686105
399 1039225885490442920402653234440192
400 1260736595179139891046900375977436
401 1529462251292726917013495700570760
402 1855466706585945049270296051444112
403 2250958921241121388054086338725117
404 2730750191922292225854606168125569
405 3312808839075587359435222949941723
406 4018933125674076017257550091679087
407 4875567608406718336830742937365192
408 5914793493897161257233396171805384
409 7175530089076301148280296547782820
410 8704992340369028065293792248353580
411 10560459046954973114564088299797692
412 12811417968196094502618174638522809
413 15542168160118386728472780806648378
414 18854976999193974087908003756590101
415 22873910124868050105165553848269188
416 27749477733274768441996296785634380
417 33664271227171929699229692957439764
418 40839801316248230847509989505222584
419 49544793656617258912803781753576164
420 60105252703572232027367870053373856
421 72916670671768326529986044691896665
422 88458838831886713258458825498545043
423 107313815831080687346366829255135144
424 130187725955948737451532383103404332
425 157937203689223505893528679889038712
426 191601474916395435592758372846478476
427 232441276232643666440268362351701060
428 281986069889260925353072144105277224
429 342091322592833157380440014158651080
430 415007993264601483910426058850547745
431 503466832096488197168884884349092788
432 610780647927568884515251713604227932
433 740968373883517621966784096707632264
434 898905577572741127860312776596670976
435 1090507052489136563453071149443149452
436 1322948328721780229893339511794850512
437 1604934398611041155246411655900127736
438 1947025721203874312626851670058778816
439 2362033714468475796537277728909326561
440 2865500546564963993706162613258419349
441 3476281194492532878221414326862647281
442 4217249568376050500188198423570279545
443 5116155145948791628048511200166950521
444 6206662198437928191501582349610099973
445 7529610527159708421394921861404950485
446 9134544925770749576641333517305078221
447 11081570646974623889268185187363857037
448 13443604361443099685805462916273183598
449 16309104908008063679511625529531602947
450 19785386102500596557733039856394250228
451 24002635670876647057921238279964529773
452 29118790816825438685969749480131480294
453 35325453015263366877471331829741580267
454 42855063542423075298866253691146530752
455 51989608468193824875507587208451608973
456 63071179115168448764775772395815466010
457 76514783476611548450581235312088649608
458 92823888384619612130092860841620252555
459 112609274487120208687825900698014502783
460 136611910157996855745747138977979032556
461 165730700974822294431716888458110512850
462 201056153990085661309188220287852093117
463 243911217532508736608054473978998623869
464 295900826000702561483562061187450232842
465 358972005115871010248337833583265698852
466 435486788592482558698919068895354348460
467 528310676977102170829011929736974601015
468 640919951464222379516837830434989103798
469 777531861622219235262584969412968136354
470 943262562597041529694301857871078649204
471 1144318716587127191003490078158930742321
472 1388229934119635927611544552137929366190
473 1684130760120338489095106613325379599032
474 2043102765236209499343444446908645297884
475 2478589553828692058042363515803999646344
476 3006900230805794228871375445540974247359
477 3647820182270016608388213275975963351157
478 4425352043892235843650798245388931487511
479 5368614606489277373345100103260010136715
480 6512933323076404564348590181418940879036
481 7901163257196040491960134733556870245226
482 9585294017316378981055241346882249844258
483 11628396782552588480398685793790895142142
484 14106986336381280538441049309594894788486
485 17113886567187074767312424755135869035845
486 20761706749457091375700638031111832387002
487 25187058793349327219351436276500763874513
488 30555673399838604592696536379760774011228
489 37068606722915009157045126561179714890264
490 44969769980111049649005261294736585135490
491 54555063997427428630060502641618834979748
492 66183460779980017110459188435409730121890
493 80290447116361297648900237745004624910376
494 97404333683548372416212662500140493946221
495 118166040433005463791913300531252326333223
496 143353099226354791011264736807753090207736
497 173908772626193395603961273187513864218964
498 210977379349108404761006399748693579109228
499 255947149329219454410011661043430164244718
500 310502213326646883040072163685048999224466
501 376685674106626900150531352120458729346356
502 456976121222988197799431589865463354256732
503 554380454906536570215644252365603848202953
504 672546495339542034007557552896856174536176
505 815899594565896825018822289704609264743912
506 989808367192090220622783562892123128962876
507 1200785746541198625383789962640816708072104
508 1456732895870418079793801623684246872316822
509 1767235109197064962833873787369295871541288
510 2143920783303691862984405139489754600887644
511 2600896904526680060783836729355217955144376
512 3155277359433216630999480981720821803347329
513 3827823854772758665007038534617677977883505
514 4643723449338655490025860824322287242627417
515 5633531816530745710648644387214410371590293
516 6834317563071944336032434349855227079662397
517 8291050458942362415826235973539473951979219
518 10058285568139427378660109760908769823520507
519 12202206351443119241644514900398524424408151
520 14803103255969799302428351629753742379552527
521 17958380615403015933427832611474564182899856
522 21786204470175774598434871146092242160783361
523 26429927919514430088460731970414529403410778
524 32063459736045175799109376357628939775001071
525 38897777299117120135141810707484166854663468
526 47188827758059482550968046681023640806642687
527 57247113326198909929628156441932410630163194
528 69449319677642029171272671342330935054571345
529 84252422933611828473701022972084677434123872
530 102210803549014844407128855583559241617023728
531 123997008019190619005563726729651483777807089
532 150426935938705049094024458700066013181217867
533 182490395674750224893133835057694952956218938
534 221388172973867345028275645765179119810882406
535 268577000731926827579243692446202760617525093
536 325824114058125737508871848888135171247688287
537 395273433735767766680144520230466106302259632
538 479525856669379595153845543202550783736383504
539 581736660218394439560974398786110025353407232
540 705733668237585058566538125515761509131214321
541 856160604176290107660562584215827522312432188
542 1038650999851040332553696419273522475268651126
543 1260039172824907677581972065038701595079533532
544 1528616173556834505161215757484904355697058625
545 1854440287614960242670087606373039526944746912
546 2249713721350728009350232126603505633247006544
547 2729239578020107604504077669806056416983390048
548 3310976238238502044065052068592166442336797280
549 4016709906476087102631590194107927951468011601
550 4872870510652377210292152778323755473780443789
551 5911521510503417542845849197597277949049094915
552 7171560683328325220427821262635979544128628447
553 8700176856885159725589037020120883899825687072
554 10554617144500119968259124626493923426770433984
555 12804330865850847977609356753097429060017440528
556 15533570443870955582113434422903485477000830576
557 18844546682109457626178486491495651919337627856
558 22861256588585544728810076685603579870805639457
559 27734127099237921939102229463927335344586083246
560 33645648609741339481948078661524613293635178161
561 40817209293069664702375899924160592837763806608
562 49517386149954824427964936944281476737589493680
563 60072003294454944396224061570775400164359927664
564 72876334160305792373833418323872829224377368192
565 88409904604176747955946852746776314701378198768
566 107254451286286205582125339238271966620715826624
567 130115707874871750310935415923875546491521466081
568 157849834974109672250037645387802881836107549327
569 191495483583851011731985724049327495129742727488
570 232312692876920676434361623973488087967506534096
571 281830079026875500862326560917769564705096027776
572 341902082321330445258550622488544964869455955440
573 414778416481636237632384040812417794093833323632
574 503188321085812985588330893559194108795211522400
575 610442772372099191170456232797466075415927349024
576 740558480246970941481391648721341621907448815105
577 898408315221080613731429294109144503743556364432
578 1089903798804931625463415018158471998873299091920
579 1322216491681852301897776642131960086840805626016
580 1604046570708727802760103203049729651545901653792
581 1945948653030058248018653825538274616415357609232
582 2360727069511694485651037866350692410509190932864
583 2863915390597507471239368759909886519304402455264
584 3474358162969606662409824992707352594720329804288
585 4214916643216577603891216641428694216627778619393
586 5113324958437658217622645935537838720371334983825
587 6203228757242589843086060953696310719244634075745
588 7525445248924442144983837595828270806085439701761
589 9129491819633169947743940798878000457631341355553
590 11075440472663228195762594624416275074046698964785
591 13436167542174922681413632490766967484555889897649
592 16300082932772430152653001250676854003860292352913
593 19774441095742036815062826243384206598580622157201
594 23989357738958614418954042884812900815208400776594
595 29102682697396272636576688820350739535579735760419
596 35305911454638862479662749774047050254824369836164
597 42831356703563304624646587369875321060909809537925
598 51960848523196474572390528168753321518541150893478
599 63036288995859702768153122793169596592587849858263
600 76472456538034625449566755283936564077143739755912
601 92772539470807055602219756534613418081004032108825
602 112546980566549092417282582777997624679584654266026
603 136536338305507706836236625662810525494793055042620
604 165639021002903979472813314483161265030372790803039
605 200944932457542841952476064257208315285197160639203
606 243776289161106146577122651627083636346106970177128
607 295737137684302621149513179795836957864648121070606
608 358773426680162323917666302589006554457235970928869
609 435245883218196949367233057872943118534379710684781
610 528018422689004004969452814407556536615383742793606
611 640565403255553097386735397185554161294968397059632
612 777101741561060804222972022848364686789761452102252
613 942740762563964783695785337331525951820134242905291
614 1143685695021507625648261401588734267105331403544494
615 1387461984182613772225384053215817903451438373721622
616 1683199121866916393374897233011654861316086494792228
617 2041972548547078717292563535600661415773322465721097
618 2477218431765275666659796593473604534307702176405878
619 3005236854454279671629249407881161070923085919199484
620 3645802257709832769015984805066715232218054316259116
621 4422903999270893573238956827915079919007815768361368
622 5365644761834858356934742165246605870827950011266659
623 6509330456856365982583003566835340137933281414811153
624 7896792441038979754808387620051158041384719788532775
625 9579991562905896148183284853062812902700806283325003
626 11621964111452974865475848388663474318474128749046100
627 14099182543218250532135644982137078852781830925451978
628 17104419397672530203764894390018239923704916844651462
629 20750221655382362972780879195084955155922971160910578
630 25173125654653256546019836023000035074930786929271946
631 30538770416488114902954578188246640945758736940538605
632 37048100873344480885537581755081981083692018355349758
633 44944893314383460640345969375133139125076738143882533
634 54524884877289356788529254228195952027777544427207536
635 66146848988742331654005102616859426346251673176253636
636 80246031531960582186140747598996505199033504101705614
637 97350450929633112389905641989014745122738420946357076
638 118100672585015475362686521184099700278661392107267654
639 143273798239668731908706357207099735353592179036539600
640 173812568656156846811660935395346376299350915977078205
641 210860669529501327697198517150428357383042934332427963
642 255805562843884788337544486525561496508119672476310496
643 310330447721174145126073740753757448535897216903518032
644 376477296709916476780078843370616874882148890079771668
645 456723328241877058966219590969613380081182394181477282
646 554073779171510171356125232958628125203920815127834358
647 672174451756525646718811754142727825482582207235102012
648 815448249996194378627518111349827560836174386271641612
649 989260818652351225439179046745173937135525302248719817
650 1200121488181852553136377563895602294518568236581147780
651 1455927051025737341473922050421163791026687909057458276
652 1766257498746911486599995791174921239562585125960976308
653 2142734795456827963380074634545538114444734016040747976
654 2599458123698705022346294225515151494525916410222225258
655 3153531902870215193702419458473779619729837225350059616
656 3825706354626740840421231212616507445212419432585161628
657 4641154604622935219048749323966335006048593818856803240
658 5630415423275286444487928370711508943184119121105523057
659 6830536911457138997624305934607111237702687357686670837
660 8286463962482876339098227985028275028729375266744129113
661 10052721461229787825698223776203196268291960392705105421
662 12195456256686615789078298410748734382736694408745853397
663 14794914380385320811424592636263885877262610818968078655
664 17948446283255536005127012094737665496992448044318138271
665 21774152637882276845548243307354172942204867476903299899
666 26415307242505212064596992631320507948253461295760103139
667 32045722665780498509084921002032016891437580416865626196
668 38876259577237637506709226936639128129140267774552297033
669 47162723539720513845807454921667403157869643041296426146
670 57215445000950301671505678697870599426161603434001531567
671 69410901257636917460583977108619333808898297842747384964
672 84205815638022238272008569744883219686160908661715463619
673 102154261921277774277135581839620885183153356706033601890
674 123928414559160051122683825146975058125358224182936901789
675 150343721801665263187280817778295566073611685478697004928
676 182389444467445761696365738780327582965049265895562631124
677 221265704044683399203074965716966711094189533670114928157
678 268428427584403913048882420638634114252059176711411354303
679 325643872585354214720388099336504713678220780145412885870
680 395054773842991132180972076445124047487119077988160270834
681 479260589481013370452980646190007267173279986649875734453
682 581414851402291144730116228029628152356433343355909336343
683 705343265961451195852800053176603210481791567538846238132
684 855686987763116459040080870954898776555403253017543243060
685 1038076432230562220736446609735226359520452518913105874184
686 1259342136275245619939521575452193070614642052583220802341
687 1527770563859649532988403996090827184866701229294632156644
688 1853414436445003747708792095427331898544922009440045042514
689 2248469210287994879889764171872455946032041087428205313348
690 2727729799769008250342744818062463213205321074078081047801
691 3309144651171299395072861046092091365561754417433990384144
692 4014487917132750590925661099268694576043545984972836622276
693 4870174904895867049965741970223593352598949237990379865336
694 5908251337126429270702188579958819712119401756903485739520
695 7167593473401674890641710155411012782734043809486706541861
696 8695364037261324423630114151501839967600745038781338698505
697 10548778473706328171338906246929171866145667048221383741019
698 12797247683994323051228670418801627812177708135649589054367
699 15524977483763331301571415236864091025383029209727670102168
700 18834122134934630696644276282956182390944783627161660486312
701 22848610052067381287569937382224876966988329612134497108588
702 27718784956963248337535679352448470319587278850124876973924
703 33627036294089677608237867932407290031706680607028362713444
704 40794629767491352498879578087818302814440724416515069255305
705 49489993804752676922509692239320142782041469455296407953810
706 60038772278459005093848598486249314648187136503517791694829
707 72836019962453328145077268905050942460364844639167380749196
708 88360997446216659446648684141915033485747873848895050851364
709 107195119581151290143292960424871215876692657476056711337676
710 130043729633218671430862897807096092843680987088191208446264
711 157762514590181919768398577159544563163268265938316085420188
712 191389550884271597376636445091951853194974946545344448133632
713 232184180651762949875516023179770156009415670961859517388937
714 281674174456515626798025715419090298791457140417155925342747
715 341712946734974631891874313905339613439644276920673717037576
716 414548966697427960036951582810390555900009121559841097786772
717 502909964143644619483600266952305589385756995408736148638136
718 610105083724795909626893227377176805262449652884792859975812
719 740148813358014581057756125184272898106130639972984068422076
720 897911327948196500826154702343817461269398905911300153842264
721 1089300878832468098202791147435769314464373852456644601975896
722 1321485059484231048078307170615539470473789523418504119364833
723 1603159233940746674876332886034629769265246663835660044707580
724 1944872180675721306768207199939969382704890940756333761745156
725 2359421147373149266805158782750359938604900062316174859531928
726 2862331111516793886288759049702665527990657057724911008170064
727 3472436195241589795915652277079842333253106710609703868145876
728 4212585008599604376973408402264115231359237350582687936567952
729 5110496336547800877799563104607932692628636256493988090410216
730 6199797215380268976002354252043702007093010108950632692386112
731 7521282274864500024080661422659241477566799632369136811750945
732 9124441508805246698956994308693871246832046296204796856458525
733 11069313689480968005725201508633840629536937236961130618203681
734 13428734836854117272530360291384200568141837299277305477735609
735 16291065948370911158819119341086866096132494357002216485905673
736 19763502143612500954734771618166708429385601067611920354051549
737 23976087152212105331708180020430823660744838418194608290619501
738 29086583488759906209507743125038756353373474674688596381029717
739 35286380704140175185510097377082458360466484783639229073415829
740 42807662979004675209590758799741699838033284416008365885166774
741 51932104487809921908547753108435571084865330712213162741625299
742 63001418177290889914272954617069411714402267949174293359828980
743 76430153014145007186803314908453612282544105248451598837564589
744 92721218962515918345622434249540478378676599605453815323470262
745 112484721106128419300357205867707186808062200673065735677521811
746 136460808258340524632065385888138010468807039091260343968141312
747 165547391747100430841573129013176766822180513765948940349171029
748 200833772451240606027083226390259225182646998549588169422586858
749 243641435430245281236673985190000925020680282965596535307753632
750 295573539918055203145221738298436496105545613677809698049378931
751 358574958095346093059494692915505907819947881626983991409207911
752 435005111109491100246298007823959520102491986875435590246772500
753 527726330072007018591920442073499998481168586480889405570242762
754 640211051178135437892277647941207185289230787153955141247764573
755 776671859436475962524343033829345195758037826245215485215905885
756 942219251183576393365916162842521962580218340011164425565076914
757 1143053023634816999392999389232781187762865338560752594987663772
758 1386694459065062280629673374422782112783545621526349130295417404
759 1682267998983117483774895112721218608889091235204158828344796335
760 2040842957078463576834389805636724516709039116831142819754004246
761 2475848068187954677080687813460684036811531103706578410000776746
762 3003574398259961695672608255534184035292699690187467815571019508
763 3643785449438097133564885903475391220581930477341422956818784081
764 4420457308874573096089228937304736416339968303586638442034689966
765 5362676560058149489455145100147258378920186643597802867599766880
766 6505729583692966488848144489380039566683051982158555462587430652
767 7892424042758028769477817863802821679466597603684904592882848056
768 9574692041741146253252712976524040288355688838889063421227644391
769 11615534998819609830087102782160764805064727955720206240981648637
770 14091383067007564507167790595621448841876259059426784650982425383
771 17094957465267526202840398851155632877168958749614252466553444891
772 20738742914705623336405284754631024097750889226955675423372228972
773 25159200223580196432494513691935760514090857530542313865406918938
774 30521876783638345921949658792083018893011044174140116733006685818
775 37027606367331312410797803281463058459694096156298672195594116470
776 44920030410089341180275621145265880139160693759983576788476964526
777 54494722451830487433528334121789920427516382598872640209704608917
778 66110257450650097263615436903950685232581110554592846450686257554
779 80201640517657661770783227499572134074457369614019631101668682937
780 97296597982925187973623626350727766951626328363633883568222127828
781 118035340897630811310028911105358791049377217590589558991594356800
782 143194541121211007742523424797294551563468075121131872857001275738
783 173716417904849353664473083589377570456479119295271989590007961556
784 210744024272180666075270886870840628916173215451570661785602078026
785 255664054682270007255546508016106509055333909211554238574079042552
786 310158777134100494689074842137896429482850291810426878783783651469
787 376269034584750591952690279041847114715431402365019725234469909023
788 456470675102408253723473506541419248789888771979039356336138591960
789 553767273085333441697097132892147015741515100342673239904360719788
790 671802613982964253007126043997505806790892317933262798895955076588
791 814997155104175260749649468794800358354360393054394671752956352326
792 988713573009024614414122552384177928810839512349666661342964313882
793 1199457597281205280489393439255018557727012727801237323128566391908
794 1455121651963475287744939947271125066782346637012791561702645434460
795 1765280429097575782434014789409021496265196928823218440486429085929
796 2141549463682326374386705068450868610980628331188238165720898994952
797 2598020138784734628110178574992287859770517103167277522057037586912
798 3151787411870068069807275707884434875512032203509950761961398306700
799 3823590025853032322814401751881940682302924521443213560857353383288
800 4638587180957207583564051220676741040657284914497608232610309735614
801 5627300753966232197978173773060918969468124426847274893953274049496
802 6826758351247437478467567212315937527195137154648512217081840441404
803 8281880003210912766212507159587062593977483791661303778784485875864
804 10047160432308488548646521948996084090242680720484522219270914961793
805 12188709895990814923033227017446952701223309051672760384991813956745
806 14786730034775549551143405592439240560993826154840037907048851543657
807 17938517446645617620950681300323675436505858358349988669010249850357
808 21762107472498649943765083052205616118808782879793202229867603233645
809 26400694653455857527329134272882357159466067794290810462477912969259
810 32027995407422089725307308045943276128934192221138085356431187018755
811 38854753758669527203774875258259213656129329375786597573513027460159
812 47136633761880439969987382417846276250106813167447901352297513336023
813 57183794194188928518633904366842360340349493887932423571568428297816
814 69372504090179743441667131384289313041572802939605183956560242254561
815 84159234124955292992810536976728553602566629094445221863609093798218
816 102097751571600910613761218277052229039072487452795210532619343648575
817 123859859044099560557526301329257845157881270332588412762486946882220
818 150260553697555418084855435602140202317347338126879223224964859851479
819 182288549104977507810162743648083478446281530348017308581396046870234
820 221143302863647035013937618906342692102410859723803906154909074330393
821 268279936625527474983925001324188968352517672891251807507206587666416
822 325463730819716403502558905691031328692867166779184231078775015964232
823 394836234909896146944226037075320641734439969718789415035335258218793
824 478995469034851439937036574052049195337006598813234636898944352017011
825 581093220606452350550797792329101424376079086266029847431563695665586
826 704953079650551911108324093658359269533960356598618260194050642547806
827 855213633348107329193179529260499471851307694725497483419015502399285
828 1037502182453084837003342272908582950297589225073514792000411549269519
829 1258645485316731872017279891814925642400000084797318698155320623599912
830 1526925421942259347001204893139114610752517757688570505662527211266328
831 1852389152761975750503763798830145939445384924467754736741302227230560
832 2247225387671871897447989835905466581179824894186544151776637485449353
833 2726220856706723337385026409957515776516831492999778788675581837466364
834 3307314077313175687935824202286617200892910579265808636107145533131950
835 4012267156963727599044148295944976470426870935864426896301196175679756
836 4867480790311834928237327825205475942278178630589924379720211678079041
837 5904982972764919765240670098114058892575767855663439171720623227348560
838 7163628458081651637257949989928984534975767940460757869875943850948472
839 8690553880023910984259154883068099145728285698149328375538471062214800
840 10542943032785886734762918681898245085173670622617083112279773289445360
841 12790168420457758632210908517803711666353495516803627264056410774894713
842 15516389277164481969595934927761227442870327009803406052731992612361077
843 18823703354477657657531759130047844643763237589069214688839138145493027
844 22835970511441385256575907425992821114190108524933641585140334321172783
845 27703451301753220184813235251198297056468287155523565964860545999251824
846 33608434274518139950053905349312355949044055011187005136581169226600384
847 40772062732599791587311855339241340484019822951647763006457113077548856
848 49462616612623702571571010222309439629748108649797091381995584139763656
849 60005559645409589306333928904207684714921779272414174494275357429209016
850 72795728065867347938544837422011396381275274789217801758331768204103729
851 88312117343031829908140772349772623824145601799021207811063760816464806
852 107135820697509487565672531479820468467908839388090422499902898961957833
853 129971791208950872822248438905813289582098947913024064085043233283130616
854 157675242510704093007061674157011586638567235068547630049903779282382440
855 191283676785222232957115579506323942587611290079734635186484948508982824
856 232055739517822024544427434845565283071631113031382398192942061586531680
857 281518356130445727115998445067874722701379221681179489574937645726295336
858 341523915775855316422332373972082407416301000953593664069213003155504352
859 414319643841722664360877211394093803797576275742811465827544771359608081
860 502631761184754494269017983743866427621721877541832673638608532176072887
861 609767581882263981834690515223686896089630716929923096138511431138030720
862 739739373091214854656938954129500185671729664842947160223554664421161336
863 897414615601918947664000628286511772310296899911494790273458443703543776
864 1088698292387141180621116207792835714897908189991229425459943392212526600
865 1320754031904963205165543642638400997969539303022611823652885453799058280
866 1602272388035408932281542087706275720670918524703791313227823099525353616
867 1943796303811264248703874461678358128087219525657384977297036102680857968
868 2358115947652986913064751673072451931884795801400196443124580874040466049
869 2860747708837741407333769656816318359506517678942029116763189406216538936
870 3470515290720005389168460172040005255596148395871952212901700837354569656
871 4210254663811220243825399126169505441267878060714899373125255501775730992
872 5107669279413139191489399754456017213578174960626394163398713945479274768
873 6196367571800280372110515962248852928476083150617623588858657337691801368
874 7517121603705243577276059604887253926445622453640235412511542791490859648
875 9119393991740652509557601692593529647116540978344026725739365891016213264
876 11063190295551916758261476154271887775203760504001411703036401993697071232
877 13421306243204903671326227827344339707088556305401608146160982867737537281
878 16282053952042645078659997484160658066595073984343637262924172273954076217
879 19752569242762650467828457656200663322191222380215589475825873111308645873
880 23962823906573870711653856782370168763459100440930488848951128613084376865
881 29070493185987009903143256536826185977037275401556883012349842558563651633
882 35266860757787290275253772499075038905513358552174506601208499896255453001
883 42783982361492533852529832103962292831958981005814742013720042687746312649
884 51903376353233186362087433796555822479075521984158768739459408578762525913
885 62966566648785103120348909950827710254279282488160180442495810572459597145
886 76387872891990006791675137778172049961367838793561788588656793440197134426
887 92669926844032651870335135262332708027962912777905425851580965714151210643
888 112422496086795302338163592918533371350154135158121015327406838825459856516
889 136385319993369173049817449700903540113613235599051504176357967438544233381
890 165455813179356182952960706237729726090650511000608387188707809997107885014
891 200722673937143473228214478736804764996163869552782893789916309893363338015
892 243506656298636007080744310840767057828122850558597635803636352581109650664
893 295410032651869193442831744637322880307198372542756404543095761159872176577
894 358376599300654296563180654588150590561477655030916584985591571732331773722
895 434764472192644303354855792366322640522845493824478373574248365172528908148
896 527434399036676955225190927628655348550808406602383799425829330886680118791
897 639856895123472257563354520547188719900962541760504814753236169712139975307
898 776242215116841430613171970248092260014575777359556318929594137150684208688
899 941698028296197613566132676485821986105226288360164706118301947147792093702
900 1142420702233341086794347155222626751101390157912947599908218257041155431717
901 1385927358531977093875091466063393808929513008471545235711854609622265082381
902 1681337391183846287317923210700716689236711381014301640254950370782137258958
903 2039713990484500583881103865288867279798189036045218225240541942514469032680
904 2474478462677144887235959657655189920321034529869696598814790307686997940828
905 3001912861713821842461150585283845268871842936472080398240619638573678059619
906 3641769756837294100024505105831033988772805478232585212993855808285818034926
907 4418011971954135530637677076079126248787381255592141531923449945436502243614
908 5359710000250333144203809752564948234892607543952306238041751892584294337316
909 6502130702483674230998156907787574985993997701865253837949970149625449769033
910 7888058061015651324873248373850968794923510710336799073661824759247714851414
911 9569395452199497612191171584551685484160222091351100713916775130029852110372
912 11609109442683998196072275449840552763958411127396318939157317072544321143052
913 14083587905361143083308235107495742684279445657266015537972107380231319083880
914 17085500767074964925769385692779587953151288593738095936212727018804997143499
915 20727270523912259025793890798610621941924094071970681149206582827090815178425
916 25145282495866394556431567874689748190711475327562822681130032772527317422039
917 30504992496116727700635377627254696425604082871515128919171784665111611759355
918 37007123198600401931633534535042271411598080573380382757121754814737061528388
919 44895181259616053256506782908893240206521591283717181830783579573984776379802
920 54464576711815550868697954493444925690681813375068282544700354704014628490174
921 66073686154499549064770229943285478454640224502464601483857671776558949633226
922 80157274059860692148078465050781221138919670159730617021829779156790268717106
923 97242774826935657073847850743560809092070958753468712958042506175595265860605
924 117970045350847916099641741542171431033995052825439394107249089002686081039030
925 143115327846714310656073309416861179224706528153002216788379121775213398461069
926 173620320342831038356708687044115875650310611024517345707550906440325010220424
927 210627443541431440288342221579158147061908691597897728464672661255062071748812
928 255522624801047493544849004488051387268430282881614910295456240829046848128614
929 309987201512863044413546958981496312959112096256683192840156595533061476618788
930 376060887667362593478317188924781791413752320759147794324014267309620426252014
931 456218161727223285626395653975563012552671990918878411345844046466410694969120
932 553460936554158942700243504719123821644742949672347124303886552642005960829725
933 671430981905006858799885246261295252678738002497786518411135641644692041868755
934 814546309751721169455958555678156431903444530650788735199514763419905440329824
935 988166630094552207812667242722272307553755141675306080907065669860230450550248
936 1198794073635983648101009464301430454615663833273203809371738331115292522299060
937 1454316698437031141645858468789481841884094116154818719667194571944339370427674
938 1764303899949894186059405427770978154843206212411501912507351167477400847046462
939 2140364787617256779537722616695759946256958533170649706831365434787021273298476
940 2596582949344480065164118270671322958809630524089528118177209481253431968267596
941 3150043885898639007864361775390446780454373473761875242481096033895437929097321
942 3821474867803645866664247021651742033133111476259661760892231675540129970966076
943 4636021177555367036120205577329898465036556006910450496091746438960035411295900
944 5624187807649919243932872820052170772590311148585756576998812108820265861846148
945 6822981881285902892033882284353601227205974981858960386370550439935558384145208
946 8277298579722934033679740753143083069090069098013779106037745011879897754572882
947 10041602479672828219739146180914061223933275310425281018545096179357298601619344
948 12181967267290084999276868797609821170190233843595930725376461614144319874917820
949 14778550216634565064440987068281144128999864367685458843553671095397751843185416
950 17928594102533204072305348843671590909454237841447334086034767129293189772282737
951 21750068970336849938969595865323332942587349317706995846926998804833319743248813
952 26386090147892216975089801442653231407623905324617446343018745243793355154544713
953 32010277955542136219022674262705402180214216473203202920017557352613621016390861
954 38833259836828039111056556547059003407420191455062163306388107792549179400536069
955 47110558416550973144736297300202086476510260553075942412425852804429077155108951
956 57152160896223801364475443481116147700443535863501223430970948983786375756728295
957 69334128163513886363752312278725968870633769707097154156347410597930695631646115
958 84112678380148451428193299347007112999633634074782612999901081693328447474831531
959 102041272482681655500498648190678703909087871916229947085935848822621637247114268
960 123791341453018505439468244056002036851675221233936942932862847627454956990363081
961 150177431600910722414558045498655268259299126558554389275881592871248312144907794
962 182187709556452858633580719761360670439513343031757592195899150223861933161298655
963 221020969393280897744637276308419673846933534486819755502287258016411112561834724
964 268131527809831870889373573608621760323443795039895697914713110820840189716943675
965 325283688706055672253849017089737908023887330903396921345684059804626565473671970
966 394617816869569558617601329368463876894521100610494075502031470402557261105318085
967 478730495249718010045794628715470989894154734685276688501932552095885708580149616
968 580771767732399665546293276906149693803242606601506635587868400918507345827263884
969 704563109185418170985761520962151730654917827835443578520731248545962302817626965
970 854740540786328893400319566460806998914216954393997967796612841417210614962534759
971 1036928250342781752033900286222167669353730297425755559992511991641072548123833414
972 1257949219736062649778537562530587343200663831912575315494799249657483660685668138
973 1526080747545894520667911136139209103524107626952471013409512360478323850402611813
974 1851364436251950192921760153228947011547994957855867934755196420282950415876283783
975 2245982253121519751539361482597410888442516058466362010257227890685507676981601868
976 2724712748371237761585156111312881878336670793151638698759160442781393385561751484
977 3305484516103637427131449388219031572139913399753145334347028843699900731389015368
978 4010047625289055598117210909181183302794831227588588912867760092245863034206642333
979 4864788166075384491517530475641990301709048181982586880664372933663073649169177092
980 5901716416418166243551430761864157971062778479408342440656884925304146197293010506
981 7159665636154228893329968324394745314263442311320917756151684174961629857978678644
982 8685746383700123413997879460533954417787549938273388769561196535439953708381290457
983 10537110819952073606919639613762901429335544896129256704316392955722904124257574240
984 12783093073073593358459001096360312317778060954595618714573620846408411801239176108
985 15507805821444831120044157207673194196114731747747257413332781289189805186800927592
986 18813290337548468547175606595892225768254645147500402747679810132889705918189942960
987 22823337962837524145292817505073409071049476375088991660547570225135568952396585293
988 27688126128912908636810347980715399372758524557071578541211943158798642601565762385
989 33589842545331074880361778742579557343821303036479920981868828084102788798858772891
990 40749508181485303773691747066974302658084745347800838738020512259064418656837451535
991 49435254565185427187689626527508257075872295286074227507581708794504372365218741992
992 59972365385137500794609266141271158505207840182203484211898101750227276489476316232
993 72755458458211094153068267237631470822985901136799102926471722596635688290715492340
994 88263264279655925273112424445304665019100632884546360339804503885825493477516419932
995 107076554617204393820288031041196890787355278032046763087484314018715199395706362892
996 129899892580041917965580848546270299858404754407135754748031884243850768348102948185
997 157588018708954826602391196526985699231163278964207333289243827402649410949668710570
998 191177861254285901482752975269565256574984582000687254271112655486752199748527483461
999 231927369435771205256444722336539559233069327348488093009133167745816618405364934996
1000 281362624000956632444134348864047816308941622634562320516714876540320990770583676988
