0 0
1 21
2 33
3 45
4 57
5 69
6 81
7 93
8 105
9 117
10 129
11 141
12 153
13 165
14 177
15 189
16 201
17 213
18 225
19 237
20 249
21 261
22 273
23 285
24 297
25 309
26 321
27 333
28 345
29 357
30 369
31 381
32 393
33 405
34 417
35 429
36 441
37 453
38 465
39 477
40 489
41 501
42 513
43 525
44 537
45 549
46 561
47 573
48 585
49 597
50 609
51 621
52 633
53 645
54 657
55 669
56 681
57 693
58 705
59 717
60 729
61 741
62 753
63 765
64 777
65 789
66 801
67 813
68 825
69 837
70 849
71 861
72 873
73 885
74 897
75 909
76 921
77 933
78 945
79 957
80 969
81 981
82 993
83 1005
84 1017
85 1029
86 1041
87 1053
88 1065
89 1077
90 1089
91 1101
92 1113
93 1125
94 1137
95 1149
96 1161
97 1173
98 1185
99 1197
100 1209
101 1221
102 1233
103 1245
104 1257
105 1269
106 1281
107 1293
108 1305
109 1317
110 1329
111 1341
112 1353
113 1365
114 1377
115 1389
116 1401
117 1413
118 1425
119 1437
120 1449
121 1461
122 1473
123 1485
124 1497
125 1509
126 1521
127 1533
128 1545
129 1557
130 1569
131 1581
132 1593
133 1605
134 1617
135 1629
136 1641
137 1653
138 1665
139 1677
140 1689
141 1701
142 1713
143 1725
144 1737
145 1749
146 1761
147 1773
148 1785
149 1797
150 1809
151 1821
152 1833
153 1845
154 1857
155 1869
156 1881
157 1893
158 1905
159 1917
160 1929
161 1941
162 1953
163 1965
164 1977
165 1989
166 2001
167 2013
168 2025
169 2037
170 2049
171 2061
172 2073
173 2085
174 2097
175 2109
176 2121
177 2133
178 2145
179 2157
180 2169
181 2181
182 2193
183 2205
184 2217
185 2229
186 2241
187 2253
188 2265
189 2277
190 2289
191 2301
192 2313
193 2325
194 2337
195 2349
196 2361
197 2373
198 2385
199 2397
200 2409
201 2421
202 2433
203 2445
204 2457
205 2469
206 2481
207 2493
208 2505
209 2517
210 2529
211 2541
212 2553
213 2565
214 2577
215 2589
216 2601
217 2613
218 2625
219 2637
220 2649
221 2661
222 2673
223 2685
224 2697
225 2709
226 2721
227 2733
228 2745
229 2757
230 2769
231 2781
232 2793
233 2805
234 2817
235 2829
236 2841
237 2853
238 2865
239 2877
240 2889
241 2901
242 2913
243 2925
244 2937
245 2949
246 2961
247 2973
248 2985
249 2997
250 3009
251 3021
252 3033
253 3045
254 3057
255 3069
256 3081
257 3093
258 3105
259 3117
260 3129
261 3141
262 3153
263 3165
264 3177
265 3189
266 3201
267 3213
268 3225
269 3237
270 3249
271 3261
272 3273
273 3285
274 3297
275 3309
276 3321
277 3333
278 3345
279 3357
280 3369
281 3381
282 3393
283 3405
284 3417
285 3429
286 3441
287 3453
288 3465
289 3477
290 3489
291 3501
292 3513
293 3525
294 3537
295 3549
296 3561
297 3573
298 3585
299 3597
300 3609
301 3621
302 3633
303 3645
304 3657
305 3669
306 3681
307 3693
308 3705
309 3717
310 3729
311 3741
312 3753
313 3765
314 3777
315 3789
316 3801
317 3813
318 3825
319 3837
320 3849
321 3861
322 3873
323 3885
324 3897
325 3909
326 3921
327 3933
328 3945
329 3957
330 3969
331 3981
332 3993
333 4005
334 4017
335 4029
336 4041
337 4053
338 4065
339 4077
340 4089
341 4101
342 4113
343 4125
344 4137
345 4149
346 4161
347 4173
348 4185
349 4197
350 4209
351 4221
352 4233
353 4245
354 4257
355 4269
356 4281
357 4293
358 4305
359 4317
360 4329
361 4341
362 4353
363 4365
364 4377
365 4389
366 4401
367 4413
368 4425
369 4437
370 4449
371 4461
372 4473
373 4485
374 4497
375 4509
376 4521
377 4533
378 4545
379 4557
380 4569
381 4581
382 4593
383 4605
384 4617
385 4629
386 4641
387 4653
388 4665
389 4677
390 4689
391 4701
392 4713
393 4725
394 4737
395 4749
396 4761
397 4773
398 4785
399 4797
400 4809
401 4821
402 4833
403 4845
404 4857
405 4869
406 4881
407 4893
408 4905
409 4917
410 4929
411 4941
412 4953
413 4965
414 4977
415 4989
416 5001
417 5013
418 5025
419 5037
420 5049
421 5061
422 5073
423 5085
424 5097
425 5109
426 5121
427 5133
428 5145
429 5157
430 5169
431 5181
432 5193
433 5205
434 5217
435 5229
436 5241
437 5253
438 5265
439 5277
440 5289
441 5301
442 5313
443 5325
444 5337
445 5349
446 5361
447 5373
448 5385
449 5397
450 5409
451 5421
452 5433
453 5445
454 5457
455 5469
456 5481
457 5493
458 5505
459 5517
460 5529
461 5541
462 5553
463 5565
464 5577
465 5589
466 5601
467 5613
468 5625
469 5637
470 5649
471 5661
472 5673
473 5685
474 5697
475 5709
476 5721
477 5733
478 5745
479 5757
480 5769
481 5781
482 5793
483 5805
484 5817
485 5829
486 5841
487 5853
488 5865
489 5877
490 5889
491 5901
492 5913
493 5925
494 5937
495 5949
496 5961
497 5973
498 5985
499 5997
500 6009
501 6021
502 6033
503 6045
504 6057
505 6069
506 6081
507 6093
508 6105
509 6117
510 6129
511 6141
512 6153
513 6165
514 6177
515 6189
516 6201
517 6213
518 6225
519 6237
520 6249
521 6261
522 6273
523 6285
524 6297
525 6309
526 6321
527 6333
528 6345
529 6357
530 6369
531 6381
532 6393
533 6405
534 6417
535 6429
536 6441
537 6453
538 6465
539 6477
540 6489
541 6501
542 6513
543 6525
544 6537
545 6549
546 6561
547 6573
548 6585
549 6597
550 6609
551 6621
552 6633
553 6645
554 6657
555 6669
556 6681
557 6693
558 6705
559 6717
560 6729
561 6741
562 6753
563 6765
564 6777
565 6789
566 6801
567 6813
568 6825
569 6837
570 6849
571 6861
572 6873
573 6885
574 6897
575 6909
576 6921
577 6933
578 6945
579 6957
580 6969
581 6981
582 6993
583 7005
584 7017
585 7029
586 7041
587 7053
588 7065
589 7077
590 7089
591 7101
592 7113
593 7125
594 7137
595 7149
596 7161
597 7173
598 7185
599 7197
600 7209
601 7221
602 7233
603 7245
604 7257
605 7269
606 7281
607 7293
608 7305
609 7317
610 7329
611 7341
612 7353
613 7365
614 7377
615 7389
616 7401
617 7413
618 7425
619 7437
620 7449
621 7461
622 7473
623 7485
624 7497
625 7509
626 7521
627 7533
628 7545
629 7557
630 7569
631 7581
632 7593
633 7605
634 7617
635 7629
636 7641
637 7653
638 7665
639 7677
640 7689
641 7701
642 7713
643 7725
644 7737
645 7749
646 7761
647 7773
648 7785
649 7797
650 7809
651 7821
652 7833
653 7845
654 7857
655 7869
656 7881
657 7893
658 7905
659 7917
660 7929
661 7941
662 7953
663 7965
664 7977
665 7989
666 8001
667 8013
668 8025
669 8037
670 8049
671 8061
672 8073
673 8085
674 8097
675 8109
676 8121
677 8133
678 8145
679 8157
680 8169
681 8181
682 8193
683 8205
684 8217
685 8229
686 8241
687 8253
688 8265
689 8277
690 8289
691 8301
692 8313
693 8325
694 8337
695 8349
696 8361
697 8373
698 8385
699 8397
700 8409
701 8421
702 8433
703 8445
704 8457
705 8469
706 8481
707 8493
708 8505
709 8517
710 8529
711 8541
712 8553
713 8565
714 8577
715 8589
716 8601
717 8613
718 8625
719 8637
720 8649
721 8661
722 8673
723 8685
724 8697
725 8709
726 8721
727 8733
728 8745
729 8757
730 8769
731 8781
732 8793
733 8805
734 8817
735 8829
736 8841
737 8853
738 8865
739 8877
740 8889
741 8901
742 8913
743 8925
744 8937
745 8949
746 8961
747 8973
748 8985
749 8997
750 9009
751 9021
752 9033
753 9045
754 9057
755 9069
756 9081
757 9093
758 9105
759 9117
760 9129
761 9141
762 9153
763 9165
764 9177
765 9189
766 9201
767 9213
768 9225
769 9237
770 9249
771 9261
772 9273
773 9285
774 9297
775 9309
776 9321
777 9333
778 9345
779 9357
780 9369
781 9381
782 9393
783 9405
784 9417
785 9429
786 9441
787 9453
788 9465
789 9477
790 9489
791 9501
792 9513
793 9525
794 9537
795 9549
796 9561
797 9573
798 9585
799 9597
800 9609
801 9621
802 9633
803 9645
804 9657
805 9669
806 9681
807 9693
808 9705
809 9717
810 9729
811 9741
812 9753
813 9765
814 9777
815 9789
816 9801
817 9813
818 9825
819 9837
820 9849
821 9861
822 9873
823 9885
824 9897
825 9909
826 9921
827 9933
828 9945
829 9957
830 9969
831 9981
832 9993
833 10005
834 10017
835 10029
836 10041
837 10053
838 10065
839 10077
840 10089
841 10101
842 10113
843 10125
844 10137
845 10149
846 10161
847 10173
848 10185
849 10197
850 10209
851 10221
852 10233
853 10245
854 10257
855 10269
856 10281
857 10293
858 10305
859 10317
860 10329
861 10341
862 10353
863 10365
864 10377
865 10389
866 10401
867 10413
868 10425
869 10437
870 10449
871 10461
872 10473
873 10485
874 10497
875 10509
876 10521
877 10533
878 10545
879 10557
880 10569
881 10581
882 10593
883 10605
884 10617
885 10629
886 10641
887 10653
888 10665
889 10677
890 10689
891 10701
892 10713
893 10725
894 10737
895 10749
896 10761
897 10773
898 10785
899 10797
900 10809
901 10821
902 10833
903 10845
904 10857
905 10869
906 10881
907 10893
908 10905
909 10917
910 10929
911 10941
912 10953
913 10965
914 10977
915 10989
916 11001
917 11013
918 11025
919 11037
920 11049
921 11061
922 11073
923 11085
924 11097
925 11109
926 11121
927 11133
928 11145
929 11157
930 11169
931 11181
932 11193
933 11205
934 11217
935 11229
936 11241
937 11253
938 11265
939 11277
940 11289
941 11301
942 11313
943 11325
944 11337
945 11349
946 11361
947 11373
948 11385
949 11397
950 11409
951 11421
952 11433
953 11445
954 11457
955 11469
956 11481
957 11493
958 11505
959 11517
960 11529
961 11541
962 11553
963 11565
964 11577
965 11589
966 11601
967 11613
968 11625
969 11637
970 11649
971 11661
972 11673
973 11685
974 11697
975 11709
976 11721
977 11733
978 11745
979 11757
980 11769
981 11781
982 11793
983 11805
984 11817
985 11829
986 11841
987 11853
988 11865
989 11877
990 11889
991 11901
992 11913
993 11925
994 11937
995 11949
996 11961
997 11973
998 11985
999 11997
1000 12009
