0 1
1 0
2 0
3 1
4 0
5 1
6 1
7 0
8 1
9 1
10 1
11 1
12 1
13 1
14 1
15 2
16 1
17 1
18 2
19 1
20 2
21 2
22 1
23 2
24 2
25 2
26 2
27 2
28 2
29 2
30 3
31 2
32 2
33 3
34 2
35 3
36 3
37 2
38 3
39 3
40 3
41 3
42 3
43 3
44 3
45 4
46 3
47 3
48 4
49 3
50 4
51 4
52 3
53 4
54 4
55 4
56 4
57 4
58 4
59 4
60 5
61 4
62 4
63 5
64 4
65 5
66 5
67 4
68 5
69 5
70 5
71 5
72 5
73 5
74 5
75 6
76 5
77 5
78 6
79 5
80 6
81 6
82 5
83 6
84 6
85 6
86 6
87 6
88 6
89 6
90 7
91 6
92 6
93 7
94 6
95 7
96 7
97 6
98 7
99 7
100 7
101 7
102 7
103 7
104 7
105 8
106 7
107 7
108 8
109 7
110 8
111 8
112 7
113 8
114 8
115 8
116 8
117 8
118 8
119 8
120 9
121 8
122 8
123 9
124 8
125 9
126 9
127 8
128 9
129 9
130 9
131 9
132 9
133 9
134 9
135 10
136 9
137 9
138 10
139 9
140 10
141 10
142 9
143 10
144 10
145 10
146 10
147 10
148 10
149 10
150 11
151 10
152 10
153 11
154 10
155 11
156 11
157 10
158 11
159 11
160 11
161 11
162 11
163 11
164 11
165 12
166 11
167 11
168 12
169 11
170 12
171 12
172 11
173 12
174 12
175 12
176 12
177 12
178 12
179 12
180 13
181 12
182 12
183 13
184 12
185 13
186 13
187 12
188 13
189 13
190 13
191 13
192 13
193 13
194 13
195 14
196 13
197 13
198 14
199 13
200 14
201 14
202 13
203 14
204 14
205 14
206 14
207 14
208 14
209 14
210 15
211 14
212 14
213 15
214 14
215 15
216 15
217 14
218 15
219 15
220 15
221 15
222 15
223 15
224 15
225 16
226 15
227 15
228 16
229 15
230 16
231 16
232 15
233 16
234 16
235 16
236 16
237 16
238 16
239 16
240 17
241 16
242 16
243 17
244 16
245 17
246 17
247 16
248 17
249 17
250 17
251 17
252 17
253 17
254 17
255 18
256 17
257 17
258 18
259 17
260 18
261 18
262 17
263 18
264 18
265 18
266 18
267 18
268 18
269 18
270 19
271 18
272 18
273 19
274 18
275 19
276 19
277 18
278 19
279 19
280 19
281 19
282 19
283 19
284 19
285 20
286 19
287 19
288 20
289 19
290 20
291 20
292 19
293 20
294 20
295 20
296 20
297 20
298 20
299 20
300 21
301 20
302 20
303 21
304 20
305 21
306 21
307 20
308 21
309 21
310 21
311 21
312 21
313 21
314 21
315 22
316 21
317 21
318 22
319 21
320 22
321 22
322 21
323 22
324 22
325 22
326 22
327 22
328 22
329 22
330 23
331 22
332 22
333 23
334 22
335 23
336 23
337 22
338 23
339 23
340 23
341 23
342 23
343 23
344 23
345 24
346 23
347 23
348 24
349 23
350 24
351 24
352 23
353 24
354 24
355 24
356 24
357 24
358 24
359 24
360 25
361 24
362 24
363 25
364 24
365 25
366 25
367 24
368 25
369 25
370 25
371 25
372 25
373 25
374 25
375 26
376 25
377 25
378 26
379 25
380 26
381 26
382 25
383 26
384 26
385 26
386 26
387 26
388 26
389 26
390 27
391 26
392 26
393 27
394 26
395 27
396 27
397 26
398 27
399 27
400 27
401 27
402 27
403 27
404 27
405 28
406 27
407 27
408 28
409 27
410 28
411 28
412 27
413 28
414 28
415 28
416 28
417 28
418 28
419 28
420 29
421 28
422 28
423 29
424 28
425 29
426 29
427 28
428 29
429 29
430 29
431 29
432 29
433 29
434 29
435 30
436 29
437 29
438 30
439 29
440 30
441 30
442 29
443 30
444 30
445 30
446 30
447 30
448 30
449 30
450 31
451 30
452 30
453 31
454 30
455 31
456 31
457 30
458 31
459 31
460 31
461 31
462 31
463 31
464 31
465 32
466 31
467 31
468 32
469 31
470 32
471 32
472 31
473 32
474 32
475 32
476 32
477 32
478 32
479 32
480 33
481 32
482 32
483 33
484 32
485 33
486 33
487 32
488 33
489 33
490 33
491 33
492 33
493 33
494 33
495 34
496 33
497 33
498 34
499 33
500 34
501 34
502 33
503 34
504 34
505 34
506 34
507 34
508 34
509 34
510 35
511 34
512 34
513 35
514 34
515 35
516 35
517 34
518 35
519 35
520 35
521 35
522 35
523 35
524 35
525 36
526 35
527 35
528 36
529 35
530 36
531 36
532 35
533 36
534 36
535 36
536 36
537 36
538 36
539 36
540 37
541 36
542 36
543 37
544 36
545 37
546 37
547 36
548 37
549 37
550 37
551 37
552 37
553 37
554 37
555 38
556 37
557 37
558 38
559 37
560 38
561 38
562 37
563 38
564 38
565 38
566 38
567 38
568 38
569 38
570 39
571 38
572 38
573 39
574 38
575 39
576 39
577 38
578 39
579 39
580 39
581 39
582 39
583 39
584 39
585 40
586 39
587 39
588 40
589 39
590 40
591 40
592 39
593 40
594 40
595 40
596 40
597 40
598 40
599 40
600 41
601 40
602 40
603 41
604 40
605 41
606 41
607 40
608 41
609 41
610 41
611 41
612 41
613 41
614 41
615 42
616 41
617 41
618 42
619 41
620 42
621 42
622 41
623 42
624 42
625 42
626 42
627 42
628 42
629 42
630 43
631 42
632 42
633 43
634 42
635 43
636 43
637 42
638 43
639 43
640 43
641 43
642 43
643 43
644 43
645 44
646 43
647 43
648 44
649 43
650 44
651 44
652 43
653 44
654 44
655 44
656 44
657 44
658 44
659 44
660 45
661 44
662 44
663 45
664 44
665 45
666 45
667 44
668 45
669 45
670 45
671 45
672 45
673 45
674 45
675 46
676 45
677 45
678 46
679 45
680 46
681 46
682 45
683 46
684 46
685 46
686 46
687 46
688 46
689 46
690 47
691 46
692 46
693 47
694 46
695 47
696 47
697 46
698 47
699 47
700 47
701 47
702 47
703 47
704 47
705 48
706 47
707 47
708 48
709 47
710 48
711 48
712 47
713 48
714 48
715 48
716 48
717 48
718 48
719 48
720 49
721 48
722 48
723 49
724 48
725 49
726 49
727 48
728 49
729 49
730 49
731 49
732 49
733 49
734 49
735 50
736 49
737 49
738 50
739 49
740 50
741 50
742 49
743 50
744 50
745 50
746 50
747 50
748 50
749 50
750 51
751 50
752 50
753 51
754 50
755 51
756 51
757 50
758 51
759 51
760 51
761 51
762 51
763 51
764 51
765 52
766 51
767 51
768 52
769 51
770 52
771 52
772 51
773 52
774 52
775 52
776 52
777 52
778 52
779 52
780 53
781 52
782 52
783 53
784 52
785 53
786 53
787 52
788 53
789 53
790 53
791 53
792 53
793 53
794 53
795 54
796 53
797 53
798 54
799 53
800 54
801 54
802 53
803 54
804 54
805 54
806 54
807 54
808 54
809 54
810 55
811 54
812 54
813 55
814 54
815 55
816 55
817 54
818 55
819 55
820 55
821 55
822 55
823 55
824 55
825 56
826 55
827 55
828 56
829 55
830 56
831 56
832 55
833 56
834 56
835 56
836 56
837 56
838 56
839 56
840 57
841 56
842 56
843 57
844 56
845 57
846 57
847 56
848 57
849 57
850 57
851 57
852 57
853 57
854 57
855 58
856 57
857 57
858 58
859 57
860 58
861 58
862 57
863 58
864 58
865 58
866 58
867 58
868 58
869 58
870 59
871 58
872 58
873 59
874 58
875 59
876 59
877 58
878 59
879 59
880 59
881 59
882 59
883 59
884 59
885 60
886 59
887 59
888 60
889 59
890 60
891 60
892 59
893 60
894 60
895 60
896 60
897 60
898 60
899 60
900 61
901 60
902 60
903 61
904 60
905 61
906 61
907 60
908 61
909 61
910 61
911 61
912 61
913 61
914 61
915 62
916 61
917 61
918 62
919 61
920 62
921 62
922 61
923 62
924 62
925 62
926 62
927 62
928 62
929 62
930 63
931 62
932 62
933 63
934 62
935 63
936 63
937 62
938 63
939 63
940 63
941 63
942 63
943 63
944 63
945 64
946 63
947 63
948 64
949 63
950 64
951 64
952 63
953 64
954 64
955 64
956 64
957 64
958 64
959 64
960 65
961 64
962 64
963 65
964 64
965 65
966 65
967 64
968 65
969 65
970 65
971 65
972 65
973 65
974 65
975 66
976 65
977 65
978 66
979 65
980 66
981 66
982 65
983 66
984 66
985 66
986 66
987 66
988 66
989 66
990 67
991 66
992 66
993 67
994 66
995 67
996 67
997 66
998 67
999 67
1000 67
