0 0
1 10
2 19
3 28
4 37
5 46
6 55
7 64
8 73
9 82
10 91
11 100
12 109
13 118
14 127
15 136
16 145
17 154
18 163
19 172
20 181
21 190
22 199
23 208
24 217
25 226
26 235
27 244
28 253
29 262
30 271
31 280
32 289
33 298
34 307
35 316
36 325
37 334
38 343
39 352
40 361
41 370
42 379
43 388
44 397
45 406
46 415
47 424
48 433
49 442
50 451
51 460
52 469
53 478
54 487
55 496
56 505
57 514
58 523
59 532
60 541
61 550
62 559
63 568
64 577
65 586
66 595
67 604
68 613
69 622
70 631
71 640
72 649
73 658
74 667
75 676
76 685
77 694
78 703
79 712
80 721
81 730
82 739
83 748
84 757
85 766
86 775
87 784
88 793
89 802
90 811
91 820
92 829
93 838
94 847
95 856
96 865
97 874
98 883
99 892
100 901
101 910
102 919
103 928
104 937
105 946
106 955
107 964
108 973
109 982
110 991
111 1000
112 1009
113 1018
114 1027
115 1036
116 1045
117 1054
118 1063
119 1072
120 1081
121 1090
122 1099
123 1108
124 1117
125 1126
126 1135
127 1144
128 1153
129 1162
130 1171
131 1180
132 1189
133 1198
134 1207
135 1216
136 1225
137 1234
138 1243
139 1252
140 1261
141 1270
142 1279
143 1288
144 1297
145 1306
146 1315
147 1324
148 1333
149 1342
150 1351
151 1360
152 1369
153 1378
154 1387
155 1396
156 1405
157 1414
158 1423
159 1432
160 1441
161 1450
162 1459
163 1468
164 1477
165 1486
166 1495
167 1504
168 1513
169 1522
170 1531
171 1540
172 1549
173 1558
174 1567
175 1576
176 1585
177 1594
178 1603
179 1612
180 1621
181 1630
182 1639
183 1648
184 1657
185 1666
186 1675
187 1684
188 1693
189 1702
190 1711
191 1720
192 1729
193 1738
194 1747
195 1756
196 1765
197 1774
198 1783
199 1792
200 1801
201 1810
202 1819
203 1828
204 1837
205 1846
206 1855
207 1864
208 1873
209 1882
210 1891
211 1900
212 1909
213 1918
214 1927
215 1936
216 1945
217 1954
218 1963
219 1972
220 1981
221 1990
222 1999
223 2008
224 2017
225 2026
226 2035
227 2044
228 2053
229 2062
230 2071
231 2080
232 2089
233 2098
234 2107
235 2116
236 2125
237 2134
238 2143
239 2152
240 2161
241 2170
242 2179
243 2188
244 2197
245 2206
246 2215
247 2224
248 2233
249 2242
250 2251
251 2260
252 2269
253 2278
254 2287
255 2296
256 2305
257 2314
258 2323
259 2332
260 2341
261 2350
262 2359
263 2368
264 2377
265 2386
266 2395
267 2404
268 2413
269 2422
270 2431
271 2440
272 2449
273 2458
274 2467
275 2476
276 2485
277 2494
278 2503
279 2512
280 2521
281 2530
282 2539
283 2548
284 2557
285 2566
286 2575
287 2584
288 2593
289 2602
290 2611
291 2620
292 2629
293 2638
294 2647
295 2656
296 2665
297 2674
298 2683
299 2692
300 2701
301 2710
302 2719
303 2728
304 2737
305 2746
306 2755
307 2764
308 2773
309 2782
310 2791
311 2800
312 2809
313 2818
314 2827
315 2836
316 2845
317 2854
318 2863
319 2872
320 2881
321 2890
322 2899
323 2908
324 2917
325 2926
326 2935
327 2944
328 2953
329 2962
330 2971
331 2980
332 2989
333 2998
334 3007
335 3016
336 3025
337 3034
338 3043
339 3052
340 3061
341 3070
342 3079
343 3088
344 3097
345 3106
346 3115
347 3124
348 3133
349 3142
350 3151
351 3160
352 3169
353 3178
354 3187
355 3196
356 3205
357 3214
358 3223
359 3232
360 3241
361 3250
362 3259
363 3268
364 3277
365 3286
366 3295
367 3304
368 3313
369 3322
370 3331
371 3340
372 3349
373 3358
374 3367
375 3376
376 3385
377 3394
378 3403
379 3412
380 3421
381 3430
382 3439
383 3448
384 3457
385 3466
386 3475
387 3484
388 3493
389 3502
390 3511
391 3520
392 3529
393 3538
394 3547
395 3556
396 3565
397 3574
398 3583
399 3592
400 3601
401 3610
402 3619
403 3628
404 3637
405 3646
406 3655
407 3664
408 3673
409 3682
410 3691
411 3700
412 3709
413 3718
414 3727
415 3736
416 3745
417 3754
418 3763
419 3772
420 3781
421 3790
422 3799
423 3808
424 3817
425 3826
426 3835
427 3844
428 3853
429 3862
430 3871
431 3880
432 3889
433 3898
434 3907
435 3916
436 3925
437 3934
438 3943
439 3952
440 3961
441 3970
442 3979
443 3988
444 3997
445 4006
446 4015
447 4024
448 4033
449 4042
450 4051
451 4060
452 4069
453 4078
454 4087
455 4096
456 4105
457 4114
458 4123
459 4132
460 4141
461 4150
462 4159
463 4168
464 4177
465 4186
466 4195
467 4204
468 4213
469 4222
470 4231
471 4240
472 4249
473 4258
474 4267
475 4276
476 4285
477 4294
478 4303
479 4312
480 4321
481 4330
482 4339
483 4348
484 4357
485 4366
486 4375
487 4384
488 4393
489 4402
490 4411
491 4420
492 4429
493 4438
494 4447
495 4456
496 4465
497 4474
498 4483
499 4492
500 4501
501 4510
502 4519
503 4528
504 4537
505 4546
506 4555
507 4564
508 4573
509 4582
510 4591
511 4600
512 4609
513 4618
514 4627
515 4636
516 4645
517 4654
518 4663
519 4672
520 4681
521 4690
522 4699
523 4708
524 4717
525 4726
526 4735
527 4744
528 4753
529 4762
530 4771
531 4780
532 4789
533 4798
534 4807
535 4816
536 4825
537 4834
538 4843
539 4852
540 4861
541 4870
542 4879
543 4888
544 4897
545 4906
546 4915
547 4924
548 4933
549 4942
550 4951
551 4960
552 4969
553 4978
554 4987
555 4996
556 5005
557 5014
558 5023
559 5032
560 5041
561 5050
562 5059
563 5068
564 5077
565 5086
566 5095
567 5104
568 5113
569 5122
570 5131
571 5140
572 5149
573 5158
574 5167
575 5176
576 5185
577 5194
578 5203
579 5212
580 5221
581 5230
582 5239
583 5248
584 5257
585 5266
586 5275
587 5284
588 5293
589 5302
590 5311
591 5320
592 5329
593 5338
594 5347
595 5356
596 5365
597 5374
598 5383
599 5392
600 5401
601 5410
602 5419
603 5428
604 5437
605 5446
606 5455
607 5464
608 5473
609 5482
610 5491
611 5500
612 5509
613 5518
614 5527
615 5536
616 5545
617 5554
618 5563
619 5572
620 5581
621 5590
622 5599
623 5608
624 5617
625 5626
626 5635
627 5644
628 5653
629 5662
630 5671
631 5680
632 5689
633 5698
634 5707
635 5716
636 5725
637 5734
638 5743
639 5752
640 5761
641 5770
642 5779
643 5788
644 5797
645 5806
646 5815
647 5824
648 5833
649 5842
650 5851
651 5860
652 5869
653 5878
654 5887
655 5896
656 5905
657 5914
658 5923
659 5932
660 5941
661 5950
662 5959
663 5968
664 5977
665 5986
666 5995
667 6004
668 6013
669 6022
670 6031
671 6040
672 6049
673 6058
674 6067
675 6076
676 6085
677 6094
678 6103
679 6112
680 6121
681 6130
682 6139
683 6148
684 6157
685 6166
686 6175
687 6184
688 6193
689 6202
690 6211
691 6220
692 6229
693 6238
694 6247
695 6256
696 6265
697 6274
698 6283
699 6292
700 6301
701 6310
702 6319
703 6328
704 6337
705 6346
706 6355
707 6364
708 6373
709 6382
710 6391
711 6400
712 6409
713 6418
714 6427
715 6436
716 6445
717 6454
718 6463
719 6472
720 6481
721 6490
722 6499
723 6508
724 6517
725 6526
726 6535
727 6544
728 6553
729 6562
730 6571
731 6580
732 6589
733 6598
734 6607
735 6616
736 6625
737 6634
738 6643
739 6652
740 6661
741 6670
742 6679
743 6688
744 6697
745 6706
746 6715
747 6724
748 6733
749 6742
750 6751
751 6760
752 6769
753 6778
754 6787
755 6796
756 6805
757 6814
758 6823
759 6832
760 6841
761 6850
762 6859
763 6868
764 6877
765 6886
766 6895
767 6904
768 6913
769 6922
770 6931
771 6940
772 6949
773 6958
774 6967
775 6976
776 6985
777 6994
778 7003
779 7012
780 7021
781 7030
782 7039
783 7048
784 7057
785 7066
786 7075
787 7084
788 7093
789 7102
790 7111
791 7120
792 7129
793 7138
794 7147
795 7156
796 7165
797 7174
798 7183
799 7192
800 7201
801 7210
802 7219
803 7228
804 7237
805 7246
806 7255
807 7264
808 7273
809 7282
810 7291
811 7300
812 7309
813 7318
814 7327
815 7336
816 7345
817 7354
818 7363
819 7372
820 7381
821 7390
822 7399
823 7408
824 7417
825 7426
826 7435
827 7444
828 7453
829 7462
830 7471
831 7480
832 7489
833 7498
834 7507
835 7516
836 7525
837 7534
838 7543
839 7552
840 7561
841 7570
842 7579
843 7588
844 7597
845 7606
846 7615
847 7624
848 7633
849 7642
850 7651
851 7660
852 7669
853 7678
854 7687
855 7696
856 7705
857 7714
858 7723
859 7732
860 7741
861 7750
862 7759
863 7768
864 7777
865 7786
866 7795
867 7804
868 7813
869 7822
870 7831
871 7840
872 7849
873 7858
874 7867
875 7876
876 7885
877 7894
878 7903
879 7912
880 7921
881 7930
882 7939
883 7948
884 7957
885 7966
886 7975
887 7984
888 7993
889 8002
890 8011
891 8020
892 8029
893 8038
894 8047
895 8056
896 8065
897 8074
898 8083
899 8092
900 8101
901 8110
902 8119
903 8128
904 8137
905 8146
906 8155
907 8164
908 8173
909 8182
910 8191
911 8200
912 8209
913 8218
914 8227
915 8236
916 8245
917 8254
918 8263
919 8272
920 8281
921 8290
922 8299
923 8308
924 8317
925 8326
926 8335
927 8344
928 8353
929 8362
930 8371
931 8380
932 8389
933 8398
934 8407
935 8416
936 8425
937 8434
938 8443
939 8452
940 8461
941 8470
942 8479
943 8488
944 8497
945 8506
946 8515
947 8524
948 8533
949 8542
950 8551
951 8560
952 8569
953 8578
954 8587
955 8596
956 8605
957 8614
958 8623
959 8632
960 8641
961 8650
962 8659
963 8668
964 8677
965 8686
966 8695
967 8704
968 8713
969 8722
970 8731
971 8740
972 8749
973 8758
974 8767
975 8776
976 8785
977 8794
978 8803
979 8812
980 8821
981 8830
982 8839
983 8848
984 8857
985 8866
986 8875
987 8884
988 8893
989 8902
990 8911
991 8920
992 8929
993 8938
994 8947
995 8956
996 8965
997 8974
998 8983
999 8992
1000 9001
