0 0
1 8
2 15
3 22
4 29
5 36
6 43
7 50
8 57
9 64
10 71
11 78
12 85
13 92
14 99
15 106
16 113
17 120
18 127
19 134
20 141
21 148
22 155
23 162
24 169
25 176
26 183
27 190
28 197
29 204
30 211
31 218
32 225
33 232
34 239
35 246
36 253
37 260
38 267
39 274
40 281
41 288
42 295
43 302
44 309
45 316
46 323
47 330
48 337
49 344
50 351
51 358
52 365
53 372
54 379
55 386
56 393
57 400
58 407
59 414
60 421
61 428
62 435
63 442
64 449
65 456
66 463
67 470
68 477
69 484
70 491
71 498
72 505
73 512
74 519
75 526
76 533
77 540
78 547
79 554
80 561
81 568
82 575
83 582
84 589
85 596
86 603
87 610
88 617
89 624
90 631
91 638
92 645
93 652
94 659
95 666
96 673
97 680
98 687
99 694
100 701
101 708
102 715
103 722
104 729
105 736
106 743
107 750
108 757
109 764
110 771
111 778
112 785
113 792
114 799
115 806
116 813
117 820
118 827
119 834
120 841
121 848
122 855
123 862
124 869
125 876
126 883
127 890
128 897
129 904
130 911
131 918
132 925
133 932
134 939
135 946
136 953
137 960
138 967
139 974
140 981
141 988
142 995
143 1002
144 1009
145 1016
146 1023
147 1030
148 1037
149 1044
150 1051
151 1058
152 1065
153 1072
154 1079
155 1086
156 1093
157 1100
158 1107
159 1114
160 1121
161 1128
162 1135
163 1142
164 1149
165 1156
166 1163
167 1170
168 1177
169 1184
170 1191
171 1198
172 1205
173 1212
174 1219
175 1226
176 1233
177 1240
178 1247
179 1254
180 1261
181 1268
182 1275
183 1282
184 1289
185 1296
186 1303
187 1310
188 1317
189 1324
190 1331
191 1338
192 1345
193 1352
194 1359
195 1366
196 1373
197 1380
198 1387
199 1394
200 1401
201 1408
202 1415
203 1422
204 1429
205 1436
206 1443
207 1450
208 1457
209 1464
210 1471
211 1478
212 1485
213 1492
214 1499
215 1506
216 1513
217 1520
218 1527
219 1534
220 1541
221 1548
222 1555
223 1562
224 1569
225 1576
226 1583
227 1590
228 1597
229 1604
230 1611
231 1618
232 1625
233 1632
234 1639
235 1646
236 1653
237 1660
238 1667
239 1674
240 1681
241 1688
242 1695
243 1702
244 1709
245 1716
246 1723
247 1730
248 1737
249 1744
250 1751
251 1758
252 1765
253 1772
254 1779
255 1786
256 1793
257 1800
258 1807
259 1814
260 1821
261 1828
262 1835
263 1842
264 1849
265 1856
266 1863
267 1870
268 1877
269 1884
270 1891
271 1898
272 1905
273 1912
274 1919
275 1926
276 1933
277 1940
278 1947
279 1954
280 1961
281 1968
282 1975
283 1982
284 1989
285 1996
286 2003
287 2010
288 2017
289 2024
290 2031
291 2038
292 2045
293 2052
294 2059
295 2066
296 2073
297 2080
298 2087
299 2094
300 2101
301 2108
302 2115
303 2122
304 2129
305 2136
306 2143
307 2150
308 2157
309 2164
310 2171
311 2178
312 2185
313 2192
314 2199
315 2206
316 2213
317 2220
318 2227
319 2234
320 2241
321 2248
322 2255
323 2262
324 2269
325 2276
326 2283
327 2290
328 2297
329 2304
330 2311
331 2318
332 2325
333 2332
334 2339
335 2346
336 2353
337 2360
338 2367
339 2374
340 2381
341 2388
342 2395
343 2402
344 2409
345 2416
346 2423
347 2430
348 2437
349 2444
350 2451
351 2458
352 2465
353 2472
354 2479
355 2486
356 2493
357 2500
358 2507
359 2514
360 2521
361 2528
362 2535
363 2542
364 2549
365 2556
366 2563
367 2570
368 2577
369 2584
370 2591
371 2598
372 2605
373 2612
374 2619
375 2626
376 2633
377 2640
378 2647
379 2654
380 2661
381 2668
382 2675
383 2682
384 2689
385 2696
386 2703
387 2710
388 2717
389 2724
390 2731
391 2738
392 2745
393 2752
394 2759
395 2766
396 2773
397 2780
398 2787
399 2794
400 2801
401 2808
402 2815
403 2822
404 2829
405 2836
406 2843
407 2850
408 2857
409 2864
410 2871
411 2878
412 2885
413 2892
414 2899
415 2906
416 2913
417 2920
418 2927
419 2934
420 2941
421 2948
422 2955
423 2962
424 2969
425 2976
426 2983
427 2990
428 2997
429 3004
430 3011
431 3018
432 3025
433 3032
434 3039
435 3046
436 3053
437 3060
438 3067
439 3074
440 3081
441 3088
442 3095
443 3102
444 3109
445 3116
446 3123
447 3130
448 3137
449 3144
450 3151
451 3158
452 3165
453 3172
454 3179
455 3186
456 3193
457 3200
458 3207
459 3214
460 3221
461 3228
462 3235
463 3242
464 3249
465 3256
466 3263
467 3270
468 3277
469 3284
470 3291
471 3298
472 3305
473 3312
474 3319
475 3326
476 3333
477 3340
478 3347
479 3354
480 3361
481 3368
482 3375
483 3382
484 3389
485 3396
486 3403
487 3410
488 3417
489 3424
490 3431
491 3438
492 3445
493 3452
494 3459
495 3466
496 3473
497 3480
498 3487
499 3494
500 3501
501 3508
502 3515
503 3522
504 3529
505 3536
506 3543
507 3550
508 3557
509 3564
510 3571
511 3578
512 3585
513 3592
514 3599
515 3606
516 3613
517 3620
518 3627
519 3634
520 3641
521 3648
522 3655
523 3662
524 3669
525 3676
526 3683
527 3690
528 3697
529 3704
530 3711
531 3718
532 3725
533 3732
534 3739
535 3746
536 3753
537 3760
538 3767
539 3774
540 3781
541 3788
542 3795
543 3802
544 3809
545 3816
546 3823
547 3830
548 3837
549 3844
550 3851
551 3858
552 3865
553 3872
554 3879
555 3886
556 3893
557 3900
558 3907
559 3914
560 3921
561 3928
562 3935
563 3942
564 3949
565 3956
566 3963
567 3970
568 3977
569 3984
570 3991
571 3998
572 4005
573 4012
574 4019
575 4026
576 4033
577 4040
578 4047
579 4054
580 4061
581 4068
582 4075
583 4082
584 4089
585 4096
586 4103
587 4110
588 4117
589 4124
590 4131
591 4138
592 4145
593 4152
594 4159
595 4166
596 4173
597 4180
598 4187
599 4194
600 4201
601 4208
602 4215
603 4222
604 4229
605 4236
606 4243
607 4250
608 4257
609 4264
610 4271
611 4278
612 4285
613 4292
614 4299
615 4306
616 4313
617 4320
618 4327
619 4334
620 4341
621 4348
622 4355
623 4362
624 4369
625 4376
626 4383
627 4390
628 4397
629 4404
630 4411
631 4418
632 4425
633 4432
634 4439
635 4446
636 4453
637 4460
638 4467
639 4474
640 4481
641 4488
642 4495
643 4502
644 4509
645 4516
646 4523
647 4530
648 4537
649 4544
650 4551
651 4558
652 4565
653 4572
654 4579
655 4586
656 4593
657 4600
658 4607
659 4614
660 4621
661 4628
662 4635
663 4642
664 4649
665 4656
666 4663
667 4670
668 4677
669 4684
670 4691
671 4698
672 4705
673 4712
674 4719
675 4726
676 4733
677 4740
678 4747
679 4754
680 4761
681 4768
682 4775
683 4782
684 4789
685 4796
686 4803
687 4810
688 4817
689 4824
690 4831
691 4838
692 4845
693 4852
694 4859
695 4866
696 4873
697 4880
698 4887
699 4894
700 4901
701 4908
702 4915
703 4922
704 4929
705 4936
706 4943
707 4950
708 4957
709 4964
710 4971
711 4978
712 4985
713 4992
714 4999
715 5006
716 5013
717 5020
718 5027
719 5034
720 5041
721 5048
722 5055
723 5062
724 5069
725 5076
726 5083
727 5090
728 5097
729 5104
730 5111
731 5118
732 5125
733 5132
734 5139
735 5146
736 5153
737 5160
738 5167
739 5174
740 5181
741 5188
742 5195
743 5202
744 5209
745 5216
746 5223
747 5230
748 5237
749 5244
750 5251
751 5258
752 5265
753 5272
754 5279
755 5286
756 5293
757 5300
758 5307
759 5314
760 5321
761 5328
762 5335
763 5342
764 5349
765 5356
766 5363
767 5370
768 5377
769 5384
770 5391
771 5398
772 5405
773 5412
774 5419
775 5426
776 5433
777 5440
778 5447
779 5454
780 5461
781 5468
782 5475
783 5482
784 5489
785 5496
786 5503
787 5510
788 5517
789 5524
790 5531
791 5538
792 5545
793 5552
794 5559
795 5566
796 5573
797 5580
798 5587
799 5594
800 5601
801 5608
802 5615
803 5622
804 5629
805 5636
806 5643
807 5650
808 5657
809 5664
810 5671
811 5678
812 5685
813 5692
814 5699
815 5706
816 5713
817 5720
818 5727
819 5734
820 5741
821 5748
822 5755
823 5762
824 5769
825 5776
826 5783
827 5790
828 5797
829 5804
830 5811
831 5818
832 5825
833 5832
834 5839
835 5846
836 5853
837 5860
838 5867
839 5874
840 5881
841 5888
842 5895
843 5902
844 5909
845 5916
846 5923
847 5930
848 5937
849 5944
850 5951
851 5958
852 5965
853 5972
854 5979
855 5986
856 5993
857 6000
858 6007
859 6014
860 6021
861 6028
862 6035
863 6042
864 6049
865 6056
866 6063
867 6070
868 6077
869 6084
870 6091
871 6098
872 6105
873 6112
874 6119
875 6126
876 6133
877 6140
878 6147
879 6154
880 6161
881 6168
882 6175
883 6182
884 6189
885 6196
886 6203
887 6210
888 6217
889 6224
890 6231
891 6238
892 6245
893 6252
894 6259
895 6266
896 6273
897 6280
898 6287
899 6294
900 6301
901 6308
902 6315
903 6322
904 6329
905 6336
906 6343
907 6350
908 6357
909 6364
910 6371
911 6378
912 6385
913 6392
914 6399
915 6406
916 6413
917 6420
918 6427
919 6434
920 6441
921 6448
922 6455
923 6462
924 6469
925 6476
926 6483
927 6490
928 6497
929 6504
930 6511
931 6518
932 6525
933 6532
934 6539
935 6546
936 6553
937 6560
938 6567
939 6574
940 6581
941 6588
942 6595
943 6602
944 6609
945 6616
946 6623
947 6630
948 6637
949 6644
950 6651
951 6658
952 6665
953 6672
954 6679
955 6686
956 6693
957 6700
958 6707
959 6714
960 6721
961 6728
962 6735
963 6742
964 6749
965 6756
966 6763
967 6770
968 6777
969 6784
970 6791
971 6798
972 6805
973 6812
974 6819
975 6826
976 6833
977 6840
978 6847
979 6854
980 6861
981 6868
982 6875
983 6882
984 6889
985 6896
986 6903
987 6910
988 6917
989 6924
990 6931
991 6938
992 6945
993 6952
994 6959
995 6966
996 6973
997 6980
998 6987
999 6994
1000 7001
