0 1
1 1
2 1
3 2
4 2
5 3
6 4
7 5
8 6
9 7
10 9
11 10
12 12
13 14
14 16
15 19
16 21
17 24
18 27
19 30
20 34
21 38
22 42
23 46
24 51
25 56
26 61
27 67
28 73
29 79
30 86
31 93
32 100
33 108
34 116
35 125
36 134
37 143
38 153
39 163
40 174
41 185
42 197
43 209
44 221
45 235
46 248
47 262
48 277
49 292
50 308
51 324
52 341
53 358
54 376
55 395
56 414
57 434
58 454
59 475
60 497
61 519
62 542
63 566
64 590
65 615
66 641
67 667
68 694
69 722
70 751
71 780
72 810
73 841
74 872
75 905
76 938
77 972
78 1007
79 1042
80 1079
81 1116
82 1154
83 1193
84 1233
85 1274
86 1315
87 1358
88 1401
89 1445
90 1491
91 1537
92 1584
93 1632
94 1681
95 1731
96 1782
97 1834
98 1887
99 1941
100 1996
101 2052
102 2109
103 2167
104 2226
105 2287
106 2348
107 2410
108 2474
109 2538
110 2604
111 2671
112 2739
113 2808
114 2878
115 2950
116 3022
117 3096
118 3171
119 3247
120 3325
121 3403
122 3483
123 3564
124 3646
125 3730
126 3815
127 3901
128 3988
129 4077
130 4167
131 4258
132 4351
133 4445
134 4540
135 4637
136 4735
137 4834
138 4935
139 5037
140 5141
141 5246
142 5352
143 5460
144 5569
145 5680
146 5792
147 5906
148 6021
149 6137
150 6256
151 6375
152 6496
153 6619
154 6743
155 6869
156 6996
157 7125
158 7255
159 7387
160 7521
161 7656
162 7793
163 7931
164 8071
165 8213
166 8356
167 8501
168 8648
169 8796
170 8946
171 9098
172 9251
173 9406
174 9563
175 9722
176 9882
177 10044
178 10208
179 10373
180 10541
181 10710
182 10881
183 11054
184 11228
185 11405
186 11583
187 11763
188 11945
189 12129
190 12315
191 12502
192 12692
193 12883
194 13076
195 13272
196 13469
197 13668
198 13869
199 14072
200 14277
201 14484
202 14693
203 14904
204 15117
205 15332
206 15549
207 15768
208 15989
209 16212
210 16438
211 16665
212 16894
213 17126
214 17359
215 17595
216 17833
217 18073
218 18315
219 18559
220 18806
221 19054
222 19305
223 19558
224 19813
225 20071
226 20330
227 20592
228 20856
229 21122
230 21391
231 21662
232 21935
233 22210
234 22488
235 22768
236 23050
237 23335
238 23622
239 23911
240 24203
241 24497
242 24793
243 25092
244 25393
245 25697
246 26003
247 26311
248 26622
249 26935
250 27251
251 27569
252 27890
253 28213
254 28538
255 28867
256 29197
257 29530
258 29866
259 30204
260 30545
261 30888
262 31234
263 31582
264 31933
265 32287
266 32643
267 33002
268 33363
269 33727
270 34094
271 34463
272 34835
273 35210
274 35587
275 35967
276 36350
277 36735
278 37123
279 37514
280 37908
281 38304
282 38703
283 39105
284 39509
285 39917
286 40327
287 40740
288 41156
289 41574
290 41996
291 42420
292 42847
293 43277
294 43710
295 44146
296 44584
297 45026
298 45470
299 45917
300 46368
301 46821
302 47277
303 47736
304 48198
305 48663
306 49131
307 49602
308 50076
309 50553
310 51033
311 51516
312 52002
313 52491
314 52983
315 53479
316 53977
317 54478
318 54983
319 55490
320 56001
321 56515
322 57032
323 57552
324 58075
325 58602
326 59131
327 59664
328 60200
329 60739
330 61282
331 61827
332 62376
333 62928
334 63483
335 64042
336 64604
337 65169
338 65737
339 66309
340 66884
341 67462
342 68044
343 68629
344 69217
345 69809
346 70404
347 71002
348 71604
349 72209
350 72818
351 73430
352 74045
353 74664
354 75286
355 75912
356 76541
357 77174
358 77810
359 78449
360 79093
361 79739
362 80389
363 81043
364 81700
365 82361
366 83025
367 83693
368 84364
369 85039
370 85718
371 86400
372 87086
373 87775
374 88468
375 89165
376 89865
377 90569
378 91277
379 91988
380 92703
381 93422
382 94144
383 94870
384 95600
385 96334
386 97071
387 97812
388 98557
389 99305
390 100058
391 100814
392 101574
393 102338
394 103105
395 103877
396 104652
397 105431
398 106214
399 107001
400 107792
401 108586
402 109385
403 110187
404 110993
405 111804
406 112618
407 113436
408 114258
409 115084
410 115914
411 116748
412 117586
413 118428
414 119274
415 120124
416 120978
417 121836
418 122698
419 123564
420 124435
421 125309
422 126187
423 127070
424 127956
425 128847
426 129742
427 130641
428 131544
429 132451
430 133363
431 134278
432 135198
433 136122
434 137050
435 137983
436 138919
437 139860
438 140805
439 141754
440 142708
441 143666
442 144628
443 145594
444 146565
445 147540
446 148519
447 149503
448 150491
449 151483
450 152480
451 153481
452 154486
453 155496
454 156510
455 157529
456 158552
457 159579
458 160611
459 161647
460 162688
461 163733
462 164783
463 165837
464 166895
465 167959
466 169026
467 170098
468 171175
469 172256
470 173342
471 174432
472 175527
473 176626
474 177730
475 178839
476 179952
477 181070
478 182192
479 183319
480 184451
481 185587
482 186728
483 187874
484 189024
485 190179
486 191339
487 192503
488 193672
489 194846
490 196025
491 197208
492 198396
493 199589
494 200786
495 201989
496 203196
497 204408
498 205625
499 206846
500 208073
501 209304
502 210540
503 211781
504 213027
505 214278
506 215533
507 216794
508 218059
509 219329
510 220605
511 221885
512 223170
513 224460
514 225755
515 227055
516 228360
517 229670
518 230985
519 232305
520 233630
521 234960
522 236295
523 237635
524 238980
525 240331
526 241686
527 243046
528 244412
529 245782
530 247158
531 248539
532 249925
533 251316
534 252712
535 254114
536 255520
537 256932
538 258349
539 259771
540 261199
541 262631
542 264069
543 265512
544 266960
545 268414
546 269873
547 271337
548 272806
549 274281
550 275761
551 277246
552 278737
553 280233
554 281734
555 283241
556 284753
557 286270
558 287793
559 289321
560 290855
561 292394
562 293938
563 295488
564 297043
565 298604
566 300170
567 301742
568 303319
569 304901
570 306490
571 308083
572 309682
573 311287
574 312897
575 314513
576 316134
577 317761
578 319393
579 321031
580 322675
581 324324
582 325979
583 327639
584 329305
585 330977
586 332654
587 334337
588 336026
589 337720
590 339420
591 341126
592 342837
593 344554
594 346277
595 348006
596 349740
597 351480
598 353226
599 354977
600 356735
601 358498
602 360267
603 362042
604 363822
605 365609
606 367401
607 369199
608 371003
609 372813
610 374629
611 376450
612 378278
613 380111
614 381950
615 383796
616 385647
617 387504
618 389367
619 391236
620 393111
621 394992
622 396879
623 398772
624 400671
625 402576
626 404487
627 406404
628 408327
629 410256
630 412192
631 414133
632 416080
633 418034
634 419993
635 421959
636 423931
637 425909
638 427893
639 429883
640 431880
641 433882
642 435891
643 437906
644 439927
645 441955
646 443988
647 446028
648 448074
649 450126
650 452185
651 454250
652 456321
653 458398
654 460482
655 462572
656 464668
657 466771
658 468880
659 470995
660 473117
661 475245
662 477379
663 479520
664 481667
665 483821
666 485981
667 488147
668 490320
669 492499
670 494685
671 496877
672 499076
673 501281
674 503492
675 505711
676 507935
677 510166
678 512404
679 514648
680 516899
681 519156
682 521420
683 523690
684 525967
685 528251
686 530541
687 532838
688 535141
689 537451
690 539768
691 542091
692 544421
693 546758
694 549101
695 551451
696 553808
697 556171
698 558541
699 560918
700 563302
701 565692
702 568089
703 570493
704 572903
705 575321
706 577745
707 580176
708 582614
709 585058
710 587510
711 589968
712 592433
713 594905
714 597384
715 599870
716 602362
717 604862
718 607368
719 609881
720 612402
721 614929
722 617463
723 620004
724 622552
725 625107
726 627669
727 630238
728 632814
729 635397
730 637987
731 640584
732 643188
733 645799
734 648417
735 651043
736 653675
737 656314
738 658961
739 661614
740 664275
741 666943
742 669618
743 672300
744 674989
745 677686
746 680389
747 683100
748 685818
749 688543
750 691276
751 694015
752 696762
753 699516
754 702277
755 705046
756 707822
757 710605
758 713395
759 716193
760 718998
761 721810
762 724630
763 727457
764 730291
765 733133
766 735982
767 738838
768 741702
769 744573
770 747452
771 750338
772 753231
773 756132
774 759040
775 761956
776 764879
777 767810
778 770748
779 773693
780 776647
781 779607
782 782575
783 785551
784 788534
785 791525
786 794523
787 797529
788 800542
789 803563
790 806592
791 809628
792 812672
793 815723
794 818782
795 821849
796 824923
797 828005
798 831095
799 834192
800 837297
801 840410
802 843530
803 846658
804 849794
805 852938
806 856089
807 859248
808 862415
809 865589
810 868772
811 871962
812 875160
813 878366
814 881579
815 884801
816 888030
817 891267
818 894512
819 897765
820 901026
821 904294
822 907571
823 910855
824 914147
825 917448
826 920756
827 924072
828 927396
829 930728
830 934068
831 937416
832 940772
833 944136
834 947508
835 950888
836 954276
837 957672
838 961076
839 964488
840 967909
841 971337
842 974773
843 978218
844 981670
845 985131
846 988600
847 992077
848 995562
849 999055
850 1002557
851 1006066
852 1009584
853 1013110
854 1016644
855 1020187
856 1023737
857 1027296
858 1030863
859 1034438
860 1038022
861 1041614
862 1045214
863 1048822
864 1052439
865 1056064
866 1059697
867 1063339
868 1066989
869 1070647
870 1074314
871 1077989
872 1081672
873 1085364
874 1089064
875 1092773
876 1096490
877 1100215
878 1103949
879 1107691
880 1111442
881 1115201
882 1118969
883 1122745
884 1126529
885 1130323
886 1134124
887 1137934
888 1141753
889 1145580
890 1149416
891 1153260
892 1157113
893 1160974
894 1164844
895 1168723
896 1172610
897 1176506
898 1180410
899 1184323
900 1188245
901 1192175
902 1196114
903 1200062
904 1204018
905 1207983
906 1211957
907 1215939
908 1219930
909 1223930
910 1227939
911 1231956
912 1235982
913 1240017
914 1244060
915 1248113
916 1252174
917 1256244
918 1260323
919 1264410
920 1268507
921 1272612
922 1276726
923 1280849
924 1284981
925 1289122
926 1293271
927 1297430
928 1301597
929 1305773
930 1309959
931 1314153
932 1318356
933 1322568
934 1326789
935 1331019
936 1335258
937 1339506
938 1343763
939 1348029
940 1352304
941 1356588
942 1360881
943 1365183
944 1369494
945 1373815
946 1378144
947 1382482
948 1386830
949 1391186
950 1395552
951 1399927
952 1404311
953 1408704
954 1413106
955 1417518
956 1421938
957 1426368
958 1430807
959 1435255
960 1439713
961 1444179
962 1448655
963 1453140
964 1457634
965 1462138
966 1466651
967 1471173
968 1475704
969 1480245
970 1484795
971 1489354
972 1493923
973 1498501
974 1503088
975 1507685
976 1512291
977 1516906
978 1521531
979 1526165
980 1530809
981 1535462
982 1540124
983 1544796
984 1549477
985 1554168
986 1558868
987 1563578
988 1568297
989 1573025
990 1577764
991 1582511
992 1587268
993 1592035
994 1596811
995 1601597
996 1606392
997 1611197
998 1616011
999 1620835
1000 1625669
