0 0
1 12
2 22
3 32
4 42
5 52
6 62
7 72
8 82
9 92
10 102
11 112
12 122
13 132
14 142
15 152
16 162
17 172
18 182
19 192
20 202
21 212
22 222
23 232
24 242
25 252
26 262
27 272
28 282
29 292
30 302
31 312
32 322
33 332
34 342
35 352
36 362
37 372
38 382
39 392
40 402
41 412
42 422
43 432
44 442
45 452
46 462
47 472
48 482
49 492
50 502
51 512
52 522
53 532
54 542
55 552
56 562
57 572
58 582
59 592
60 602
61 612
62 622
63 632
64 642
65 652
66 662
67 672
68 682
69 692
70 702
71 712
72 722
73 732
74 742
75 752
76 762
77 772
78 782
79 792
80 802
81 812
82 822
83 832
84 842
85 852
86 862
87 872
88 882
89 892
90 902
91 912
92 922
93 932
94 942
95 952
96 962
97 972
98 982
99 992
100 1002
101 1012
102 1022
103 1032
104 1042
105 1052
106 1062
107 1072
108 1082
109 1092
110 1102
111 1112
112 1122
113 1132
114 1142
115 1152
116 1162
117 1172
118 1182
119 1192
120 1202
121 1212
122 1222
123 1232
124 1242
125 1252
126 1262
127 1272
128 1282
129 1292
130 1302
131 1312
132 1322
133 1332
134 1342
135 1352
136 1362
137 1372
138 1382
139 1392
140 1402
141 1412
142 1422
143 1432
144 1442
145 1452
146 1462
147 1472
148 1482
149 1492
150 1502
151 1512
152 1522
153 1532
154 1542
155 1552
156 1562
157 1572
158 1582
159 1592
160 1602
161 1612
162 1622
163 1632
164 1642
165 1652
166 1662
167 1672
168 1682
169 1692
170 1702
171 1712
172 1722
173 1732
174 1742
175 1752
176 1762
177 1772
178 1782
179 1792
180 1802
181 1812
182 1822
183 1832
184 1842
185 1852
186 1862
187 1872
188 1882
189 1892
190 1902
191 1912
192 1922
193 1932
194 1942
195 1952
196 1962
197 1972
198 1982
199 1992
200 2002
201 2012
202 2022
203 2032
204 2042
205 2052
206 2062
207 2072
208 2082
209 2092
210 2102
211 2112
212 2122
213 2132
214 2142
215 2152
216 2162
217 2172
218 2182
219 2192
220 2202
221 2212
222 2222
223 2232
224 2242
225 2252
226 2262
227 2272
228 2282
229 2292
230 2302
231 2312
232 2322
233 2332
234 2342
235 2352
236 2362
237 2372
238 2382
239 2392
240 2402
241 2412
242 2422
243 2432
244 2442
245 2452
246 2462
247 2472
248 2482
249 2492
250 2502
251 2512
252 2522
253 2532
254 2542
255 2552
256 2562
257 2572
258 2582
259 2592
260 2602
261 2612
262 2622
263 2632
264 2642
265 2652
266 2662
267 2672
268 2682
269 2692
270 2702
271 2712
272 2722
273 2732
274 2742
275 2752
276 2762
277 2772
278 2782
279 2792
280 2802
281 2812
282 2822
283 2832
284 2842
285 2852
286 2862
287 2872
288 2882
289 2892
290 2902
291 2912
292 2922
293 2932
294 2942
295 2952
296 2962
297 2972
298 2982
299 2992
300 3002
301 3012
302 3022
303 3032
304 3042
305 3052
306 3062
307 3072
308 3082
309 3092
310 3102
311 3112
312 3122
313 3132
314 3142
315 3152
316 3162
317 3172
318 3182
319 3192
320 3202
321 3212
322 3222
323 3232
324 3242
325 3252
326 3262
327 3272
328 3282
329 3292
330 3302
331 3312
332 3322
333 3332
334 3342
335 3352
336 3362
337 3372
338 3382
339 3392
340 3402
341 3412
342 3422
343 3432
344 3442
345 3452
346 3462
347 3472
348 3482
349 3492
350 3502
351 3512
352 3522
353 3532
354 3542
355 3552
356 3562
357 3572
358 3582
359 3592
360 3602
361 3612
362 3622
363 3632
364 3642
365 3652
366 3662
367 3672
368 3682
369 3692
370 3702
371 3712
372 3722
373 3732
374 3742
375 3752
376 3762
377 3772
378 3782
379 3792
380 3802
381 3812
382 3822
383 3832
384 3842
385 3852
386 3862
387 3872
388 3882
389 3892
390 3902
391 3912
392 3922
393 3932
394 3942
395 3952
396 3962
397 3972
398 3982
399 3992
400 4002
401 4012
402 4022
403 4032
404 4042
405 4052
406 4062
407 4072
408 4082
409 4092
410 4102
411 4112
412 4122
413 4132
414 4142
415 4152
416 4162
417 4172
418 4182
419 4192
420 4202
421 4212
422 4222
423 4232
424 4242
425 4252
426 4262
427 4272
428 4282
429 4292
430 4302
431 4312
432 4322
433 4332
434 4342
435 4352
436 4362
437 4372
438 4382
439 4392
440 4402
441 4412
442 4422
443 4432
444 4442
445 4452
446 4462
447 4472
448 4482
449 4492
450 4502
451 4512
452 4522
453 4532
454 4542
455 4552
456 4562
457 4572
458 4582
459 4592
460 4602
461 4612
462 4622
463 4632
464 4642
465 4652
466 4662
467 4672
468 4682
469 4692
470 4702
471 4712
472 4722
473 4732
474 4742
475 4752
476 4762
477 4772
478 4782
479 4792
480 4802
481 4812
482 4822
483 4832
484 4842
485 4852
486 4862
487 4872
488 4882
489 4892
490 4902
491 4912
492 4922
493 4932
494 4942
495 4952
496 4962
497 4972
498 4982
499 4992
500 5002
501 5012
502 5022
503 5032
504 5042
505 5052
506 5062
507 5072
508 5082
509 5092
510 5102
511 5112
512 5122
513 5132
514 5142
515 5152
516 5162
517 5172
518 5182
519 5192
520 5202
521 5212
522 5222
523 5232
524 5242
525 5252
526 5262
527 5272
528 5282
529 5292
530 5302
531 5312
532 5322
533 5332
534 5342
535 5352
536 5362
537 5372
538 5382
539 5392
540 5402
541 5412
542 5422
543 5432
544 5442
545 5452
546 5462
547 5472
548 5482
549 5492
550 5502
551 5512
552 5522
553 5532
554 5542
555 5552
556 5562
557 5572
558 5582
559 5592
560 5602
561 5612
562 5622
563 5632
564 5642
565 5652
566 5662
567 5672
568 5682
569 5692
570 5702
571 5712
572 5722
573 5732
574 5742
575 5752
576 5762
577 5772
578 5782
579 5792
580 5802
581 5812
582 5822
583 5832
584 5842
585 5852
586 5862
587 5872
588 5882
589 5892
590 5902
591 5912
592 5922
593 5932
594 5942
595 5952
596 5962
597 5972
598 5982
599 5992
600 6002
601 6012
602 6022
603 6032
604 6042
605 6052
606 6062
607 6072
608 6082
609 6092
610 6102
611 6112
612 6122
613 6132
614 6142
615 6152
616 6162
617 6172
618 6182
619 6192
620 6202
621 6212
622 6222
623 6232
624 6242
625 6252
626 6262
627 6272
628 6282
629 6292
630 6302
631 6312
632 6322
633 6332
634 6342
635 6352
636 6362
637 6372
638 6382
639 6392
640 6402
641 6412
642 6422
643 6432
644 6442
645 6452
646 6462
647 6472
648 6482
649 6492
650 6502
651 6512
652 6522
653 6532
654 6542
655 6552
656 6562
657 6572
658 6582
659 6592
660 6602
661 6612
662 6622
663 6632
664 6642
665 6652
666 6662
667 6672
668 6682
669 6692
670 6702
671 6712
672 6722
673 6732
674 6742
675 6752
676 6762
677 6772
678 6782
679 6792
680 6802
681 6812
682 6822
683 6832
684 6842
685 6852
686 6862
687 6872
688 6882
689 6892
690 6902
691 6912
692 6922
693 6932
694 6942
695 6952
696 6962
697 6972
698 6982
699 6992
700 7002
701 7012
702 7022
703 7032
704 7042
705 7052
706 7062
707 7072
708 7082
709 7092
710 7102
711 7112
712 7122
713 7132
714 7142
715 7152
716 7162
717 7172
718 7182
719 7192
720 7202
721 7212
722 7222
723 7232
724 7242
725 7252
726 7262
727 7272
728 7282
729 7292
730 7302
731 7312
732 7322
733 7332
734 7342
735 7352
736 7362
737 7372
738 7382
739 7392
740 7402
741 7412
742 7422
743 7432
744 7442
745 7452
746 7462
747 7472
748 7482
749 7492
750 7502
751 7512
752 7522
753 7532
754 7542
755 7552
756 7562
757 7572
758 7582
759 7592
760 7602
761 7612
762 7622
763 7632
764 7642
765 7652
766 7662
767 7672
768 7682
769 7692
770 7702
771 7712
772 7722
773 7732
774 7742
775 7752
776 7762
777 7772
778 7782
779 7792
780 7802
781 7812
782 7822
783 7832
784 7842
785 7852
786 7862
787 7872
788 7882
789 7892
790 7902
791 7912
792 7922
793 7932
794 7942
795 7952
796 7962
797 7972
798 7982
799 7992
800 8002
801 8012
802 8022
803 8032
804 8042
805 8052
806 8062
807 8072
808 8082
809 8092
810 8102
811 8112
812 8122
813 8132
814 8142
815 8152
816 8162
817 8172
818 8182
819 8192
820 8202
821 8212
822 8222
823 8232
824 8242
825 8252
826 8262
827 8272
828 8282
829 8292
830 8302
831 8312
832 8322
833 8332
834 8342
835 8352
836 8362
837 8372
838 8382
839 8392
840 8402
841 8412
842 8422
843 8432
844 8442
845 8452
846 8462
847 8472
848 8482
849 8492
850 8502
851 8512
852 8522
853 8532
854 8542
855 8552
856 8562
857 8572
858 8582
859 8592
860 8602
861 8612
862 8622
863 8632
864 8642
865 8652
866 8662
867 8672
868 8682
869 8692
870 8702
871 8712
872 8722
873 8732
874 8742
875 8752
876 8762
877 8772
878 8782
879 8792
880 8802
881 8812
882 8822
883 8832
884 8842
885 8852
886 8862
887 8872
888 8882
889 8892
890 8902
891 8912
892 8922
893 8932
894 8942
895 8952
896 8962
897 8972
898 8982
899 8992
900 9002
901 9012
902 9022
903 9032
904 9042
905 9052
906 9062
907 9072
908 9082
909 9092
910 9102
911 9112
912 9122
913 9132
914 9142
915 9152
916 9162
917 9172
918 9182
919 9192
920 9202
921 9212
922 9222
923 9232
924 9242
925 9252
926 9262
927 9272
928 9282
929 9292
930 9302
931 9312
932 9322
933 9332
934 9342
935 9352
936 9362
937 9372
938 9382
939 9392
940 9402
941 9412
942 9422
943 9432
944 9442
945 9452
946 9462
947 9472
948 9482
949 9492
950 9502
951 9512
952 9522
953 9532
954 9542
955 9552
956 9562
957 9572
958 9582
959 9592
960 9602
961 9612
962 9622
963 9632
964 9642
965 9652
966 9662
967 9672
968 9682
969 9692
970 9702
971 9712
972 9722
973 9732
974 9742
975 9752
976 9762
977 9772
978 9782
979 9792
980 9802
981 9812
982 9822
983 9832
984 9842
985 9852
986 9862
987 9872
988 9882
989 9892
990 9902
991 9912
992 9922
993 9932
994 9942
995 9952
996 9962
997 9972
998 9982
999 9992
1000 10002
