0 0
1 1
2 3
3 6
4 14
5 27
6 58
7 111
8 223
9 424
10 817
11 1527
12 2870
13 5279
14 9710
15 17622
16 31877
17 57100
18 101887
19 180406
20 318106
21 557453
22 972796
23 1688797
24 2920123
25 5026410
26 8619551
27 14722230
28 25057499
29 42494975
30 71832114
31 121024876
32 203286806
33 340435588
34 568496753
35 946695386
36 1572318704
37 2604620337
38 4303967991
39 7094812475
40 11668071461
41 19145625665
42 31346243117
43 51211991765
44 83494293481
45 135851400237
46 220606815930
47 357554969083
48 578440031745
49 934083024470
50 1505721089508
51 2423003050071
52 3892531857557
53 6243041523533
54 9996843883291
55 15982620492896
56 25513313739945
57 40666250753266
58 64723795589093
59 102865540395574
60 163254461674365
61 258739042857968
62 409517817903949
63 647305414472473
64 1021839273593070
65 1611030410069440
66 2536782457453554
67 3989617115561102
68 6266969254661484
69 9832677052500390
70 15409305679317382
71 24121280926956918
72 37716580361109313
73 58909762678433168
74 91912246311214836
75 143251278581721424
76 223033602180779324
77 346893510149724456
78 538993270493029627
79 836640343271910272
80 1297386451788210261
81 2009933200312154854
82 3110871214093056439
83 4810351817700282148
84 7431425693793647923
85 11470275706825584508
86 17688368032373092724
87 27253324613423500684
88 41954109377728309487
89 64529478726248551908
90 99168934646008215424
91 152276208829194456178
92 233632003770322699661
93 358163490674033022989
94 548635256692817087165
95 839738635347008546374
96 1284301754941134768291
97 1962713579957981264686
98 2997215564669187986751
99 4573560453099579148954
100 6973813984312291101797
101 10625999485553889933793
102 16179184801946827857949
103 24616977325542965865767
104 37428964189359689250714
105 56869518597233685716440
106 86348250925220887503827
107 131018704502650557435922
108 198665410843796875868654
109 301039712138051727038741
110 455870186958818086950184
111 689886577043140083439589
112 1043365491835182992315747
113 1576959776253614829623365
114 2381952946807720108159469
115 3595647739004779607125639
116 5424446359910459530030051
117 8178447855477605909522360
118 12323281254197305810563680
119 18557718918459568001676537
120 27929829980951484755907602
121 42010719110833409517337077
122 63154262851246486627350516
123 94885208353108255653834861
124 142478772151894818857110559
125 213825788478399740335375184
126 320723434043823273736975215
127 480799909188721303601893674
128 720383024938843575816380787
129 1078773502991736396682272301
130 1614607754254174015516425399
131 2415327230679746637263241941
132 3611264358580142416998314244
133 5396585823953665457026418689
134 8060416876290014102968258787
135 12033074315760888629390062976
136 17954710642289773965007042042
137 26777186357427366846115308062
138 39915186319175199397109531778
139 59470283327315688875304822201
140 88563013928989447510869883501
141 131824817113631717099803860691
142 196126474939263746364378151079
143 291656285309766511972019342255
144 433515188635017556000102656128
145 644075703785077816875848761024
146 956468935125857183134608931558
147 1419736938517151111010255985164
148 2106442627162967343263736620343
149 3123904744396091233549554666729
150 4630777934215267310584199721249
151 6861510899812098644145021631779
152 10162411373466189374067333664878
153 15044804677202342951978248280000
154 22263356492705728334704606875754
155 32931426525347517986743098108152
156 48690894670960921576256126082799
157 71962085604663736411059861285244
158 106311428305786038316658906035589
159 156992106280168989912503969213271
160 231738791818099450836858216415029
161 341935433178645832993231199928378
162 504330565774834531167509617417490
163 743555921363249792021668236680108
164 1095823164465592136384609086785286
165 1614347861401140347714350998234785
166 2377304808218643768107576494998330
167 3499491890356132908507599584910576
168 5149425154318858569796757155419002
169 7574385196711429487800208346306713
170 11137100259405963063037797971204161
171 16369453683287502837269481969250878
172 24051089232812236486166157530277870
173 35324416761908522013013018084971736
174 51862816641422079667089541229129438
175 76116567519726577463470433212621685
176 111672289837485907283875368380792918
177 163778125273643345239841172559040613
178 240110815146707721438156791620106028
179 351895725462907820346178958882154516
180 515541677046433948577019712698631161
181 755026423489027419300002165235207721
182 1105376312679269116477227755709206791
183 1617740379000738588134736743648667944
184 2366787083931905099791554606131105811
185 3461483453690193541126529341015628795
186 5060798350913777276379596357823174044
187 7396572132177153497472249473635892250
188 10806812754228851037011204882956201715
189 15784156774812316278056535344724847527
190 23046380424030930903676824818960024472
191 33638962223682880359212593679756625967
192 49084221082263575068716715286559898315
193 71598114962566796201648572713711698916
194 104405301396861509619430576324919367324
195 152196859200400250609219500432226312229
196 221795071650638568568300376555717181253
197 323118655340158319980432289764908809744
198 470583808523517490542987532361249524197
199 685137266829088622601842636785158133653
200 997205607249056358014193505253976079866
201 1450972498375660936554007029550499971383
202 2110580038280831811911608292882604472136
203 3069117156559423752755217205210496747759
204 4461643983018890216476558381737257693635
205 6484059101794224276550811676908754875573
206 9420423235885946195032969119440224242056
207 13682518591636734270847638086994699462133
208 19867107214983607341251444350349911231782
209 28838784199883277244459948056425032044701
210 41849834064022564117977065577747374050081
211 60713569231765240982431577848638602037207
212 88054947629359745925462450577193873726399
213 127672825285921505269804010163970252170185
214 185063430816134773369261993825982739524304
215 268176613398772775130993914011758547411048
216 388508083319885061382649133029780127119433
217 562676508802715374980074014091420658741572
218 814700107246190783146841373409288353458954
219 1179282126735468073995577120040005908935983
220 1706551092089722734708537961831404776574222
221 2468898208989598810390192653407167532090252
222 3570837223651927508916308327001307710185579
223 5163219196308565288031244301771795191968979
224 7463720497037903930171146144364798639090467
225 10786365088095309941633979011736443336860811
226 15584054181648786392417710723947946548246249
227 22509819038194427986825795414363051584288722
228 32505017729837586229403618253510829943855408
229 46926296801539295074604449144087142586003307
230 67728311380960654602672633283198126027452362
231 97726627524425771625638205155404688611854363
232 140975901289823765396813173450516179090432571
233 203313749848451912539156236233335156552124175
234 293142722223717375664505612430678249383420454
235 422554338767700306237185611485164104794735777
236 608944452601592097837493248583785851693644630
237 877334144519641182716610425220289897857549760
238 1263703521728127920334770931419507396925021693
239 1819779362849400181293673608553228262186407347
240 2619909025334050432123202367172937286976525274
241 3770927444832060260151823783040268364982534069
242 5426317248011329140089590935908858779340666457
243 7806525258439875947242582362102545475552191285
244 11228105379481520636978168504676740087198045219
245 16145512954795887018844902479584107536609986064
246 23211029352039837836448688128677672398140119638
247 33360662329643152015207993895957818237781046245
248 47937254565521298741165098796175091283605388021
249 68866878087757932767249529353224544522625772646
250 98911522888238617157670136547634667587287530597
251 142030998952126958206515996992362167667722027927
252 203901140983389733505880345787131960892010110150
253 292655660252008568379212828601682182798499422378
254 419947935284266684297907426083364687904879392934
255 602470393983923936434895928367195842271170065326
256 864128225240156820707416642758047364189115278880
257 1239148546249938712514837925669322689759650068803
258 1776526653362417922103150084151990949071412798590
259 2546383018370160079170288549187427137840139663656
260 3649050246457600013203606814698108787328293699965
261 5228059634492254195997229479781350297273232714491
262 7488696943349432550767094824974060667093146741132
263 10724510207169430128597598773181660620892561193698
264 15355169583578542322160751989670040447125247458779
265 21980529665470863045443170635528162179151642137769
266 31457812437662927168742594417517497413967534159361
267 45011776349428791122020055385677623994387840653602
268 64391937064243847183221873990052542969926782142072
269 92096889693250118559788005691878957856977053980398
270 131694306941497580988975679285929382198774662936295
271 188277328648701457238478044378622719160568774928026
272 269115346546818833748547519360240866148442153404698
273 384581801162909363802801860879811806060347765306496
274 549476642306617513799342584332132589584600595110388
275 784910963468064607507795965599867571884352036230389
276 1120992262926840003035871810838022342349564223408449
277 1600649706802788972580442204385098877767956186336185
278 2285082313933010698161066639443439045638343412372857
279 3261517111435815859863256263782855597952460901270991
280 4654254538923473070415276319114305553058436053383872
281 6640390948016339439225120401573737108173540364565829
282 9472194412718402765726234236119713589787692019294725
283 13508943296983536249510371280379986952822448417352775
284 19262220829530213254177024724970066576556899856022394
285 27460340504155588172277224922900353897933527414592392
286 39139965319849736976743493172800296007028946541261194
287 55776375021186394676943119317160379177807456453269042
288 79468649924384563791864523382459606159127590933685881
289 113202873742154765519966174670930273413125356973091038
290 161226156344756605995142186747488939335114875425659187
291 229578039017148476002314564569601254766553552366776453
292 326845368209600226311723560521625274682104928780056295
293 465234416518511330863959209930058895754211350994609615
294 662093303065792230719061036232522438302665480772635303
295 942073452646935934000217891568704778730745720706574811
296 1340197780060203349602393207522222411431364102623506398
297 1906215188729097433884868319541948497285745438567698804
298 2710779560540579029441644360439586890952887911102648349
299 3854216124588648018903656166928490779343424065457326057
300 5478956441231140363103820963492861969615771813672297016
301 7787174166457543148103952196682562150162536880925635136
302 11065792375186648784776796350512749621984655592259850906
303 15721937484815924484409377530828311681742945010428797321
304 22333195019061540449771372234366387580701107509513719862
305 31718834571386617631589571104938564486377140126765156253
306 45040735947595214465046779476029188933877073400973542333
307 63946377463784882371509550954248845799885916560905383590
308 90771381632020003652949781092754147048532553792974811645
309 128826376135338746196026305731248616552091784106552824749
310 182803199710629161149359892094491742900397991327264897485
311 259350007624760242742201228603429542760697773779154405790
312 367885367712152153192562133722648029076410410116636845945
313 521750468434640668624252127599811327757979812488639230216
314 739839591804406268666179777416675100548068692256561017703
315 1048906987888652861942906368890087911859128020891166206012
316 1486830214808363429246773643856115293636549303230396955387
317 2107225746911289124768783097646955452676416604437152862969
318 2985976132000492874070205023339633221754868020880096489370
319 4230458850534139360979874388133481884913960854641126868424
320 5992593026675852179829206828613584071782482984184597081081
321 8487280383644875427246514558530505627335921064626263004843
322 12018466503524474762159181385289034881305703989079833102003
323 17015965362928896972410569273194905922412356433808879579363
324 24087483999175382187702200532189849761946062988384831397620
325 34092109716559882723786937784179274393409963820220374568556
326 48244097537497291014805988572532193679902116295807353895123
327 68259427986366177967153792966165631749186683966739221521289
328 96562727877493814874368911872559320417986984480745501835777
329 136579369809903427912137610520057253650708844403507721741298
330 193147749246169884838248086562182493168876861719130322551633
331 273101092299704917716700144119360707680089785688725654638323
332 386088378077060404409838223324860238268247638577250942180425
333 545732468052444317387043239251573756729518175168562317921268
334 771263702521627313422818312844936282113645675989857165263408
335 1089823810213239880304291001701717191715775859983407001681724
336 1539714680675396372538848324645826667211310276223983917624617
337 2174978797654536115793077089696991072977779895983964593693116
338 3071856190752441761156036528466402333245208699408018277848511
339 4337885295079024196733764971395439493768294946031404274927340
340 6124728367100995048152117952948497175180530115987686717575352
341 8646243013137942867738967278635680416854527401420171901822849
342 12203941869690056773165628782331914340450260631361043005925949
343 17222855541605790028031422296943370707296841201939379319091745
344 24302042196616503190478183249439875033251711357328798585393328
345 34285715012440642232072747888364002052241790459434466222176791
346 48363388754738552399982934857341739747622388402522125569591136
347 68210864088521596222121663929175117583495213212189285954541476
348 96188673175572604694431882752023397994037506612050925329143298
349 135621365169829913544012376189715621424430968112608818297658137
350 191190505492790130096626526054532642333851535470785054408190806
351 269487607923336019709829190919785116917242342821275038938828892
352 379791971850312235801067737569957530036096389432262622822561912
353 535164746452310313882368390222802099570585249943413013926863562
354 753987560692373439171270988984668293420973697676383525490836607
355 1062126054410755333487263875239790824824164980740075065161915807
356 1495971672708498548277459616828504688046118678270421184048355269
357 2106717634931536767837978881470978263966676089895230740439695057
358 2966368975625786042328029510918803982501898016087509513365782029
359 4176188693176959972792997846371391175274227245144181840170057986
360 5878565779443230895555020321750894762055947559117247716387467162
361 8273689125637076786272429615399064721542040234781400089302220911
362 11642970122147185764554455674054648427019692669793634896778738041
363 16381940854731874989276822845486909341796080870372560920771973853
364 23046454800052198764367874754379706630727150510942535114075008038
365 32417559915656315694511758154504157701298799736957469140794391738
366 45592578111180639564528898907257189494195123130038776713752885131
367 64112959879300917039999118958598457417522629479713400513460771681
368 90143738100942435864235247776165706581658850375065427935109627147
369 126725370721225647449606500352960081021621359472894595245801926380
370 178127124536940429890414813527121955296681759834341728129587234469
371 250342873179211338130662053493740695764255784524613785599835755845
372 351786607985508928443009996298315883904603942196754385247828656973
373 494267976285539682569469060966611776469148108965088343914242548106
374 694360407518993370873005705622157372374237527772022767293083430363
375 975319559154276272407160531581849907454384309062915935399702937658
376 1369773084489000236247604505093938159290021527620910676331097774085
377 1923491332913576183505206048621360073502019165185890961555675918291
378 2700672671436881693794800931424691361545338646390603938555851998921
379 3791350840047834136049697175438909054465409700526353620512788655522
380 5321774955239967435570844435707732587928018471822372982574208323369
381 7468953198369158662526305496378325096521986648756583257302398594917
382 10481027671312006769957326141009262303342983879508556639589265400776
383 14705814636824978175961315919987105364576802246798702193556449934054
384 20630777265875409929505220868114581619310400226280588681048307454763
385 28939003181343980491171485952090245130896568680512584580498929977579
386 40587584830663162709207814222614194880545731987814000407756461607462
387 56917354351309006748597194011861569046847351192003319018366851917931
388 79806495856227737217942156779088594096419804747968931826313348723436
389 111885551862442263417303335571316116496948610239849247119511588928188
390 156838322672874465637619234156337988797160743107905497948565171346832
391 219822918319258313360591978233871393145584452936388755746724699709046
392 308060866343943800068111476649764415725215718930211777593094761684790
393 431661247485430871407402745580407258258107600344596011694185451342254
394 604773479115106419454334687506763394278847857320997995001263772564440
395 847199600761402442535880818207397633450740641005490450995287386636184
396 1186648936756948825540708012514906215805536857565667860436311208359425
397 1661890680785679419923903321738197918635057008057400422170723059810493
398 2327161449864630556707572125109658140607152572382089992676789877450381
399 3258326613769327415386445923181980076582201875902442462332888658621150
400 4561492161305212787077377597281301527603929501349635364801724369845570
401 6385040261575838449134221554666941776375544617514147941889371579229969
402 8936447552791589409667602513435642345054772533771769456889224891384677
403 12505783841067216998703081938021506729088790143673967464938570204113601
404 17498540713552466472528885344581122209806968040429821849215117215744125
405 24481488801603280144155466880050075051029728699929758165372290151862770
406 34246726546165515268996535003415536431598959227757835826343023682173320
407 47901126128630094917097393880813410860227402079194470487373175176850339
408 66991232127411044260535569146099336949087656341685966321731344701562203
409 93677643840491240442978542614589285443895807440246625181019894943160525
410 130978456898339148221351108311457458228757572513876518733688339282485439
411 183109072360680995857216240873267308709080149833377246695410159353994007
412 255956463998550421546614732243514874063889154770043458412182457801949898
413 357741028128989728574158936533371164729344252998742613564407898754508910
414 499940098825810779094179068773680673806238165584155401728332528597625904
415 698576426142392394882101164550356560358219797499958501489025881054745958
416 976015633925761168338697566976010632530183271787099998009295038075877017
417 1363473420371134612081557097684646928397695515369259188506028301452000335
418 1904512338264411812538374323148810719459446167657930784713944004381995506
419 2659918164967540470933487409800570567371893419335043696598673015412620503
420 3714499358196980225301052791742271844456241413519198826062552479879154598
421 5186566895866110708380289447084997357107734129072831966452348541186020945
422 7241149585521464349483134111741237194241908158642532649384625555256170033
423 10108414644719120478708958212714114356783597760286486290769718092267930813
424 14109340845475018976194084201942504351985510589126122988266821095962973368
425 19691495582284781676988028619963285107973541327044793796448655418939491513
426 27478886632693913300340140097385974033996157086876345571051260414552114856
427 38341417629695036275475714457966800254146348667190855575533510739354588126
428 53491645151293886437355274729347254873131377596399594456063965524042296549
429 74619553808269613905902433975261226740670557267553239858075050131461642551
430 104080266106654468642741264474902778865494678848356809414748312598907260875
431 145155448321359884090059751952593751093704283432668204157540299492438285631
432 202417304738186678373221941108900980925473365257269582324941801084712974978
433 282235363814405088381677778199901952254386871643606609463100382993675237540
434 393481993060435408648834431923103656714612295332024705480069004733719172868
435 548514461134112289915907175612384445157850947174211032399120991166839713830
436 764541795189670434909536545710202081770158312848709460504027548094425888716
437 1065526993444055300894535530048279592838850413698894427100075692397444009068
438 1484833980717697904623707703589341544033225206704886403347008730125542251331
439 2068910476223086941927212759182315544359112524830464257846338355796970799207
440 2882411621978217335739579754779649166921827094470609480628004369970320712766
441 4015327220970908780990797035530119038853947123159585231640222478324152142286
442 5592895013198803779672673578443368137297241370715899046728104780686197800274
443 7789387541263952446033512172759018212762610537462255641748947120442615501604
444 10847284106649483293361014355384757086773481253083464434841007672634918870320
445 15103928305130402978437166172164375494213942104940960257395434350984391003344
446 21028589814712213875309980651493819016246771094047551591931473285375971473539
447 29273985560717266314843376680041198950476188529787410718260636013959381793750
448 40747893735245137191861899948118105955326224268930972193982971729132557846481
449 56712686000593179079458952942894405567014030472056661982777635533297043427546
450 78923646702131548382232012222092781860537607016875261153230260351543951888736
451 109821173516573374462285104680432459732661664507956237224986036880149494607801
452 152797820184234063130197846968986158215752481599848315976195254404973506154278
453 212569284950405161361394976359268530863553591085828001432290082306471786606049
454 295689750527553100263927263554855608355905167717605187984300027388004742933924
455 411267666823785159602753848238648334590092403941179679556120028859755709291310
456 571959834026709461366317653644521756361003727772128952170941192611717656567569
457 795351845196431795182396497489105360809138119652819057989858865394409307813868
458 1105874848921280340390092539764917243785066461929348581983615812862404333818782
459 1537466720253824385197475789219930710719314066907405957287285740056254085672039
460 2137266357386178788452856208498577184093550212829392725287366504444242931320160
461 2970741651378522957883546296965885129090611690480072100594509557906916886745779
462 4128806764381339351580823983265285311789428073410020120987499294049614454307215
463 5737699409520802851805639596120796634318798970319714526776810516445520267641273
464 7972687011715807707478880208607780316282364940851819669437524196392762794241426
465 11077084033652307014287014029292319841024724451004814049930112208505579400053016
466 15388635837444590294668144223078673534609663964696970645614764402500895880586797
467 21376118818346143022452643075532210229488740423270564060994180302964561042210916
468 29690107521660391832395526324561489598026197808894274922198203982663859601791516
469 41233385229355349817267839984399265192355886005860730800040776308668362545690398
470 57258588772331550672062254576853947078205516303486538154554833224468770794304168
471 79503607778412150704360127540813761554484908861946666552730505398690639318426383
472 110379317105911361479444692527658285897920555765051618871323426315235082508387581
473 153229843457632648129857910340493292407165342108375807518316006357131933223435413
474 212693354824851134203557302712678508455615967842852939612197997428998068982657734
475 295202147417381493798464522313962754699168059181152550910763187387985008158111712
476 409675742027235219985879719456688141388154903600334397679643376752915798170495238
477 568481386049070272429052466196875838191063724421633508072125927598654485849220460
478 788764996930061815149516779916589740432231503470637692774222062542967594846307098
479 1094295233402452569497621289765451840179405472130796618833800788969362592834794348
480 1518018270511461975330203559280429591636222546264277778452635535371105423876979588
481 2105596832693538034364645216966035040214481235215761103446617424546819290731319852
482 2920312197997445176234388440156640095516431627200286780007723492590671411109580807
483 4049853419126110900784387716184504603293464537141338932524430811282964566831864863
484 5615719394589387054125673335681880947839012343168201840983990126400768805812156598
485 7786238076054000013903983496125590216300480422660536671920104623834966953369223032
486 10794592622765157809981563779490821991229389218213788688072840637644322137371259612
487 14963777648272643170274554808858098602014252988786362525695730287839350278953733062
488 20741146447996050037721431025850623109405735905192021477767875560197883254958717910
489 28746230494044478043308888807080303851408896086908963258788637906208018851326074597
490 39836923696430682655566084247351204394365081957481101456382918370547781181892944305
491 55201075455115173427721323490678596242505956137404367730492740411245122138001271051
492 76483234979663649581731682562642872950069744883469718669772004442142058591732246904
493 105960020259154135989574459670313135433471145370638322776173611982990932804727229270
494 146782742964712847187217751550836800235705089158955565436600003341957964215190946225
495 203313050585813612744728765785469348971075181251512221459614116343807326150801693504
496 281587202353123672930753457153546366898900904289170861896520476376760591311456094754
497 389958216348272964934606461297151818585055514618073515949002449907578814922914773897
498 539983948685283967297587895048082715416075934564939362043719236241946010092414133620
499 747655176553746350525015150487038330137400334565863517897851769334302154124934551648
500 1035093696294210875828787711394631983285817564055845449302756209673259185153056857757
501 1432900100673084807484095627530601790834670925453354750506003375197733455835964974842
502 1983399492588843741529940617154957779666835789324066795800493509176989424351392662116
503 2745128141500221505942951496566577813780722244158122293166606068100792582198850820723
504 3799034955719617777987391563003771846445219968830045119593875841606671183637658634865
505 5257052379670959385933175920981350246657063871474659068044637020005391625956671357152
506 7273940910917558895742529576163577344226102392764763433930210055369241007620381275148
507 10063656063448088723690305444465968130011421324533826236085500142126809510680692004146
508 13921962432949869110402431719156422812259366862537037121405871771457767142640251332451
509 19257676432387593479929906767529194103758335734996445138639159212239263067955546186656
510 26635826093674449368782972266377891512156957813849086037036711977317660624472967814130
511 36837268037607607506574345958107277626973526333103322546775134508138901457214084472255
512 50941029305824896418008258967423029905672732540672795138354403849979362492525487833108
513 70438025937082814861992292241279598282071989385690859945109919873974533833216786106323
514 97388100209644137385425094402342710585098644639400239749970338830959231113745497252170
515 134636858125144430354714143034707045515138262239694797639549903648753635065271177879231
516 186115052042227190351468696416856176925315493796887891025245691449609330958302770621288
517 257251894080675774699106062847933006514610326060870928924737815854300861776552900661141
518 355545605332576636833693720585338019415289387188953813763943713478334535480007895359180
519 491350946675238542494574088008300399900152994927507054253660271420469525057108124907893
520 678966152135189224428659578115016595218936467147335012254929899816112260094080133763172
521 938132956647100545636592977779742036391972845049959391071955038195845666932993234325785
522 1296106531374334668340581631573068948118955723887874590218980341720879613023348681580007
523 1790511597122650184608399545530156176439675337245247365612963981104740859461482432437026
524 2473282961324639895988641582059769107937966178682731499525671933470547911020537956687224
525 3416101734523917021825381748058165835467240842962696667523349684996247249138437675538769
526 4717894264604131863339950286607987521412791415263499495481790766833056273566953816949676
527 6515175550650768889097722345796245062064134083389917026879026246980756727802777531229458
528 8996314838441335128319343465805620878685616500000690650609477245876352389065870729386076
529 12421208939848607920210183083827135883030740092755214703726486638915421755369471149587306
530 17148410821719141892356545503256313677018702959384732426576008358691056664329443799682389
531 23672535382572834237888131165834836550089418842309595166259505092997269903008099248978118
532 32675831235944889271624049637791493166417909483594600626152733274788995557131217470644182
533 45099277126551318483803729455904340408111319041652932006755771381291371791409296202589634
534 62240586300842739170826607723423554836780832317542256699555318111593690368692579496471757
535 85889290982076766377987679654465199781599967243241058738956832278390343082066681108552479
536 118512920122781776942784541910740331614298903345260259349461212757831342747805904645570122
537 163513573355177623696686574361018023124138618789583130083453507407291919393779589828213967
538 225581478331869108784667728103554826065190285809617356445919047156392721370950655181052128
539 311182148639280601021480314425532027498264788165616673848661339844741160252223920598696206
540 429227568972278635950854312501097946344909661264624761056713509086249956564142843602491410
541 592000845878610665271472702434109037817795288345457725456299429157630354200736870190832700
542 816429933576554374837878762025219501194484707224557617375666490157464184839125056317129145
543 1125842068311926868487518013826983558238506778889416110893864261857841250434920579036381795
544 1552380126603716943320097408192812026017498852998352891609339679736818281888884196804750497
545 2140330359460878083870852759555129658433832090795509678830330110641418392652973966013073885
546 2950704857161889316626910892805027532114906120886153626179834920191961420469447575767456839
547 4067551310342776598194316502495971592929967111832406577303482620408541772083905861656073101
548 5606640414708028702320515377256277887280756597185319873434542158808565614444689085898473103
549 7727425855983489561278338363047416533382681642139638455310159642663018738363158316310133947
550 10649508286318288395680606955374965645699498542296522667535607486255638724829149579575929106
551 14675297543717294847167288795838508239836406519389988457869092682579972793265567233201999762
552 20221203977527662674024468272884249271688458738112560615360074498862545334014516809430871046
553 27860565295034924699322653517658969033675604258630477162240617613585781446232754693160555078
554 38382719420154772051978073653250022323171296149817946870987241593574097198058008468920025964
555 52874289588045424935116622921748523483204582645970277205278600927877317654306305749456536309
556 72831024522890724011435296843392378608042205176731027745099943831029992601443488960570302276
557 100311666635676869466302100898496866053873164084712840791386233489202727470556149806078471835
558 138149624334247756128364561694888074324462529506580079575396046122016644760055976238856549897
559 190244139910295288759926652539853497961545538744948455229213545091535493621039562022169764801
560 261960775431207873142066224826584347849964919014280166780572209757581348709204002981395757997
561 360682214561640777027678113012155311337789393105220503212813509852233689575027510597875025923
562 496565737018953968677810480075928709461682421755312896434291007709375435514027551939053188184
563 683584828644001836113908679511440741966053760321245042184169267200373037907183057812802410615
564 940961392322176872819175391698786479653124160389471158154836203905532493751691116008882677743
565 1295134873957905139387367130539622293800404029833467972811616490676237957932612241666361314572
566 1782469365639365922125159609360672469594172900081515502807540065294767730935354938819777751242
567 2452974959546510055766616154284032120499342494211439308267017566999436572300865393339262748870
568 3375422941603109773299026820671185921023881954440863121522699142545166051969249170098539395756
569 4644376323641600056988352452638011556413992151519907736684957058732957840925102621905303459551
570 6389852118722381572680394543440922395753564278055586454013287011867687868687042575827354477323
571 8790599436432464242607160176059488959262571231532815785911303181334781821285019337752928816349
572 12092345051126077572514246505269091263579619031436996842378099870143793467350280344325437841071
573 16632862823845732339987972289018504955740705668169093742131892823201567302317562117634579157050
574 22876416358285847313203681928709850376611374735076730653906476781119859135997554685143510045903
575 31461075696608004439943412561059431348900556637445302167979362966015872100820341208168150279314
576 43263714979383160068546384713683949925432898036123456331324117567806196633727577529097887491735
577 59489290895683862105730098160855930985704788852811281892715244890275719856270086618105034087632
578 81793462664256240017872732283861755310270536376889818415699418467631565610916534842274511624081
579 112450991845824544081442971084597891343197660449747223182940411211709175853320217080160279436853
580 154586995563132368122810525918347363380327364392356817699902581861736975377059744171697451966522
581 212494487549235148647884094304622333732902834692208839493002015262653346469409899014857402821180
582 292070369556244274459334704031972738216940771314740253526910681468174161163969734561443260235225
583 401414011121823132697339936322670826202574035409191893550524964511153846928425855715973976324688
584 551648985445907812490786886067309434044176328167688077243167539824818523422554285444825824378265
585 758051068224998507576308901643795852798599724165646444305038722277004710150302482343017639402025
586 1041596524092396819939764005862637194664746181130544040260297681676851483991190995929630278960400
587 1431087113288213065789291296699994528011632146222481225803358001222188197560719221348300756318418
588 1966066415062438905838910972848269389278575775108914216173837497672006886878390658202798776738337
589 2700821831844401199972479536808016990000868229101849414360409071559223484762222873786198891946887
590 3709876025270385693226420208880194939218492439463703947269907241097888825674408735909691576679014
591 5095521528796877929425910805573138176992442137047975013688610691512270390073265807618548693164368
592 6998157940227555444324527945280794659022643082534631390694722581051104504912746535820430377342949
593 9610473057899562595499506924174438646635162876272236791891432700652203154257272792605652232216183
594 13196895866287623435774701544043088231565054703224270378280109841974219580423396584636873583342318
595 18120279150798166550649717525107988861608308011950486908100335013493699666012977696614627728228351
596 24878495821389454802537857912085662368538141882367189706143467543252867209686189278408477428716699
597 34154628491487896072580984963221886930824560527966838178252773285195323209947403248755035955266403
598 46885796143924387031093222119466019177155310802032739353846010506545561951183660711314980887953338
599 64357531326369367621863886833656359761914234595031956013913922744354659855566077961882957655320759
600 88333183234822305842355026977575840265375062160767356731875367024333773890780318943222796181828738
601 121231332360851706980803977602160729339923286020358448400902059701042432430967681367070410469972764
602 166369011830668858223459038488674029208269263197462002588652655146953327360432132230656796479646735
603 228295119462186518719345465113117637834826297598388668237669549884678019378190823850121547578643284
604 313247430619587917566186356164333735672935791025941917087693855957257872596327267186453663804850657
605 429778985717831172642854201261365498733787980890549462944806994695642004157446443413443106581296776
606 589616560723298942941677940266073073232368738661243248779762207583247070663746468779006758346754735
607 808837122244202808609412554734929776517195854206658817863288804711267176798112322625554592633307738
608 1109479931628325730196714057822005154232654815125295249476213234310355654514479422494731864614234497
609 1521755458045433018067024960531833396626932711420030926089071494435876997368208015239949443552019394
610 2087071818390111407564805753211807234881028536523622115954969726551464984828883207216524072582810568
611 2862181007644529254160722351288507470988944079515557057912078705080291629621871435006552579983700905
612 3924858826629173298901515748612283489980306062729454934888321362828525684855465929353054012152683587
613 5381685252350699398628235057002176991262072769401572213411337554937102571868844732016615842493121799
614 7378701214737094694013915070042840655439487316074393962142530006414174254538611556383193733987249493
615 10116004119805551639831992303681118569344833117580424121946258616564400665540298215191510418654811254
616 13867736419956326415789309244136228826456428936272663307127528901997931666575329849154533335796581494
617 19009457966581300045798286707840532976293158940521931629757781133293310532438853673419834621202508809
618 26055626987841440412332758077927985088686931928981589996594908652631045531134655335029502954876191662
619 35710919084825449629629772827745790612876898069070574239672166489566225222639301616923870140260353247
620 48940488164228432594565731690515667089235053620988901082687999946752094241810491887099260484337025793
621 67066153852146338725804428789966408461931588937203370337583259114126338218803944093423140139702489007
622 91898072825471398984319085726624875757861377623525943965829381480051396434681586755549651384731344640
623 125914971229966185860778952765496151423386584428229376021019880544997253288358753538149827135208647365
624 172510830029319506139271262352653577063995864670402844344491499044680224972958303883004702899643278573
625 236332500702666689239372452361160289437212838615177766314850094557607681837572723279985363249346822931
626 323741735901259603837597822789376389192825569573032178683993096621833653203949690366995235415703837968
627 443447438087720234369491222893154778258176921364489257636777418898498573479140063097819002765293116160
628 607370774896721263723245491592043546848077248399009619700339026868931195611050238667794110010647181841
629 831828845244697997785741013916790499431816838274130494652000891218490115554147127262646630183304255980
630 1139154077087401327988032373980290873104252400244153495268022050029759322531838195878082817980419522678
631 1559909601368404262712434713524788787798179768359911562179633191165580974870044949701325340070463699585
632 2135919720738414586754721792364818898314455128070864979492250406977169964973621069774301781969231427151
633 2924415075073961464763670084079141448606752911018355118759913185745563476721763772909744834965961145330
634 4003702122653999503758192901303934409556069896907049636418625283338016641676487401625305003754819933951
635 5480916932889071003231418292649585142458710919779673159303070765022521655099936164912856391754405029583
636 7502628815832354034011921792391809142515205122077695810238484675215566398685560364885102334108249350536
637 10269340203568386605012985721015758347625176081222528621695615510048358263805107816703978121971640888527
638 14055313054584428667622169780794684128128713358635858141107895808144075805200630329835220705191764622541
639 19235676582661365939559722913006838255291464378364194905559215870936072773420848307172370785203959497890
640 26323487821330963981448596444806349919286446453617430734338166882125521972015463191321851274826379152332
641 36020395767475653743860383618472170049275361986461337328165938976352618623437575820351171168070487336611
642 49285897670902816419198843574857048107582363763941451814972694255054695992289793694152056958536545557062
643 67432003640098813795656384101637440434485092051694571075917261534933875259818987250261827901064265990371
644 92252622257058363917426646876270801599891111246430456162654684289683663118263029788666835851966890999099
645 126200389934271104632161290595858771640677549531198863640544952339224671005367985298701966339938904184155
646 172628324258545272226795631249950308169244172932877510294931175211408708361385399004332245339424749025824
647 236120042471462124934415107093510316108270261294181415823273482559560017688739961909401612154054132970858
648 322940972929169383965866773391483795506912719652492426686185897367723391581362977627787368562818934973320
649 441654849458944362377528411087631118644428110130527970680337104312520493863036989281079233001169205351179
650 603965975639961745146510509448611689978305989529845945209584999350947963500373856766302668134533798779731
651 825869860944500691067406132591819715402218617183781724246698075244705218139956647362465490243890726507602
652 1129225023488531278209824592281488029567205180428654754185202334417759722876462686585608999241474128368274
653 1543899972703624743174005376157205130639998018879037532428853729898441380195322273851257493503987906464420
654 2110705652147377084192647233722767087797837043300714260633284371287267303803384859351715642956542904711622
655 2885400426728654979604915085042237891136062805742155292369340746870886142326027926836628257026749489904649
656 3944159528804457097091053790840628083264674953080084968894152012008150642845163780467775854456593397355020
657 5391043951224499511270642849564488755969986489488547538332650639851329285921270040654010763660845451650250
658 7368199031187818752874750508923569510236279672898499158001419690517236574341105989048920755249641529117499
659 10069779421059599230665689085963689054055955728522077126917900582956741104231032999080558889456335865534057
660 13760960727505331233434984347672806855142112877185090985249036429826013542714574727889560414278321917686410
661 18803894194614457746600249118128059847796113823585193497508514197843939262023216943521049735948294719390014
662 25693137658549466042143783674278703460875206252310722648460210358340755799476350493418996992438630706626356
663 35104019410880081934222654350449824180244373002788948911906555708081333790493090137488260358438380200767860
664 47958651306240285454809238002190882984853380938048551847464389860597581943024068537137514091410667039385630
665 65516025794718771065790599662529692557395101818164684172412255289953172377312103937203833033836828712031171
666 89494975386394476486636253291975550259297224752124280998898893062827627177732819058591938013052156149252131
667 122241969832836566048471160982128279344448937438390467760503761506260384127292384557854521191911124152840940
668 166960086153793354350096074944239195474433959044250360838227097918719546995386193527403235854870903528889908
669 228021432311181556388454229743100199723387372256084961744486267109096358763486073265779028401520309431965496
670 311393413132568015592927802285487601930399972191035229156880643644579800937554253750520973421330999440745364
671 425220282545417285064148135623045439034609474608003946189834574491176965715016010355572035402341238786853935
672 580616499970794449765766735917506247773195661353479453153421335912974382007975705200006114048746591930358305
673 792748960053486347978630999765461379097154008152870148758159672884964377462659376813340523706569216630943057
674 1082313182404375400408767390791568640211271612070767529505163186848105387864834019555625835101139627420649730
675 1477546741652123469099755282743456567189459258307120126142113688642450784819275324589847724151864418104363300
676 2016975280523196431033765184503877989681013171141933170230393460943415972183380479750191192429974784411620151
677 2753157411348910852814546407330220651942200702520131441277923569330272699195212245974950971943415120973556489
678 3757791529508662471027873482890477573059849178687121628581256097189970715274985808399022138606248172411465809
679 5128679375185988934174102823098958970707328243598681806663947607001351787843666960731903654180477809079844619
680 6999220810310498269778705569383459804195456164853893681169145300686082118875387889150361430260877081993797996
681 9551359056830991325461759102967611813329648818743776965703129165087614343963462380793773663898976904522971528
682 13033229177581377934600164586837175369642721733940766989840453586119796282414450396320746062734096624486700784
683 17783217025548912254986614655305866820682200090766655018931974686538772560585418959585948802930375256218456439
684 24262755032802838709330010058055249139551773931539796416037110164396080396958650614618105366873989527998333888
685 33101024694588628179753260844543597421942428753972971065502270904417411969174861491361444331145817358287971172
686 45155884640582230152788227336634986163526568284817064937769223595069429485988198428222532689694187903140285358
687 61596908361611236439503214545853084767091287726034354157132549556223040745801715478433756028115201354085308369
688 84018547552950139382948663228937401842890763500503125521600106928805693932120896982751949618556872832467714439
689 114594340657828380267291270383017570607951677019386843217737074240539037785575307151855636290637100727970293666
690 156287040659456253793284421353153946601720736730966677629925754612438097786524075136689618590400108410999412252
691 213134921446738332223406960716222405791354701506989073328610417790427097282485897585621885875489303015333025177
692 290641855408614554712307282485444337555507447232212323283029933306740878104537756946121285747677050739884790624
693 396308740353770596900619723723133097114666135921359786749952852341920590079791189186326215689660441421916594707
694 540357449700208787816821390547182801752946407263517559101810476150206318768650829266565471530956249071738746534
695 736716990384965157751123228195310834051841042458151990282864430740461190295565846061059650988987097664557484382
696 1004366753105060326875253890632192699072376990404401027434328308280393520843485635701153793127799719747353887135
697 1369166044816296642874503884007469814560161229236114361237623647007064951010515274883721883890412415667599656695
698 1866345790811184369437439866284237705449926171541853251555826920968672486061739548616125922959718282388474357757
699 2543901855624700471492681434409054940052074005192072197152456611752165131791234424518602087694201587954923687916
700 3467215943684560189120496375424364042207786471179516697217362887147762954654665101604000305683509619135489286636
701 4725347781042470408448448173628409851895624061546443213821492663359897613057069729129136963359664570185067174286
702 6439602511719951675288967201510903129919828185713666979822259351073066668195682765122979801936284914114443243329
703 8775195287816420439218635643756296857325536475055334439069467908923867076347647741312258267054552852220327050077
704 11957131733061878147114579765738464664933105665279146797652634248664515407724878495854029913410169945029647964144
705 16291826663219228500398620672759205042248189704973730035665544467707442699998029300082501083911453180541007681203
706 22196532710161714938027843706493415259559378552954479376602087653275830252739702635139902280637861341653640825780
707 30239397757152510062811537086760851344945692138500897689518892208520825057703091320350531615297506406311207515272
708 41193986662641092979651757560679656576245119489953208904948836964224381476695156095687470754448454071050619783498
709 56113485602481704078589431634849725892972641723784391870951555629988965296798619449458813691330499037535790436473
710 76431688358144166679208634473491595231911924762433507615000862749395981919510342715453801485285393054883556616411
711 104100422313264303563295302368044473155719966132652486589954717590584564344712488462493090786057831646808480287163
712 141776551560065534478536583723689211894878414613104087528131788153828014730337091008785424994258279273241475042067
713 193076426769474706000799868620853200885451075023129582093237080012021403962014274531092240271326414830869003179985
714 262922086876984779075612767837477319549416372677006426368256707473013267940639837615688281830696211411320982399645
715 358012268619854863188701605373363263789025757292632446034491360455356463578102130273138869159250247022322260048374
716 487463179010297258735875689784365277571695619869741745084093233733394043320280995413262268379657271171090641230366
717 663680164455306232769662591103429011078416452366744724000375643421271801170572909361364311405505259586850829023932
718 903543406301743074146109668662308956977073266680654744128304825110983516867858479824445997285252381976573286487531
719 1230020676121644694313705724822609072195159139436344355043550820303224022101233912914979435065905177643731252328671
720 1674360835327814159340171065465212915653286172179161589733228818288294589613718012689925067105554997427431093469096
721 2279077022320558314866005229510406809436792005041508948610729730808604304511966285863773973919818140283130078158349
722 3102003580747357849767961714565113473299872471008445521744258755388626547558486870000523926173052951403823502038400
723 4221812870345814618129458325588987762443136388904198754686330649962198817415527168311194885441735387381958823221382
724 5745516848576863792854358376448581638948268583821235192175883819116368451284368485353110562487044521534021352277420
725 7818666869564156519498823303396032196028769422337983910217965038488832840174090721104265967524646054922590009775661
726 10639221384513824192762210157474315120967620017114772137703121716723592383412708910000238926112007201598355850659601
727 14476399416484146668365211039025140956548104376510391355611751462140652267262589024360555510999677300162993070875151
728 19696310790979734272506252689783277570865522534252062542096905149506126166558363209245550872713961873134678592125806
729 26796796912241409356816094598248651925305205694816515495155079884449901168328828530209818416171976880732381872358169
730 36454789201908914351706886641835453121828567224568147925765465396521703522114646489553563848973680300286807022464614
731 49590678759078203351487245635060587083780071101341899547981697269412760231552729256027858809090030638148725147492606
732 67455802526459257610231026512073825091180011684688815078659365260664894003361648076774337584464027955638697828157186
733 91751340572650626235048758537720043862252206275019627083063472251166891660068179642386592391102597766924488835458680
734 124789892848757093465668224305896126449133672075232731524588114948510379845567525615440092244656411715976425535766848
735 169715042768304015607131378482257014938457227446493643162492082661173577250637090617617240559212828243505138287762479
736 230799700460760850849453713482183164946222216628003372543145592434806595325553083799751234852248127467701027167402032
737 313851468178038611183269183357933161616359014298388451269858049946869973384448144744274184792068188717167541311818170
738 426763386776831659291006605636993196294668707639132711749335280222664339687084001300210489197232525925214731041054716
739 580262159329614143692916194862537082450991377048199265632313693850155005604060882917083606571082394587911299213607324
740 788924600506333355186777709294988244119215207064981650728903909520733204067856862467313654361654697936164829062352786
741 1072558385824140829544872565192334716900523441258607729930463307728210718048414851469876621198424580217307410087058010
742 1458077558391884827155396224971579949130231250692942830839488199927454813934852089101852039631290525852922481065778748
743 1982049929475115787828215877076292222581246826967821701315111045547834419916595110232203109719062107806671569057272652
744 2694156876065026403736760386133678329882477888213383200505162751520589218170010331875354433484681277409182959070305128
745 3661892054938822132541999112417117727440080781890893255572549656219023678649428344210820061116593283828084829061990433
746 4976942307461376917197966321336749917118631162712921837131584055705043728638845392792363221436559022553219641844197044
747 6763852498149257703926345738109288710442629578049835438180294588433120372793558538100386203677390423285345404045058486
748 9191791104099691116905116382650095889087051719708939098802532704493708902803718987920699993205841320375375946455707204
749 12490525254716587265346701205390222195714185233652088294062732182264713750869949465311045163165202234938686303779474537
750 16972110019404344311789208504086116830950740733037027886111118458682590064612564276728945530344198523059470542205761875
751 23060334234675472459744108326502454964840018659876662607640356022521366895605409826135809841112261102158332815006848333
752 31330694484307954343232150462253005032500321530734297047947169569536715968579197276881798365323654574490975589237704331
753 42564658403416880090426419476935985836890973217175757157872961678233075587877438471887871379713706110059292174170784497
754 57823321050411864508988851964451309806687687443400808118945722996083408991356886811916437769898845806162821328031056351
755 78547379512697869967080073643813181695792032466471156029312030766218294219826078861461410137385555687921238994485043706
756 106692821832499090197228622696951348311625130169250968290200414042719130345993547411816734398250039456039958409247305465
757 144915078174403969768487878075478262503510920346079971852619380775663771644817077328708029986672668792485924328104832588
758 196818928709042924325684798529510754889575239837480625525549948175213003669609501243249380064146261918600641902736638619
759 267297629454551260518688683280458508219022630478353312748781349728601111982087237755066597256444479237788733525493228952
760 362993081213931734306748432876580398169368046095689537284436438094947295312121059356939546182661101317390470783821922807
761 492920209945477060188826118210921140213448062636188043873835723443410531761897978412563684253390208746972323733400080043
762 669314109806726108185116208278521298568626202752256900855320694981984653264855082591793914571745522588375627867986585133
763 908779360239935897549547863967944157355860541883732143273026028745253032386066164663261655612205769624775783247809483794
764 1233849214467020441486873369932092924307825737975156890447678980786095490132266828802029180931517398047310591922347388529
765 1675100710004033914270703562807118340521296500694549320806085328633663256348055674137036524863511201975011652386372265598
766 2274023752438701730480137547009504227062323740903589984172085140706419602357477525486935928841667161568254918595301943001
767 3086912724057468687727023853351554657969624388833604748835837626294437127728874670255449480396881778518573522812657006042
768 4190144745141175129027670201597354079935419877138276352310314658081106920549786283068446234310476118376457938645018972133
769 5687338279855450237127391303967677443106709720601114791277054502688325137723120699351637492448237687533063398024367936579
770 7719061407432863404511951348782797040526310179615452440708205596989355369067191621230335536358065767959738644505328257140
771 10475997137362127585394066656217814789135443045077637417759859831125240189385673047783687692260006110524483165773832290304
772 14216795808094214958556586932195531151024554037958288171615566679238389157052335169476376235362854002723255275994072729818
773 19292281915196739889542797136200290152036258528860124555264071992959886621488903086816684223806984685522924521351282926398
774 26178275369704742846301775207903691669894450380505396276877652286890737866085296608052007383416518067668807694242866185680
775 35520090332726008522409098403874223571990894330545566148367501116795935567881035934279556133393897098696347524985994421156
776 48192863107918718661538641125491894775809622659758845732448758581835137489523849437786139202647511502634307190321133214864
777 65383335287891726883441834271757072962418967067590855228006762881330126406108319140431830648176767827841449565795976189918
778 88700716507069496032827681839914814304629096370185561390169205088149909605081844233273791526955278684847972268774324029673
779 120326958398558650484779776140151181236522305795211880616695792687934099234842343314769300222014612534621218593018099319389
780 163220439123032748441878024839968638276734944955150232603084047964677112493238542427766105699011715783341244528111755354855
781 221392026658160124637274916163964848904452744593645385290319864756584190200899908042241606182170991387559981359711398698946
782 300279220060029681527908060779564104890509652863022649731513025454811077848797909111940318051882655763436220330434487373850
783 407253185611651975923736427724178830362316196164166272775420588489262296365745528381668588391191006058473302566750426413587
784 552305854761967731328971562862407052781794934973957655420390236247260230669207184059648939989036832639569316309051606233367
785 748980978000692836845958550490202656940922424285127628737880387716228109208218443581555167690879733621652611696081311309174
786 1015635683543519507240019759142939234404651374860116013873979146066084051650958546109913033519625525006226692597024743966798
787 1377149770750693357549821948676726523157953826902290997248735082036242008310090623919263158324170690173732141498185257509196
788 1867241516988064905078061134119629186499575313962242200888575836984433722377649697067378667329380586259416114054215422423723
789 2531605039698365754872764614994293579759317102408427629182478005671837215853922519709196171813938790051520923958136048054189
790 3432160439706102934318858949758874276753587552133150147375891992495945383443013503359124533239539272731144242848640989670035
791 4652811105298082004891939359259055993617286723604336417944098382203802111154030150742643629399684072530079839398305653625868
792 6307242219126620472259223091712691211818533491968567217264308184986745691024406682369433785907219373143670574123220537653722
793 8549483593035889329982464391849234604227068822858023962123646814230669646964755887991471169055225459039957344499512421485226
794 11588215933781191051007868257908811736147535208584458169773679789110677312764977284083741472006574801591126883969776200053521
795 15706146163405852626771680041669221241647362121487783651647731075324170673199102821872592894896937322196073273232223753244500
796 21286246483320637591356308492870470803074208325429363944959368702754919805819241779221948125868681410382057836515661973545300
797 28847286784413976727119930205638083046040444960204585367633133152388969760715247770332175712610831224242017360840676045671263
798 39091949360727900872483945918663252881627323723243153944382986784117935912665621265300714426461506045534032801423690650999936
799 52971977960573460822593661708946050774901636859379640341708631045064419222410527424983244932808432908029498018481545964066641
800 71776387267834812978229044032726605769712790242893250540646443699126706440370514085643823791348222266824248318942409335528173
801 97250889060213547022937368260986931546337106888956113090458893994820606283659720885336379970838550613018011760881575752788826
802 131759573851094845033850704192155258332719826056932576661594587978659761103844205087994183162748583112795362130684273347288743
803 178503787346443195748219837062772651611920384950069329820435967539265231846837402072329386734650237456964361305209311655193095
804 241818418753080626367891115907914929854172285430953585572293141260622150410232235792416570903367363639620422477784999361682617
805 327572958737293118592519073548946255359942779302043337360937265225026725053609784723458432657851839099086976090450407576579490
806 443714345820471826121381718163219545543778125356668905006236843112464434481594807792517487010202305158789884425356629914377226
807 601001690009508206162630240111132205165391282325078672946502200937643724166290013785332274713754871945736504368225096030406812
808 814000643503183669632382262813615585689793070854731003083734374033918330522166721953382902677019028161828113254858936235692752
809 1102429105904026727976167299966767125478577061792437211328624222128585048687322069370483575541528282609607019015522660402818694
810 1492978303613038992680064535085361861193872120372210660217723107228900947089517587622954769356138536296820126819310994840863991
811 2021777042263048028102337127040271268693604267077041055868248359856785973579468554315467720481304580529828075830855870560331318
812 2737726116026924836672151257573213825027552842028846323050267952954966159042716074848579126180297729865899535603980420945001088
813 3707009902145929472894262954328144808375879507866133171828077603168295762387785520696026118422864546029787914673902808180105262
814 5019200419371523729350358617387660309217180196677062935669620357063076208823823698765755524625358913305068618522255991600519394
815 6795515516789446035579356925502724168032475050761645011891102744236969809478115245841531258204240212621257873938830754499501978
816 9199990810680545317009616938260807846986987698053138122942052333911454181968664001951799536093117720258089693537551973911933716
817 12454592650616569188357631250735624205022740368886711757001289028244968530711002261595671446538005754948051333831310438217501763
818 16859661303996518400634101842377022790264568392202363450056972808361626547674036782476249174212270727234566322285490188791977201
819 22821562859305435240435791070956164792463669199513017332343297120185371722814896701204600555231566803594029911422694249825178187
820 30890089878797815360005212998287949177118105678340161097560456829262249058540264165736969860054328417430805083022785562438337245
821 41809045150486952883062214938587913106851340547271444288325752305326364235526810168722487020443983740242636360117623177289706998
822 56584651852999824473497485418298483545613791395993000975982928127900804401340355427704264478315964449226197066847419568990260847
823 76578067672341829142471310029091250475169859767360758768927191398462327165735819428449349552182567492452389122293558648978361090
824 103630489374202821615676252960053488608215944184242289658890240886953323119535089054187124658683437125007155272313204761007775102
825 140232320017849921061826131192904396931931972581631925835802663735606439579444939971457681671143371083128512341950372500654715791
826 189751906304652152860529708185009365918041074924033270102987597742327065770518922050946485612838379527625212218567713141685860097
827 256744807209744905335306396242990132931584134056409710425344133854967829441619310161810402887852327573830690158102663860945357370
828 347371925206651334509505516809635014246965890324746764268596238775161176563835856821172018762560089908032680106311861011967681310
829 469964791054370777012054297717829291510996169837617828283314234621324972307271949778591325677598657990343626141028492939415859253
830 635789751417787694677467707244254031139797958245793905404618264954637462818108603956597135124787991724014343614886533470356108591
831 860080993632718925140318211808138736849014887699450587658392656878875394698542372016772549509190960558424395039003126845989109771
832 1163436912574429001025231238003708830162441374741616937010789503284826765320486934196210841918401033394053126950873524957708687408
833 1573707521468527745338313712097336175972487611185529714515824401873998295278318924405798518910773498392842756709023607826967931109
834 2128545457849106189966392013990685885785612475164660369098003030002223982805987127740961256219631061880287220101616818434978477161
835 2878853724863701446600910266930925634628814212736027206653446932462598343541855462981383216679987337206726240093642050433715648816
836 3893445156416342477564832922692916287567812210392685872473006386801621090844480374043082790448676386400920274259694431036244331228
837 5265339156148515142350167849169140917289213681009296335155104358297387102850923055991973494487658568692833739797964945234570300105
838 7120270600478412559191013250852790834316611987167351035255287048600581193606912257729918478444218608082174406431415743400293877972
839 9628187506252443580297583482716187266106894536182525874786699823373810283569246089992954153174307400047630773465983824775357237502
840 13018786495529390300517750084910301517919953273514686812509722247624245089097560923268886092701945189210739550613210074407465179428
841 17602503021179461345788618330694756521442315668948810443596080844566313772155016844440493607093071540601223013584097679507467741567
842 23798870199477619338823066635425335627205194808020096259765489296225369491601866657811490760357186236561534098906845054881060070385
843 32174831091168711002096304914555622913861797294630004483263611263384717689842441736976266533770892801171375596095818914284017514491
844 43496495347042501622063276493240050325021309892377240271166416091572641433887936126274407735664337174736155340203538153978187557166
845 58799054586549067763611796102323844460267574069140935060830363299322643664853822423857424427062739305552448881512528103751196607016
846 79481222798042517585960695490910760789563277017622423653238471339465818093793705436059186035618566149005511311070014796309238625717
847 107432798382274780869709365833912590066641141841520559285317917975876877229948992127590174278569129058541140824228880670300549109558
848 145206955588723341851851516349238959784454964953981237913090459496115992409580454831890138320962528551162545103486119723236275973889
849 196252938159782487983881813154641720221158602213456937078796669670728718293292287242627658551992804836674236960439647647261095304846
850 265230315626783009626080539159759447230451127511994045454199468647698256872440947882754496886976990723766450687284231895618112311816
851 358433370358186819376518856097797851165623644694100990664852424669538802255993286662650038764389932428058966842895763553176887151859
852 484364182443661996569267543140329160885549932927719158676981637242617868155116214993841776581525937042315630159710687904704515451050
853 654506475645325761308444424019091656042582318212937748778296706942861123176815327627093006061626471054785895139121621742220791983831
854 884370503217951120277701530192384074263590064651990266094686672628028866715435953887797615018108031602379176629657842090296541107443
855 1194903836524793717014789169276281910287800539082823624137630905466787204431455370587786601318564913753861876168198700687984426717085
856 1614396097037367249076428697530193463447628377810213547305560198324246570968701980047822570398733758423068475901331949990526942492526
857 2181050445274083202047893621701606214909967133984121117433751919753387969511421071181577138351588657191570227438923902239767970617144
858 2946455058055790439601327291646762224011451105535427104692469241604908745531631005020669066844654286696876495284884208679389094426360
859 3980269350944970838970244659180634008317538212251253547143289936491746833326760332475230090379639665050361868124812358923117204419851
860 5376549704819413339048863724281807557747919210112259106972688132581274598816754326958743684774779852750810030764596242650350419720550
861 7262287873884837335600875625287215490732512780388116837855634381178899265021804719726056557704429926151412780043494954113781449808933
862 9808935493672813975318271674518506644276369767024683048498165841277633479033320361981535481192668293123420021424434975182077884346699
863 13247958253671082600446563400421064662571302498150226349892137571847948486152346365066754771554815173449283200230956753153805702078252
864 17891827736817493484366126589830389217792505470756730610262387470533379669065224646979263361044581152169632087398236656407136576532991
865 24162350545127242187480595609797773510994774269792674967155094098198445729975015509249174969834550235319506724508188846579958066970520
866 32628897478066388627231941955559979960351720848719967920415077680044175263974416043311426743364978977717031993891649430975270175808921
867 44059990014151133434723910730591893056171408723402352578577707774703832677575088097187450798838532557802443280891059651247972293810464
868 59492907810309807564119603713697162409025722702722228488943757401451118477900222212091552027168828630008747384956189086844106187799401
869 80327608113898570553676878753901141774646775242648897347196177956468581781828597010793700610346179389682932815502416129109542503736264
870 108453442486644820642592120614022083357605220527934319657408624841132360452156578571379002470436266938265481938423338842129622392198905
871 146420115728575672504011935455278084403881436059518056169787147546419845948963775695976007027209827828221011670358360915010359398380856
872 197668322841561560939762424544147041508494181561104222937406877442578650378479011768161507753143540772469566374123361276133324258389265
873 266840881525953059045088602334272060296298703286747856340912569359634554570617430621143108825244489687891304731324433328120861382106553
874 360202434328000931137083532341053572363878218199568883120211744148237260793734497094925393553392444495593022137238121909772253049679740
875 486205578931134462600693915634958000384824044516821162360482466073290443998247709321010141084572525263746642579823250206275792036266803
876 656254477101323701803500639915387411580939611037524215447443258073837931770916912119602802879116638229202203480524749576208536155814341
877 885734778414920431006659435055926166160571581095544411169018978728502610483087518736390334791529581176513697241757851858965574032372732
878 1195402672535757127554245966386217199623066181541090960344152769455567996348626566028607690724860491622742229047092018431873310953878636
879 1613258207693852659017859451516867045794320915927281037453310594568596822722276719330953567303752774220536301724122675432732393739799374
880 2177071586318450337702982026675248801711728282183383553393269705259202672678922471796312510902850658484331932281717470738597290533954638
881 2937789883798017187745091749940992782859362467031135071485688524545811811306316959691160964050140472158719480071416299013467832711372753
882 3964130805052192086175389565909325726281878649164811565244842207407648506207160314723470463437263410676573277144137082279456239409809306
883 5348776799853047344248032291750767291941157135920897271950180627226186942128864248927376841633834014482956597453428851045765382213246024
884 7216726673435815082450101804936762714986855908462454805392684232853380604874476617742359628036792772475704479405531704988484165599646128
885 9736555650472514605675588026393178815961786582827566982634414447064627904195829355777444596734608607378797938440976964558026727904268827
886 13135596053356375712552510925744586962311372275201108080481329346149341714800233320677926234230002522960061549900560194439069497818066748
887 17720402748572971519686430164325121623807297123378935119700241033357977044754292134005808469278740818435148294827901646530555253848754776
888 23904341832971738700072163700764074727244705595138431288035412193721330689930830187842526909232397607294342868213665479497841628877951967
889 32244780156239024025321956118338553433279749616185231951967409507051699368580959135943834358727308594917706415177877809974825291980017439
890 43493214430804190641605038605824883413431433722721387674194646299940602189473458786805097816285919396648752275628721634748491282419230713
891 58662838945360001307141681831566751269422444237884705553569031295113053617775595889583770315012774789420699403295538951999203475279561198
892 79119614093066645999313113253309061683819331675882223715899822447476605645627808644187709723904373629766917699878750542278364271957837858
893 106705003880957522235675362014346325685874216691440340179385405502570554071544117562256493920740265599827213508102568664812937888962608564
894 143901387626417765084598851060513456466908749428441358598169316089434368161604278345592868809081530252319911875702797165137756404846644043
895 194054972791506821515579886704000522863145274756006904673012084837764499989986428768362135206938857556185715121895652238828041464500719052
896 261676183902014441847433901966165268732194637197697420190041464457993671575964253955724169053438775023105869636506587127227832604890521484
897 352844436675328316990930597465429261400825405866322995717112620074084275133247464565477038680220863842076992696357262500942006287227041742
898 475753546158993738309961531071939807414012215446969222815989489207685877866397976080049798261240748990380134220919867751840344429178666332
899 641446596768692946947811723666506922648975604985359139434767268680340952684673831358058218064279574507870430624546862378687833952952183363
900 864806043410172375991035358987548159904708736207039112664662284253148253809687502899900878287560364769598817096082587431709758999950148778
901 1165887628078602930551740128791418505345838981523908729745567909007288317700251930616043555413770714145553524105566073578955973352301602860
902 1571717420672781545921737138238567988806347424369313934146344228223427386499599114745232053786572354947227281029552160468146542433839666123
903 2118712666156019065791883189529628886667906197527076773172448443947168477809288469251121749321945056540064001134890323132261975917035825870
904 2855942831083992315460115817036951733385005171523717961783031068726827720703121026178867363679241294879269008147182664456704367834601615019
905 3849522256021056606439895687358610472855885447305442287632137969217389043930770555869635936560276150257712243189729718175102745117987378080
906 5188526819869423523671171353445620476730758501336272917941311670131680403897061201400253139387570271700155432912466551252964375683907538521
907 6992963003536272676447016639900584844237062203833464457076137749327682675592222467368916712725162249963571833234919898323842414647780044768
908 9424500811671885552012565204469426802499201414254843880721251351828850931096326055569258917692451750625308905287892159724548857368990244463
909 12700928468454497131478806607153762900938371450016022648722884214061200890582880591689661914890628336355085683543038990571145431242298867707
910 17115618578229996249053262202927020571258952574021397491394506965141782835894444866444215482746126981927821622989495805182714867047169074544
911 23063742049168933185652704939532657220093120156109858772295089096552940266903213678590604695399659161434939574456326989401826962105080642019
912 31077567236485160638590347233464633825807335771336323591439962357436924917423168062394588448869078274178837888368387968145552542844501489981
913 41873990918347087984345863484117212838102403526405220086544089287497703587441411398808282970867365861163535766994440146901782247577403918796
914 56418536790375967733420139099567360806192126282434769716645820175538521370188465975153927659949271046287634156720526324050986059955011122190
915 76011522921373703047962759133039447973692223826151872278615242272820819657823558484657667465813788112445066097373580416657921012462380825576
916 102404072251924325573454031486828093547122085709799280686785032935820965757749132837828391426658720298718999260484201307685685240950304802070
917 137954294909030661415389040411602250472970506381784865742555177288553306566849724713822066267613106347789072933818295839829460916136885724967
918 185837543519713051530669870133144679901061105128033051458123125140919311510957312371193478587861893022332527180823641651354882053781229592551
919 250329449874034345242106474948785212547902680637992970015250201019647122386104777011845551611952235003952293996449136717580721148815695537937
920 337186919705743406883219482716368752633877939000624151470809937963355840921021541315442365107992912507322215710148708728778802129571146874345
921 454160965733698362273921338179901227842590638165830670066681053942312922514764582858849443002558411111263110957965113657675990561226238455949
922 611686969142188566755722441446398689546494711613330727064362162883439461216347383649906326714341075878807775852024873000205938691582379580789
923 823813714357843300804318797686257957097340579966233125731632279055554207222744133686019023141345919912949413862628327550938717596934813772600
924 1109453737393113128636225702640738718596923692308820272131316871629657304203358371831015424415910679231508695640926343691756545774811138439177
925 1494066041826366710716072807478749396455526027606972501178139866827916627660440796754419007411216496080049790846210935763205249703699522283764
926 2011920593900222988042433576291159835964944275944059456798453495099823463723355678452300113116256914941704157226619107124712785701944202741078
927 2709145605222196704475159453950088174336805482140661411831440550898930135511353943359570042391352948675708714454807080686677929078522043146696
928 3647828014938366009511223950593416911944474813329430873336085725656673866231216311100195618510038606526737943413074815664710742112248935536785
929 4911530934017777210140769153306442831279116389844082243975045007737344293561942031841114309457263540646848798753175973139385048049059643179188
930 6612717369911912186662918832833825496928779184651239564056044915495579097284724084710342231712283980536214977777397585176731572398205629107301
931 8902738413263633837902089974619119498197126997549991698193075989671264575113264400284069026567720942548296234323855599378515704941318971605272
932 11985271167768835620730674292205410696672878773669975285105487496599949015105985047317893119623524831054118124534298649848395606418063633589008
933 16134397110363851544598652624894536192519278562491904419819123673858493197295377948878031932553155908380948708235456195833977089426390352698208
934 21718922264887046271390126115645199249517024861823011454444787070723857807205319025150489739956352805726404561972820848274653284951619657940450
935 29235092833413535352935827121230582131075911892937185940613431892806726548383038054558929216601064448970791246760764275284729825730644572302198
936 39350602520308965777600172635793879872711603530373018141119541829388900346523555416151558627936569666527276030200096447697281469103292821213677
937 52963786256307010625962601513146915840037363080903720062343464425903782390752285201721313649000489536479325426856832302209324205867700283904952
938 71283237497081296980758074924808517948502407696899140525837285981489114210342129987396066699034692976582073286818773686613763719996037023671249
939 95934891168620733521010538677550975140607713350568914400302097908039982262267287800565433084819121664677071378063765077218166780948944442229441
940 129106040846178785873913210580344055267508727367573083873620350090639682041535906341197981691576596590247635335580889140548013988221380243298607
941 173739020832566856934786640605578737517723562995199906613172377292734365167959881526511246198943513229272776226094118560325141871340730486814996
942 233791668981516316661507971790697406082075091803028315885595310809048967590213919799462206411723999142745832830387840817354964213363605532250449
943 314587580812351160942829940875302995210591165228228733616113637681722587052284085797252293354578171711051342645849641916805262734241952582198161
944 423287088969731797379953629016782120828299525807313981295358560229618394807129044093786848558680347553915931398778620792424556751949493088641041
945 569520552205408253513772138746243974318546765869422328582587499427482812431143853497298867723720115630192633285977324235875174622864268350085274
946 766239852461881353844990835546945374899365011349585415608807107119099935497433711789037256283694778249233951072407356476846940079828727754805369
947 1030863237231535861961309085016451929848048615006658121913821650857015876060963596053067231109644446668029394829038845856334332596977722692286679
948 1386814499981734880577617806169004836684865228387350298349222538326867182333531039430274515080174067997843513178183633040540617301531226504172353
949 1865592238492051365311773799221430922185394797787886309349342588123825009738451587679405413003253169813112898281928041253749663273874886657950051
950 2509551625120080521498286936405766546640018598743908112339658943197289782503925086260837801763501753979568565095563031687363774950070741214666786
951 3375643869422624064044156964995841576238436149659964649507890163304383166358979441694300222427300192500140045001650429697959859107830101205766726
952 4540442866978300035824037794050102259667687636495555073926678216996641564858726454148000417019208764515999701746527536918525173757613281665801808
953 6106901816838475945806535019243784106050095190507370497221182283644505759209513586743173766610346411268133805340858784695214783865987880074288302
954 8213434804949259404487959706450282266369346296083304925888639324288628595085634120488404583727441746036361116265654402404682006212072502945904444
955 11046122858722610153261155671476329208872810881108412166171323772584500675798076268285201680190254342738007961924192835645961850331573839470455442
956 14855118732159791118930007863630698946507087030355995555905538922526332135953375153072241454187703068346483053327919496462268379829710538156213296
957 19976693794931323936574381113864024174805786975217116663145756916399268937544637180919906451904903973301634887774798398946475863564133226182271261
958 26862866258037155785944934283667876618112647122523175380099173411717058019573984701536222219354870163480026275323968873767776880519167793418893162
959 36121216066508629142546881582448954635912013783575631116835572273681492192033934632372614027788219333549852222134372322534594529842428809578312297
960 48568386534935703960747130154133876633591901499381720182585343992572798298108286523522563020202740865972868789128730020142364706182557020878664363
961 65301974630529787346268752880442907791286811000542193515963961966998762302589004628607126578584549356345124473559425149046299746300875490878813017
962 87797126046915355726485786410832325992279815262983769962623744626873865630968239320116386034823197413176056542243134996629163893231924431373774108
963 118036319288284760792200720098765999517622809813304197352635983278289109844601814333069750179801503293033962749938418626012813766780127600077356450
964 158683734795723448322185279042209287709989525553127955758854502099332693097244109685907535809269441382645273433581050739444655214862277149263458002
965 213319515663090596609523815250256786408805057870195966649267237050020362117251165356249873749206899338023800303184910324635057809469764411613680891
966 286754478028925933201341007392804923007231934680846743636613793896288698772817914220981108518552459537768347905014272474180672970953466564772651949
967 385452881374107558879977351150889158328755275533087523767980940829135920108692799767710822471656624680879608705351012499818675151943846970687185097
968 518100338685361582635509167925829369718667455468221199437210642835350836083825158354244938921798415004761236789853239542591009319931564165814542279
969 696366662022221942021672659676079294869385218940600430364545869426709457544278922514349601233893310730237517307700810500075158923309841661028058881
970 935930512289762545758022191890251089936457705066044648384262305748153412666879676439690619582292585065318349124399905992818302341690167896144174437
971 1257855645422539444840345441546613371141603049329863477455600533079888021697177322904463129061358492281222961090511808109657405211647827816033607577
972 1690439323999482809994121768019103406589695299937787852139419486928587309997405472703718823248528254841637769308886038931442230319495390371410709106
973 2271694782358177426448512272017563899471133921173796868719848615622165478371983084956108037261069000150668392168573242818592833950261029489159830824
974 3052685103391670026164949787407194236967003078752937572588764716083725811620953568696643398852006912817102933902577956621700371903728393876783701062
975 4102000329823815245011488748323249205171555586641512658246040129598321172081587442044007434827470941441950025858462351263533965116449947402696972201
976 5511769592000860462271871292976379142632730036040339259739517720812769258692917984537321172250085141344114490668196490374342205462638895786018034692
977 7405734211255220530768542967048883416523448516198596828868296979585746608550894395380076949771408061653303417860829930459673625681239005395248162648
978 9950087838642442252934983633739881642176476077506738947807612940321474379250062029120559709607927252573829913149220381527397768924510351901755187659
979 13368031421380272391651176228814628785442612887496422173270690763977665395803954088993133433784150946411587964498679868108561521477047208623337256384
980 17959315231200377051378015523556903707622834846029049526562873099137823259762449543815277260169221449258952826879914428707453996971158648299775375084
981 24126475621467509192463221433977985086443757720802045277254183703937026058054123077200425246347496087003004424631520701622359104256215291760154939864
982 32410058549145274147098147583877137971471729833003441414529344265370841079892828152877337490708611720666470370965405176595530758405412583457494520522
983 43535906114207232749595183866197904934093821616752828762319129175887908152317806924252635776989040301051501523889453298465615891853687660966497592756
984 58478634735456393519957331490217698844960707908688041228308757366318612125133186148489750862097649211561005342302498279214713869537643396120520230957
985 78546845729908444738850094784411390511591992366833384139654953492995530800646292196460289037316793430058294756336280317904541785379025455058781146135
986 105497503917777850136347766721875881454111464455268527820336904659532567763390104604463124433787252520170646071237140178861419851984651977104270122727
987 141689462334488500136068306785607192526114554895146663770745091985429333490452658222148465341454641489672902971814898559765013196832534347209965303700
988 190289522388606567770465228452584575065162878977935502002365326484597815710323859541626900341929755283786363102092522638046454264294194820529487896548
989 255548995556887782948090265419448423074023121516624491614917056014208811484946900687996012563358784779881506622473247614112484350749684309620995564580
990 343174872911170301150615034799879367630504154488394759138954714886307747537127822910644745462235047847603754027545227305733982575147321442476491260491
991 460827946180297651959892919281508305760148771289080428351590128933926740062514593419166853661696046991365758119183539853000424107578135526277663232275
992 618791274524836376618222292683674711713891212121950709956536622279590864918143080800687905930283208311269749592985335831176734049158062701339123245094
993 830867214805358706624892645942087844715302764648292656086634962992467402787023142082841489425310380427448657294391627049844918094884480433595837427122
994 1115581117372527872105750641156554163755364045670581053924208020238746926460947776001683694906123078902050808309473935324670682772956860070325420481674
995 1497796460886471393697739979678859755104735598736387793787481923558115277876540429267569816508575353499486113280042285309705544954947663507938814737393
996 2010881973683236484479830867631793393107421790700778431230360282431141548904570302377434227998073099673177470996466190791508029658616758794216750555547
997 2699619270367396783189272631314811674843643203086139477234121156953629871691695827843722609254879394754043367594044039527929007771995482223184933990411
998 3624103883488494935870165966645613571282147362659118689304206838256728219644394636208156565630142144894895880636942236689295280062409913561894485729633
999 4864978872961981681272252889065646071977973588192568092491446317022698310841614739063106709066754807801941469014648299456242239542037781375962107772679
1000 6530455933892487139988603950989389588432220958922217761417486712411591908124977214944515366161182181615100557325627696791179514525166903399195470348250
