0 1
1 10
2 27
3 52
4 85
5 126
6 175
7 232
8 297
9 370
10 451
11 540
12 637
13 742
14 855
15 976
16 1105
17 1242
18 1387
19 1540
20 1701
21 1870
22 2047
23 2232
24 2425
25 2626
26 2835
27 3052
28 3277
29 3510
30 3751
31 4000
32 4257
33 4522
34 4795
35 5076
36 5365
37 5662
38 5967
39 6280
40 6601
41 6930
42 7267
43 7612
44 7965
45 8326
46 8695
47 9072
48 9457
49 9850
50 10251
51 10660
52 11077
53 11502
54 11935
55 12376
56 12825
57 13282
58 13747
59 14220
60 14701
61 15190
62 15687
63 16192
64 16705
65 17226
66 17755
67 18292
68 18837
69 19390
70 19951
71 20520
72 21097
73 21682
74 22275
75 22876
76 23485
77 24102
78 24727
79 25360
80 26001
81 26650
82 27307
83 27972
84 28645
85 29326
86 30015
87 30712
88 31417
89 32130
90 32851
91 33580
92 34317
93 35062
94 35815
95 36576
96 37345
97 38122
98 38907
99 39700
100 40501
101 41310
102 42127
103 42952
104 43785
105 44626
106 45475
107 46332
108 47197
109 48070
110 48951
111 49840
112 50737
113 51642
114 52555
115 53476
116 54405
117 55342
118 56287
119 57240
120 58201
121 59170
122 60147
123 61132
124 62125
125 63126
126 64135
127 65152
128 66177
129 67210
130 68251
131 69300
132 70357
133 71422
134 72495
135 73576
136 74665
137 75762
138 76867
139 77980
140 79101
141 80230
142 81367
143 82512
144 83665
145 84826
146 85995
147 87172
148 88357
149 89550
150 90751
151 91960
152 93177
153 94402
154 95635
155 96876
156 98125
157 99382
158 100647
159 101920
160 103201
161 104490
162 105787
163 107092
164 108405
165 109726
166 111055
167 112392
168 113737
169 115090
170 116451
171 117820
172 119197
173 120582
174 121975
175 123376
176 124785
177 126202
178 127627
179 129060
180 130501
181 131950
182 133407
183 134872
184 136345
185 137826
186 139315
187 140812
188 142317
189 143830
190 145351
191 146880
192 148417
193 149962
194 151515
195 153076
196 154645
197 156222
198 157807
199 159400
200 161001
201 162610
202 164227
203 165852
204 167485
205 169126
206 170775
207 172432
208 174097
209 175770
210 177451
211 179140
212 180837
213 182542
214 184255
215 185976
216 187705
217 189442
218 191187
219 192940
220 194701
221 196470
222 198247
223 200032
224 201825
225 203626
226 205435
227 207252
228 209077
229 210910
230 212751
231 214600
232 216457
233 218322
234 220195
235 222076
236 223965
237 225862
238 227767
239 229680
240 231601
241 233530
242 235467
243 237412
244 239365
245 241326
246 243295
247 245272
248 247257
249 249250
250 251251
251 253260
252 255277
253 257302
254 259335
255 261376
256 263425
257 265482
258 267547
259 269620
260 271701
261 273790
262 275887
263 277992
264 280105
265 282226
266 284355
267 286492
268 288637
269 290790
270 292951
271 295120
272 297297
273 299482
274 301675
275 303876
276 306085
277 308302
278 310527
279 312760
280 315001
281 317250
282 319507
283 321772
284 324045
285 326326
286 328615
287 330912
288 333217
289 335530
290 337851
291 340180
292 342517
293 344862
294 347215
295 349576
296 351945
297 354322
298 356707
299 359100
300 361501
301 363910
302 366327
303 368752
304 371185
305 373626
306 376075
307 378532
308 380997
309 383470
310 385951
311 388440
312 390937
313 393442
314 395955
315 398476
316 401005
317 403542
318 406087
319 408640
320 411201
321 413770
322 416347
323 418932
324 421525
325 424126
326 426735
327 429352
328 431977
329 434610
330 437251
331 439900
332 442557
333 445222
334 447895
335 450576
336 453265
337 455962
338 458667
339 461380
340 464101
341 466830
342 469567
343 472312
344 475065
345 477826
346 480595
347 483372
348 486157
349 488950
350 491751
351 494560
352 497377
353 500202
354 503035
355 505876
356 508725
357 511582
358 514447
359 517320
360 520201
361 523090
362 525987
363 528892
364 531805
365 534726
366 537655
367 540592
368 543537
369 546490
370 549451
371 552420
372 555397
373 558382
374 561375
375 564376
376 567385
377 570402
378 573427
379 576460
380 579501
381 582550
382 585607
383 588672
384 591745
385 594826
386 597915
387 601012
388 604117
389 607230
390 610351
391 613480
392 616617
393 619762
394 622915
395 626076
396 629245
397 632422
398 635607
399 638800
400 642001
401 645210
402 648427
403 651652
404 654885
405 658126
406 661375
407 664632
408 667897
409 671170
410 674451
411 677740
412 681037
413 684342
414 687655
415 690976
416 694305
417 697642
418 700987
419 704340
420 707701
421 711070
422 714447
423 717832
424 721225
425 724626
426 728035
427 731452
428 734877
429 738310
430 741751
431 745200
432 748657
433 752122
434 755595
435 759076
436 762565
437 766062
438 769567
439 773080
440 776601
441 780130
442 783667
443 787212
444 790765
445 794326
446 797895
447 801472
448 805057
449 808650
450 812251
451 815860
452 819477
453 823102
454 826735
455 830376
456 834025
457 837682
458 841347
459 845020
460 848701
461 852390
462 856087
463 859792
464 863505
465 867226
466 870955
467 874692
468 878437
469 882190
470 885951
471 889720
472 893497
473 897282
474 901075
475 904876
476 908685
477 912502
478 916327
479 920160
480 924001
481 927850
482 931707
483 935572
484 939445
485 943326
486 947215
487 951112
488 955017
489 958930
490 962851
491 966780
492 970717
493 974662
494 978615
495 982576
496 986545
497 990522
498 994507
499 998500
500 1002501
501 1006510
502 1010527
503 1014552
504 1018585
505 1022626
506 1026675
507 1030732
508 1034797
509 1038870
510 1042951
511 1047040
512 1051137
513 1055242
514 1059355
515 1063476
516 1067605
517 1071742
518 1075887
519 1080040
520 1084201
521 1088370
522 1092547
523 1096732
524 1100925
525 1105126
526 1109335
527 1113552
528 1117777
529 1122010
530 1126251
531 1130500
532 1134757
533 1139022
534 1143295
535 1147576
536 1151865
537 1156162
538 1160467
539 1164780
540 1169101
541 1173430
542 1177767
543 1182112
544 1186465
545 1190826
546 1195195
547 1199572
548 1203957
549 1208350
550 1212751
551 1217160
552 1221577
553 1226002
554 1230435
555 1234876
556 1239325
557 1243782
558 1248247
559 1252720
560 1257201
561 1261690
562 1266187
563 1270692
564 1275205
565 1279726
566 1284255
567 1288792
568 1293337
569 1297890
570 1302451
571 1307020
572 1311597
573 1316182
574 1320775
575 1325376
576 1329985
577 1334602
578 1339227
579 1343860
580 1348501
581 1353150
582 1357807
583 1362472
584 1367145
585 1371826
586 1376515
587 1381212
588 1385917
589 1390630
590 1395351
591 1400080
592 1404817
593 1409562
594 1414315
595 1419076
596 1423845
597 1428622
598 1433407
599 1438200
600 1443001
601 1447810
602 1452627
603 1457452
604 1462285
605 1467126
606 1471975
607 1476832
608 1481697
609 1486570
610 1491451
611 1496340
612 1501237
613 1506142
614 1511055
615 1515976
616 1520905
617 1525842
618 1530787
619 1535740
620 1540701
621 1545670
622 1550647
623 1555632
624 1560625
625 1565626
626 1570635
627 1575652
628 1580677
629 1585710
630 1590751
631 1595800
632 1600857
633 1605922
634 1610995
635 1616076
636 1621165
637 1626262
638 1631367
639 1636480
640 1641601
641 1646730
642 1651867
643 1657012
644 1662165
645 1667326
646 1672495
647 1677672
648 1682857
649 1688050
650 1693251
651 1698460
652 1703677
653 1708902
654 1714135
655 1719376
656 1724625
657 1729882
658 1735147
659 1740420
660 1745701
661 1750990
662 1756287
663 1761592
664 1766905
665 1772226
666 1777555
667 1782892
668 1788237
669 1793590
670 1798951
671 1804320
672 1809697
673 1815082
674 1820475
675 1825876
676 1831285
677 1836702
678 1842127
679 1847560
680 1853001
681 1858450
682 1863907
683 1869372
684 1874845
685 1880326
686 1885815
687 1891312
688 1896817
689 1902330
690 1907851
691 1913380
692 1918917
693 1924462
694 1930015
695 1935576
696 1941145
697 1946722
698 1952307
699 1957900
700 1963501
701 1969110
702 1974727
703 1980352
704 1985985
705 1991626
706 1997275
707 2002932
708 2008597
709 2014270
710 2019951
711 2025640
712 2031337
713 2037042
714 2042755
715 2048476
716 2054205
717 2059942
718 2065687
719 2071440
720 2077201
721 2082970
722 2088747
723 2094532
724 2100325
725 2106126
726 2111935
727 2117752
728 2123577
729 2129410
730 2135251
731 2141100
732 2146957
733 2152822
734 2158695
735 2164576
736 2170465
737 2176362
738 2182267
739 2188180
740 2194101
741 2200030
742 2205967
743 2211912
744 2217865
745 2223826
746 2229795
747 2235772
748 2241757
749 2247750
750 2253751
751 2259760
752 2265777
753 2271802
754 2277835
755 2283876
756 2289925
757 2295982
758 2302047
759 2308120
760 2314201
761 2320290
762 2326387
763 2332492
764 2338605
765 2344726
766 2350855
767 2356992
768 2363137
769 2369290
770 2375451
771 2381620
772 2387797
773 2393982
774 2400175
775 2406376
776 2412585
777 2418802
778 2425027
779 2431260
780 2437501
781 2443750
782 2450007
783 2456272
784 2462545
785 2468826
786 2475115
787 2481412
788 2487717
789 2494030
790 2500351
791 2506680
792 2513017
793 2519362
794 2525715
795 2532076
796 2538445
797 2544822
798 2551207
799 2557600
800 2564001
801 2570410
802 2576827
803 2583252
804 2589685
805 2596126
806 2602575
807 2609032
808 2615497
809 2621970
810 2628451
811 2634940
812 2641437
813 2647942
814 2654455
815 2660976
816 2667505
817 2674042
818 2680587
819 2687140
820 2693701
821 2700270
822 2706847
823 2713432
824 2720025
825 2726626
826 2733235
827 2739852
828 2746477
829 2753110
830 2759751
831 2766400
832 2773057
833 2779722
834 2786395
835 2793076
836 2799765
837 2806462
838 2813167
839 2819880
840 2826601
841 2833330
842 2840067
843 2846812
844 2853565
845 2860326
846 2867095
847 2873872
848 2880657
849 2887450
850 2894251
851 2901060
852 2907877
853 2914702
854 2921535
855 2928376
856 2935225
857 2942082
858 2948947
859 2955820
860 2962701
861 2969590
862 2976487
863 2983392
864 2990305
865 2997226
866 3004155
867 3011092
868 3018037
869 3024990
870 3031951
871 3038920
872 3045897
873 3052882
874 3059875
875 3066876
876 3073885
877 3080902
878 3087927
879 3094960
880 3102001
881 3109050
882 3116107
883 3123172
884 3130245
885 3137326
886 3144415
887 3151512
888 3158617
889 3165730
890 3172851
891 3179980
892 3187117
893 3194262
894 3201415
895 3208576
896 3215745
897 3222922
898 3230107
899 3237300
900 3244501
901 3251710
902 3258927
903 3266152
904 3273385
905 3280626
906 3287875
907 3295132
908 3302397
909 3309670
910 3316951
911 3324240
912 3331537
913 3338842
914 3346155
915 3353476
916 3360805
917 3368142
918 3375487
919 3382840
920 3390201
921 3397570
922 3404947
923 3412332
924 3419725
925 3427126
926 3434535
927 3441952
928 3449377
929 3456810
930 3464251
931 3471700
932 3479157
933 3486622
934 3494095
935 3501576
936 3509065
937 3516562
938 3524067
939 3531580
940 3539101
941 3546630
942 3554167
943 3561712
944 3569265
945 3576826
946 3584395
947 3591972
948 3599557
949 3607150
950 3614751
951 3622360
952 3629977
953 3637602
954 3645235
955 3652876
956 3660525
957 3668182
958 3675847
959 3683520
960 3691201
961 3698890
962 3706587
963 3714292
964 3722005
965 3729726
966 3737455
967 3745192
968 3752937
969 3760690
970 3768451
971 3776220
972 3783997
973 3791782
974 3799575
975 3807376
976 3815185
977 3823002
978 3830827
979 3838660
980 3846501
981 3854350
982 3862207
983 3870072
984 3877945
985 3885826
986 3893715
987 3901612
988 3909517
989 3917430
990 3925351
991 3933280
992 3941217
993 3949162
994 3957115
995 3965076
996 3973045
997 3981022
998 3989007
999 3997000
1000 4005001
