0 0
1 7
2 11
3 15
4 19
5 23
6 27
7 31
8 35
9 39
10 43
11 47
12 51
13 55
14 59
15 63
16 67
17 71
18 75
19 79
20 83
21 87
22 91
23 95
24 99
25 103
26 107
27 111
28 115
29 119
30 123
31 127
32 131
33 135
34 139
35 143
36 147
37 151
38 155
39 159
40 163
41 167
42 171
43 175
44 179
45 183
46 187
47 191
48 195
49 199
50 203
51 207
52 211
53 215
54 219
55 223
56 227
57 231
58 235
59 239
60 243
61 247
62 251
63 255
64 259
65 263
66 267
67 271
68 275
69 279
70 283
71 287
72 291
73 295
74 299
75 303
76 307
77 311
78 315
79 319
80 323
81 327
82 331
83 335
84 339
85 343
86 347
87 351
88 355
89 359
90 363
91 367
92 371
93 375
94 379
95 383
96 387
97 391
98 395
99 399
100 403
101 407
102 411
103 415
104 419
105 423
106 427
107 431
108 435
109 439
110 443
111 447
112 451
113 455
114 459
115 463
116 467
117 471
118 475
119 479
120 483
121 487
122 491
123 495
124 499
125 503
126 507
127 511
128 515
129 519
130 523
131 527
132 531
133 535
134 539
135 543
136 547
137 551
138 555
139 559
140 563
141 567
142 571
143 575
144 579
145 583
146 587
147 591
148 595
149 599
150 603
151 607
152 611
153 615
154 619
155 623
156 627
157 631
158 635
159 639
160 643
161 647
162 651
163 655
164 659
165 663
166 667
167 671
168 675
169 679
170 683
171 687
172 691
173 695
174 699
175 703
176 707
177 711
178 715
179 719
180 723
181 727
182 731
183 735
184 739
185 743
186 747
187 751
188 755
189 759
190 763
191 767
192 771
193 775
194 779
195 783
196 787
197 791
198 795
199 799
200 803
201 807
202 811
203 815
204 819
205 823
206 827
207 831
208 835
209 839
210 843
211 847
212 851
213 855
214 859
215 863
216 867
217 871
218 875
219 879
220 883
221 887
222 891
223 895
224 899
225 903
226 907
227 911
228 915
229 919
230 923
231 927
232 931
233 935
234 939
235 943
236 947
237 951
238 955
239 959
240 963
241 967
242 971
243 975
244 979
245 983
246 987
247 991
248 995
249 999
250 1003
251 1007
252 1011
253 1015
254 1019
255 1023
256 1027
257 1031
258 1035
259 1039
260 1043
261 1047
262 1051
263 1055
264 1059
265 1063
266 1067
267 1071
268 1075
269 1079
270 1083
271 1087
272 1091
273 1095
274 1099
275 1103
276 1107
277 1111
278 1115
279 1119
280 1123
281 1127
282 1131
283 1135
284 1139
285 1143
286 1147
287 1151
288 1155
289 1159
290 1163
291 1167
292 1171
293 1175
294 1179
295 1183
296 1187
297 1191
298 1195
299 1199
300 1203
301 1207
302 1211
303 1215
304 1219
305 1223
306 1227
307 1231
308 1235
309 1239
310 1243
311 1247
312 1251
313 1255
314 1259
315 1263
316 1267
317 1271
318 1275
319 1279
320 1283
321 1287
322 1291
323 1295
324 1299
325 1303
326 1307
327 1311
328 1315
329 1319
330 1323
331 1327
332 1331
333 1335
334 1339
335 1343
336 1347
337 1351
338 1355
339 1359
340 1363
341 1367
342 1371
343 1375
344 1379
345 1383
346 1387
347 1391
348 1395
349 1399
350 1403
351 1407
352 1411
353 1415
354 1419
355 1423
356 1427
357 1431
358 1435
359 1439
360 1443
361 1447
362 1451
363 1455
364 1459
365 1463
366 1467
367 1471
368 1475
369 1479
370 1483
371 1487
372 1491
373 1495
374 1499
375 1503
376 1507
377 1511
378 1515
379 1519
380 1523
381 1527
382 1531
383 1535
384 1539
385 1543
386 1547
387 1551
388 1555
389 1559
390 1563
391 1567
392 1571
393 1575
394 1579
395 1583
396 1587
397 1591
398 1595
399 1599
400 1603
401 1607
402 1611
403 1615
404 1619
405 1623
406 1627
407 1631
408 1635
409 1639
410 1643
411 1647
412 1651
413 1655
414 1659
415 1663
416 1667
417 1671
418 1675
419 1679
420 1683
421 1687
422 1691
423 1695
424 1699
425 1703
426 1707
427 1711
428 1715
429 1719
430 1723
431 1727
432 1731
433 1735
434 1739
435 1743
436 1747
437 1751
438 1755
439 1759
440 1763
441 1767
442 1771
443 1775
444 1779
445 1783
446 1787
447 1791
448 1795
449 1799
450 1803
451 1807
452 1811
453 1815
454 1819
455 1823
456 1827
457 1831
458 1835
459 1839
460 1843
461 1847
462 1851
463 1855
464 1859
465 1863
466 1867
467 1871
468 1875
469 1879
470 1883
471 1887
472 1891
473 1895
474 1899
475 1903
476 1907
477 1911
478 1915
479 1919
480 1923
481 1927
482 1931
483 1935
484 1939
485 1943
486 1947
487 1951
488 1955
489 1959
490 1963
491 1967
492 1971
493 1975
494 1979
495 1983
496 1987
497 1991
498 1995
499 1999
500 2003
501 2007
502 2011
503 2015
504 2019
505 2023
506 2027
507 2031
508 2035
509 2039
510 2043
511 2047
512 2051
513 2055
514 2059
515 2063
516 2067
517 2071
518 2075
519 2079
520 2083
521 2087
522 2091
523 2095
524 2099
525 2103
526 2107
527 2111
528 2115
529 2119
530 2123
531 2127
532 2131
533 2135
534 2139
535 2143
536 2147
537 2151
538 2155
539 2159
540 2163
541 2167
542 2171
543 2175
544 2179
545 2183
546 2187
547 2191
548 2195
549 2199
550 2203
551 2207
552 2211
553 2215
554 2219
555 2223
556 2227
557 2231
558 2235
559 2239
560 2243
561 2247
562 2251
563 2255
564 2259
565 2263
566 2267
567 2271
568 2275
569 2279
570 2283
571 2287
572 2291
573 2295
574 2299
575 2303
576 2307
577 2311
578 2315
579 2319
580 2323
581 2327
582 2331
583 2335
584 2339
585 2343
586 2347
587 2351
588 2355
589 2359
590 2363
591 2367
592 2371
593 2375
594 2379
595 2383
596 2387
597 2391
598 2395
599 2399
600 2403
601 2407
602 2411
603 2415
604 2419
605 2423
606 2427
607 2431
608 2435
609 2439
610 2443
611 2447
612 2451
613 2455
614 2459
615 2463
616 2467
617 2471
618 2475
619 2479
620 2483
621 2487
622 2491
623 2495
624 2499
625 2503
626 2507
627 2511
628 2515
629 2519
630 2523
631 2527
632 2531
633 2535
634 2539
635 2543
636 2547
637 2551
638 2555
639 2559
640 2563
641 2567
642 2571
643 2575
644 2579
645 2583
646 2587
647 2591
648 2595
649 2599
650 2603
651 2607
652 2611
653 2615
654 2619
655 2623
656 2627
657 2631
658 2635
659 2639
660 2643
661 2647
662 2651
663 2655
664 2659
665 2663
666 2667
667 2671
668 2675
669 2679
670 2683
671 2687
672 2691
673 2695
674 2699
675 2703
676 2707
677 2711
678 2715
679 2719
680 2723
681 2727
682 2731
683 2735
684 2739
685 2743
686 2747
687 2751
688 2755
689 2759
690 2763
691 2767
692 2771
693 2775
694 2779
695 2783
696 2787
697 2791
698 2795
699 2799
700 2803
701 2807
702 2811
703 2815
704 2819
705 2823
706 2827
707 2831
708 2835
709 2839
710 2843
711 2847
712 2851
713 2855
714 2859
715 2863
716 2867
717 2871
718 2875
719 2879
720 2883
721 2887
722 2891
723 2895
724 2899
725 2903
726 2907
727 2911
728 2915
729 2919
730 2923
731 2927
732 2931
733 2935
734 2939
735 2943
736 2947
737 2951
738 2955
739 2959
740 2963
741 2967
742 2971
743 2975
744 2979
745 2983
746 2987
747 2991
748 2995
749 2999
750 3003
751 3007
752 3011
753 3015
754 3019
755 3023
756 3027
757 3031
758 3035
759 3039
760 3043
761 3047
762 3051
763 3055
764 3059
765 3063
766 3067
767 3071
768 3075
769 3079
770 3083
771 3087
772 3091
773 3095
774 3099
775 3103
776 3107
777 3111
778 3115
779 3119
780 3123
781 3127
782 3131
783 3135
784 3139
785 3143
786 3147
787 3151
788 3155
789 3159
790 3163
791 3167
792 3171
793 3175
794 3179
795 3183
796 3187
797 3191
798 3195
799 3199
800 3203
801 3207
802 3211
803 3215
804 3219
805 3223
806 3227
807 3231
808 3235
809 3239
810 3243
811 3247
812 3251
813 3255
814 3259
815 3263
816 3267
817 3271
818 3275
819 3279
820 3283
821 3287
822 3291
823 3295
824 3299
825 3303
826 3307
827 3311
828 3315
829 3319
830 3323
831 3327
832 3331
833 3335
834 3339
835 3343
836 3347
837 3351
838 3355
839 3359
840 3363
841 3367
842 3371
843 3375
844 3379
845 3383
846 3387
847 3391
848 3395
849 3399
850 3403
851 3407
852 3411
853 3415
854 3419
855 3423
856 3427
857 3431
858 3435
859 3439
860 3443
861 3447
862 3451
863 3455
864 3459
865 3463
866 3467
867 3471
868 3475
869 3479
870 3483
871 3487
872 3491
873 3495
874 3499
875 3503
876 3507
877 3511
878 3515
879 3519
880 3523
881 3527
882 3531
883 3535
884 3539
885 3543
886 3547
887 3551
888 3555
889 3559
890 3563
891 3567
892 3571
893 3575
894 3579
895 3583
896 3587
897 3591
898 3595
899 3599
900 3603
901 3607
902 3611
903 3615
904 3619
905 3623
906 3627
907 3631
908 3635
909 3639
910 3643
911 3647
912 3651
913 3655
914 3659
915 3663
916 3667
917 3671
918 3675
919 3679
920 3683
921 3687
922 3691
923 3695
924 3699
925 3703
926 3707
927 3711
928 3715
929 3719
930 3723
931 3727
932 3731
933 3735
934 3739
935 3743
936 3747
937 3751
938 3755
939 3759
940 3763
941 3767
942 3771
943 3775
944 3779
945 3783
946 3787
947 3791
948 3795
949 3799
950 3803
951 3807
952 3811
953 3815
954 3819
955 3823
956 3827
957 3831
958 3835
959 3839
960 3843
961 3847
962 3851
963 3855
964 3859
965 3863
966 3867
967 3871
968 3875
969 3879
970 3883
971 3887
972 3891
973 3895
974 3899
975 3903
976 3907
977 3911
978 3915
979 3919
980 3923
981 3927
982 3931
983 3935
984 3939
985 3943
986 3947
987 3951
988 3955
989 3959
990 3963
991 3967
992 3971
993 3975
994 3979
995 3983
996 3987
997 3991
998 3995
999 3999
1000 4003
