0 0
1 8
2 13
3 18
4 23
5 28
6 33
7 38
8 43
9 48
10 53
11 58
12 63
13 68
14 73
15 78
16 83
17 88
18 93
19 98
20 103
21 108
22 113
23 118
24 123
25 128
26 133
27 138
28 143
29 148
30 153
31 158
32 163
33 168
34 173
35 178
36 183
37 188
38 193
39 198
40 203
41 208
42 213
43 218
44 223
45 228
46 233
47 238
48 243
49 248
50 253
51 258
52 263
53 268
54 273
55 278
56 283
57 288
58 293
59 298
60 303
61 308
62 313
63 318
64 323
65 328
66 333
67 338
68 343
69 348
70 353
71 358
72 363
73 368
74 373
75 378
76 383
77 388
78 393
79 398
80 403
81 408
82 413
83 418
84 423
85 428
86 433
87 438
88 443
89 448
90 453
91 458
92 463
93 468
94 473
95 478
96 483
97 488
98 493
99 498
100 503
101 508
102 513
103 518
104 523
105 528
106 533
107 538
108 543
109 548
110 553
111 558
112 563
113 568
114 573
115 578
116 583
117 588
118 593
119 598
120 603
121 608
122 613
123 618
124 623
125 628
126 633
127 638
128 643
129 648
130 653
131 658
132 663
133 668
134 673
135 678
136 683
137 688
138 693
139 698
140 703
141 708
142 713
143 718
144 723
145 728
146 733
147 738
148 743
149 748
150 753
151 758
152 763
153 768
154 773
155 778
156 783
157 788
158 793
159 798
160 803
161 808
162 813
163 818
164 823
165 828
166 833
167 838
168 843
169 848
170 853
171 858
172 863
173 868
174 873
175 878
176 883
177 888
178 893
179 898
180 903
181 908
182 913
183 918
184 923
185 928
186 933
187 938
188 943
189 948
190 953
191 958
192 963
193 968
194 973
195 978
196 983
197 988
198 993
199 998
200 1003
201 1008
202 1013
203 1018
204 1023
205 1028
206 1033
207 1038
208 1043
209 1048
210 1053
211 1058
212 1063
213 1068
214 1073
215 1078
216 1083
217 1088
218 1093
219 1098
220 1103
221 1108
222 1113
223 1118
224 1123
225 1128
226 1133
227 1138
228 1143
229 1148
230 1153
231 1158
232 1163
233 1168
234 1173
235 1178
236 1183
237 1188
238 1193
239 1198
240 1203
241 1208
242 1213
243 1218
244 1223
245 1228
246 1233
247 1238
248 1243
249 1248
250 1253
251 1258
252 1263
253 1268
254 1273
255 1278
256 1283
257 1288
258 1293
259 1298
260 1303
261 1308
262 1313
263 1318
264 1323
265 1328
266 1333
267 1338
268 1343
269 1348
270 1353
271 1358
272 1363
273 1368
274 1373
275 1378
276 1383
277 1388
278 1393
279 1398
280 1403
281 1408
282 1413
283 1418
284 1423
285 1428
286 1433
287 1438
288 1443
289 1448
290 1453
291 1458
292 1463
293 1468
294 1473
295 1478
296 1483
297 1488
298 1493
299 1498
300 1503
301 1508
302 1513
303 1518
304 1523
305 1528
306 1533
307 1538
308 1543
309 1548
310 1553
311 1558
312 1563
313 1568
314 1573
315 1578
316 1583
317 1588
318 1593
319 1598
320 1603
321 1608
322 1613
323 1618
324 1623
325 1628
326 1633
327 1638
328 1643
329 1648
330 1653
331 1658
332 1663
333 1668
334 1673
335 1678
336 1683
337 1688
338 1693
339 1698
340 1703
341 1708
342 1713
343 1718
344 1723
345 1728
346 1733
347 1738
348 1743
349 1748
350 1753
351 1758
352 1763
353 1768
354 1773
355 1778
356 1783
357 1788
358 1793
359 1798
360 1803
361 1808
362 1813
363 1818
364 1823
365 1828
366 1833
367 1838
368 1843
369 1848
370 1853
371 1858
372 1863
373 1868
374 1873
375 1878
376 1883
377 1888
378 1893
379 1898
380 1903
381 1908
382 1913
383 1918
384 1923
385 1928
386 1933
387 1938
388 1943
389 1948
390 1953
391 1958
392 1963
393 1968
394 1973
395 1978
396 1983
397 1988
398 1993
399 1998
400 2003
401 2008
402 2013
403 2018
404 2023
405 2028
406 2033
407 2038
408 2043
409 2048
410 2053
411 2058
412 2063
413 2068
414 2073
415 2078
416 2083
417 2088
418 2093
419 2098
420 2103
421 2108
422 2113
423 2118
424 2123
425 2128
426 2133
427 2138
428 2143
429 2148
430 2153
431 2158
432 2163
433 2168
434 2173
435 2178
436 2183
437 2188
438 2193
439 2198
440 2203
441 2208
442 2213
443 2218
444 2223
445 2228
446 2233
447 2238
448 2243
449 2248
450 2253
451 2258
452 2263
453 2268
454 2273
455 2278
456 2283
457 2288
458 2293
459 2298
460 2303
461 2308
462 2313
463 2318
464 2323
465 2328
466 2333
467 2338
468 2343
469 2348
470 2353
471 2358
472 2363
473 2368
474 2373
475 2378
476 2383
477 2388
478 2393
479 2398
480 2403
481 2408
482 2413
483 2418
484 2423
485 2428
486 2433
487 2438
488 2443
489 2448
490 2453
491 2458
492 2463
493 2468
494 2473
495 2478
496 2483
497 2488
498 2493
499 2498
500 2503
501 2508
502 2513
503 2518
504 2523
505 2528
506 2533
507 2538
508 2543
509 2548
510 2553
511 2558
512 2563
513 2568
514 2573
515 2578
516 2583
517 2588
518 2593
519 2598
520 2603
521 2608
522 2613
523 2618
524 2623
525 2628
526 2633
527 2638
528 2643
529 2648
530 2653
531 2658
532 2663
533 2668
534 2673
535 2678
536 2683
537 2688
538 2693
539 2698
540 2703
541 2708
542 2713
543 2718
544 2723
545 2728
546 2733
547 2738
548 2743
549 2748
550 2753
551 2758
552 2763
553 2768
554 2773
555 2778
556 2783
557 2788
558 2793
559 2798
560 2803
561 2808
562 2813
563 2818
564 2823
565 2828
566 2833
567 2838
568 2843
569 2848
570 2853
571 2858
572 2863
573 2868
574 2873
575 2878
576 2883
577 2888
578 2893
579 2898
580 2903
581 2908
582 2913
583 2918
584 2923
585 2928
586 2933
587 2938
588 2943
589 2948
590 2953
591 2958
592 2963
593 2968
594 2973
595 2978
596 2983
597 2988
598 2993
599 2998
600 3003
601 3008
602 3013
603 3018
604 3023
605 3028
606 3033
607 3038
608 3043
609 3048
610 3053
611 3058
612 3063
613 3068
614 3073
615 3078
616 3083
617 3088
618 3093
619 3098
620 3103
621 3108
622 3113
623 3118
624 3123
625 3128
626 3133
627 3138
628 3143
629 3148
630 3153
631 3158
632 3163
633 3168
634 3173
635 3178
636 3183
637 3188
638 3193
639 3198
640 3203
641 3208
642 3213
643 3218
644 3223
645 3228
646 3233
647 3238
648 3243
649 3248
650 3253
651 3258
652 3263
653 3268
654 3273
655 3278
656 3283
657 3288
658 3293
659 3298
660 3303
661 3308
662 3313
663 3318
664 3323
665 3328
666 3333
667 3338
668 3343
669 3348
670 3353
671 3358
672 3363
673 3368
674 3373
675 3378
676 3383
677 3388
678 3393
679 3398
680 3403
681 3408
682 3413
683 3418
684 3423
685 3428
686 3433
687 3438
688 3443
689 3448
690 3453
691 3458
692 3463
693 3468
694 3473
695 3478
696 3483
697 3488
698 3493
699 3498
700 3503
701 3508
702 3513
703 3518
704 3523
705 3528
706 3533
707 3538
708 3543
709 3548
710 3553
711 3558
712 3563
713 3568
714 3573
715 3578
716 3583
717 3588
718 3593
719 3598
720 3603
721 3608
722 3613
723 3618
724 3623
725 3628
726 3633
727 3638
728 3643
729 3648
730 3653
731 3658
732 3663
733 3668
734 3673
735 3678
736 3683
737 3688
738 3693
739 3698
740 3703
741 3708
742 3713
743 3718
744 3723
745 3728
746 3733
747 3738
748 3743
749 3748
750 3753
751 3758
752 3763
753 3768
754 3773
755 3778
756 3783
757 3788
758 3793
759 3798
760 3803
761 3808
762 3813
763 3818
764 3823
765 3828
766 3833
767 3838
768 3843
769 3848
770 3853
771 3858
772 3863
773 3868
774 3873
775 3878
776 3883
777 3888
778 3893
779 3898
780 3903
781 3908
782 3913
783 3918
784 3923
785 3928
786 3933
787 3938
788 3943
789 3948
790 3953
791 3958
792 3963
793 3968
794 3973
795 3978
796 3983
797 3988
798 3993
799 3998
800 4003
801 4008
802 4013
803 4018
804 4023
805 4028
806 4033
807 4038
808 4043
809 4048
810 4053
811 4058
812 4063
813 4068
814 4073
815 4078
816 4083
817 4088
818 4093
819 4098
820 4103
821 4108
822 4113
823 4118
824 4123
825 4128
826 4133
827 4138
828 4143
829 4148
830 4153
831 4158
832 4163
833 4168
834 4173
835 4178
836 4183
837 4188
838 4193
839 4198
840 4203
841 4208
842 4213
843 4218
844 4223
845 4228
846 4233
847 4238
848 4243
849 4248
850 4253
851 4258
852 4263
853 4268
854 4273
855 4278
856 4283
857 4288
858 4293
859 4298
860 4303
861 4308
862 4313
863 4318
864 4323
865 4328
866 4333
867 4338
868 4343
869 4348
870 4353
871 4358
872 4363
873 4368
874 4373
875 4378
876 4383
877 4388
878 4393
879 4398
880 4403
881 4408
882 4413
883 4418
884 4423
885 4428
886 4433
887 4438
888 4443
889 4448
890 4453
891 4458
892 4463
893 4468
894 4473
895 4478
896 4483
897 4488
898 4493
899 4498
900 4503
901 4508
902 4513
903 4518
904 4523
905 4528
906 4533
907 4538
908 4543
909 4548
910 4553
911 4558
912 4563
913 4568
914 4573
915 4578
916 4583
917 4588
918 4593
919 4598
920 4603
921 4608
922 4613
923 4618
924 4623
925 4628
926 4633
927 4638
928 4643
929 4648
930 4653
931 4658
932 4663
933 4668
934 4673
935 4678
936 4683
937 4688
938 4693
939 4698
940 4703
941 4708
942 4713
943 4718
944 4723
945 4728
946 4733
947 4738
948 4743
949 4748
950 4753
951 4758
952 4763
953 4768
954 4773
955 4778
956 4783
957 4788
958 4793
959 4798
960 4803
961 4808
962 4813
963 4818
964 4823
965 4828
966 4833
967 4838
968 4843
969 4848
970 4853
971 4858
972 4863
973 4868
974 4873
975 4878
976 4883
977 4888
978 4893
979 4898
980 4903
981 4908
982 4913
983 4918
984 4923
985 4928
986 4933
987 4938
988 4943
989 4948
990 4953
991 4958
992 4963
993 4968
994 4973
995 4978
996 4983
997 4988
998 4993
999 4998
1000 5003
