0 1
1 2
2 3
3 4
4 6
5 8
6 10
7 12
8 15
9 18
10 21
11 24
12 28
13 32
14 36
15 40
16 45
17 50
18 55
19 60
20 66
21 72
22 78
23 84
24 91
25 98
26 105
27 112
28 120
29 128
30 136
31 144
32 153
33 162
34 171
35 180
36 190
37 200
38 210
39 220
40 231
41 242
42 253
43 264
44 276
45 288
46 300
47 312
48 325
49 338
50 351
51 364
52 378
53 392
54 406
55 420
56 435
57 450
58 465
59 480
60 496
61 512
62 528
63 544
64 561
65 578
66 595
67 612
68 630
69 648
70 666
71 684
72 703
73 722
74 741
75 760
76 780
77 800
78 820
79 840
80 861
81 882
82 903
83 924
84 946
85 968
86 990
87 1012
88 1035
89 1058
90 1081
91 1104
92 1128
93 1152
94 1176
95 1200
96 1225
97 1250
98 1275
99 1300
100 1326
101 1352
102 1378
103 1404
104 1431
105 1458
106 1485
107 1512
108 1540
109 1568
110 1596
111 1624
112 1653
113 1682
114 1711
115 1740
116 1770
117 1800
118 1830
119 1860
120 1891
121 1922
122 1953
123 1984
124 2016
125 2048
126 2080
127 2112
128 2145
129 2178
130 2211
131 2244
132 2278
133 2312
134 2346
135 2380
136 2415
137 2450
138 2485
139 2520
140 2556
141 2592
142 2628
143 2664
144 2701
145 2738
146 2775
147 2812
148 2850
149 2888
150 2926
151 2964
152 3003
153 3042
154 3081
155 3120
156 3160
157 3200
158 3240
159 3280
160 3321
161 3362
162 3403
163 3444
164 3486
165 3528
166 3570
167 3612
168 3655
169 3698
170 3741
171 3784
172 3828
173 3872
174 3916
175 3960
176 4005
177 4050
178 4095
179 4140
180 4186
181 4232
182 4278
183 4324
184 4371
185 4418
186 4465
187 4512
188 4560
189 4608
190 4656
191 4704
192 4753
193 4802
194 4851
195 4900
196 4950
197 5000
198 5050
199 5100
200 5151
201 5202
202 5253
203 5304
204 5356
205 5408
206 5460
207 5512
208 5565
209 5618
210 5671
211 5724
212 5778
213 5832
214 5886
215 5940
216 5995
217 6050
218 6105
219 6160
220 6216
221 6272
222 6328
223 6384
224 6441
225 6498
226 6555
227 6612
228 6670
229 6728
230 6786
231 6844
232 6903
233 6962
234 7021
235 7080
236 7140
237 7200
238 7260
239 7320
240 7381
241 7442
242 7503
243 7564
244 7626
245 7688
246 7750
247 7812
248 7875
249 7938
250 8001
251 8064
252 8128
253 8192
254 8256
255 8320
256 8385
257 8450
258 8515
259 8580
260 8646
261 8712
262 8778
263 8844
264 8911
265 8978
266 9045
267 9112
268 9180
269 9248
270 9316
271 9384
272 9453
273 9522
274 9591
275 9660
276 9730
277 9800
278 9870
279 9940
280 10011
281 10082
282 10153
283 10224
284 10296
285 10368
286 10440
287 10512
288 10585
289 10658
290 10731
291 10804
292 10878
293 10952
294 11026
295 11100
296 11175
297 11250
298 11325
299 11400
300 11476
301 11552
302 11628
303 11704
304 11781
305 11858
306 11935
307 12012
308 12090
309 12168
310 12246
311 12324
312 12403
313 12482
314 12561
315 12640
316 12720
317 12800
318 12880
319 12960
320 13041
321 13122
322 13203
323 13284
324 13366
325 13448
326 13530
327 13612
328 13695
329 13778
330 13861
331 13944
332 14028
333 14112
334 14196
335 14280
336 14365
337 14450
338 14535
339 14620
340 14706
341 14792
342 14878
343 14964
344 15051
345 15138
346 15225
347 15312
348 15400
349 15488
350 15576
351 15664
352 15753
353 15842
354 15931
355 16020
356 16110
357 16200
358 16290
359 16380
360 16471
361 16562
362 16653
363 16744
364 16836
365 16928
366 17020
367 17112
368 17205
369 17298
370 17391
371 17484
372 17578
373 17672
374 17766
375 17860
376 17955
377 18050
378 18145
379 18240
380 18336
381 18432
382 18528
383 18624
384 18721
385 18818
386 18915
387 19012
388 19110
389 19208
390 19306
391 19404
392 19503
393 19602
394 19701
395 19800
396 19900
397 20000
398 20100
399 20200
400 20301
401 20402
402 20503
403 20604
404 20706
405 20808
406 20910
407 21012
408 21115
409 21218
410 21321
411 21424
412 21528
413 21632
414 21736
415 21840
416 21945
417 22050
418 22155
419 22260
420 22366
421 22472
422 22578
423 22684
424 22791
425 22898
426 23005
427 23112
428 23220
429 23328
430 23436
431 23544
432 23653
433 23762
434 23871
435 23980
436 24090
437 24200
438 24310
439 24420
440 24531
441 24642
442 24753
443 24864
444 24976
445 25088
446 25200
447 25312
448 25425
449 25538
450 25651
451 25764
452 25878
453 25992
454 26106
455 26220
456 26335
457 26450
458 26565
459 26680
460 26796
461 26912
462 27028
463 27144
464 27261
465 27378
466 27495
467 27612
468 27730
469 27848
470 27966
471 28084
472 28203
473 28322
474 28441
475 28560
476 28680
477 28800
478 28920
479 29040
480 29161
481 29282
482 29403
483 29524
484 29646
485 29768
486 29890
487 30012
488 30135
489 30258
490 30381
491 30504
492 30628
493 30752
494 30876
495 31000
496 31125
497 31250
498 31375
499 31500
500 31626
501 31752
502 31878
503 32004
504 32131
505 32258
506 32385
507 32512
508 32640
509 32768
510 32896
511 33024
512 33153
513 33282
514 33411
515 33540
516 33670
517 33800
518 33930
519 34060
520 34191
521 34322
522 34453
523 34584
524 34716
525 34848
526 34980
527 35112
528 35245
529 35378
530 35511
531 35644
532 35778
533 35912
534 36046
535 36180
536 36315
537 36450
538 36585
539 36720
540 36856
541 36992
542 37128
543 37264
544 37401
545 37538
546 37675
547 37812
548 37950
549 38088
550 38226
551 38364
552 38503
553 38642
554 38781
555 38920
556 39060
557 39200
558 39340
559 39480
560 39621
561 39762
562 39903
563 40044
564 40186
565 40328
566 40470
567 40612
568 40755
569 40898
570 41041
571 41184
572 41328
573 41472
574 41616
575 41760
576 41905
577 42050
578 42195
579 42340
580 42486
581 42632
582 42778
583 42924
584 43071
585 43218
586 43365
587 43512
588 43660
589 43808
590 43956
591 44104
592 44253
593 44402
594 44551
595 44700
596 44850
597 45000
598 45150
599 45300
600 45451
601 45602
602 45753
603 45904
604 46056
605 46208
606 46360
607 46512
608 46665
609 46818
610 46971
611 47124
612 47278
613 47432
614 47586
615 47740
616 47895
617 48050
618 48205
619 48360
620 48516
621 48672
622 48828
623 48984
624 49141
625 49298
626 49455
627 49612
628 49770
629 49928
630 50086
631 50244
632 50403
633 50562
634 50721
635 50880
636 51040
637 51200
638 51360
639 51520
640 51681
641 51842
642 52003
643 52164
644 52326
645 52488
646 52650
647 52812
648 52975
649 53138
650 53301
651 53464
652 53628
653 53792
654 53956
655 54120
656 54285
657 54450
658 54615
659 54780
660 54946
661 55112
662 55278
663 55444
664 55611
665 55778
666 55945
667 56112
668 56280
669 56448
670 56616
671 56784
672 56953
673 57122
674 57291
675 57460
676 57630
677 57800
678 57970
679 58140
680 58311
681 58482
682 58653
683 58824
684 58996
685 59168
686 59340
687 59512
688 59685
689 59858
690 60031
691 60204
692 60378
693 60552
694 60726
695 60900
696 61075
697 61250
698 61425
699 61600
700 61776
701 61952
702 62128
703 62304
704 62481
705 62658
706 62835
707 63012
708 63190
709 63368
710 63546
711 63724
712 63903
713 64082
714 64261
715 64440
716 64620
717 64800
718 64980
719 65160
720 65341
721 65522
722 65703
723 65884
724 66066
725 66248
726 66430
727 66612
728 66795
729 66978
730 67161
731 67344
732 67528
733 67712
734 67896
735 68080
736 68265
737 68450
738 68635
739 68820
740 69006
741 69192
742 69378
743 69564
744 69751
745 69938
746 70125
747 70312
748 70500
749 70688
750 70876
751 71064
752 71253
753 71442
754 71631
755 71820
756 72010
757 72200
758 72390
759 72580
760 72771
761 72962
762 73153
763 73344
764 73536
765 73728
766 73920
767 74112
768 74305
769 74498
770 74691
771 74884
772 75078
773 75272
774 75466
775 75660
776 75855
777 76050
778 76245
779 76440
780 76636
781 76832
782 77028
783 77224
784 77421
785 77618
786 77815
787 78012
788 78210
789 78408
790 78606
791 78804
792 79003
793 79202
794 79401
795 79600
796 79800
797 80000
798 80200
799 80400
800 80601
801 80802
802 81003
803 81204
804 81406
805 81608
806 81810
807 82012
808 82215
809 82418
810 82621
811 82824
812 83028
813 83232
814 83436
815 83640
816 83845
817 84050
818 84255
819 84460
820 84666
821 84872
822 85078
823 85284
824 85491
825 85698
826 85905
827 86112
828 86320
829 86528
830 86736
831 86944
832 87153
833 87362
834 87571
835 87780
836 87990
837 88200
838 88410
839 88620
840 88831
841 89042
842 89253
843 89464
844 89676
845 89888
846 90100
847 90312
848 90525
849 90738
850 90951
851 91164
852 91378
853 91592
854 91806
855 92020
856 92235
857 92450
858 92665
859 92880
860 93096
861 93312
862 93528
863 93744
864 93961
865 94178
866 94395
867 94612
868 94830
869 95048
870 95266
871 95484
872 95703
873 95922
874 96141
875 96360
876 96580
877 96800
878 97020
879 97240
880 97461
881 97682
882 97903
883 98124
884 98346
885 98568
886 98790
887 99012
888 99235
889 99458
890 99681
891 99904
892 100128
893 100352
894 100576
895 100800
896 101025
897 101250
898 101475
899 101700
900 101926
901 102152
902 102378
903 102604
904 102831
905 103058
906 103285
907 103512
908 103740
909 103968
910 104196
911 104424
912 104653
913 104882
914 105111
915 105340
916 105570
917 105800
918 106030
919 106260
920 106491
921 106722
922 106953
923 107184
924 107416
925 107648
926 107880
927 108112
928 108345
929 108578
930 108811
931 109044
932 109278
933 109512
934 109746
935 109980
936 110215
937 110450
938 110685
939 110920
940 111156
941 111392
942 111628
943 111864
944 112101
945 112338
946 112575
947 112812
948 113050
949 113288
950 113526
951 113764
952 114003
953 114242
954 114481
955 114720
956 114960
957 115200
958 115440
959 115680
960 115921
961 116162
962 116403
963 116644
964 116886
965 117128
966 117370
967 117612
968 117855
969 118098
970 118341
971 118584
972 118828
973 119072
974 119316
975 119560
976 119805
977 120050
978 120295
979 120540
980 120786
981 121032
982 121278
983 121524
984 121771
985 122018
986 122265
987 122512
988 122760
989 123008
990 123256
991 123504
992 123753
993 124002
994 124251
995 124500
996 124750
997 125000
998 125250
999 125500
1000 125751
