0 1
1 1
2 1
3 2
4 2
5 3
6 4
7 5
8 6
9 8
10 10
11 12
12 15
13 17
14 21
15 25
16 29
17 34
18 40
19 46
20 53
21 62
22 70
23 80
24 91
25 103
26 116
27 131
28 147
29 164
30 184
31 204
32 227
33 252
34 278
35 307
36 339
37 372
38 408
39 448
40 489
41 534
42 583
43 634
44 689
45 749
46 811
47 878
48 950
49 1025
50 1106
51 1192
52 1282
53 1378
54 1481
55 1588
56 1702
57 1823
58 1949
59 2083
60 2225
61 2373
62 2529
63 2695
64 2867
65 3049
66 3241
67 3440
68 3650
69 3871
70 4101
71 4342
72 4596
73 4859
74 5135
75 5425
76 5725
77 6040
78 6369
79 6710
80 7067
81 7440
82 7826
83 8229
84 8650
85 9085
86 9539
87 10012
88 10501
89 11010
90 11540
91 12088
92 12657
93 13249
94 13860
95 14495
96 15154
97 15834
98 16540
99 17272
100 18027
101 18809
102 19620
103 20455
104 21320
105 22216
106 23138
107 24092
108 25079
109 26095
110 27145
111 28230
112 29346
113 30499
114 31689
115 32913
116 34176
117 35479
118 36818
119 38199
120 39623
121 41085
122 42592
123 44144
124 45738
125 47379
126 49069
127 50803
128 52587
129 54423
130 56306
131 58243
132 60234
133 62276
134 64374
135 66531
136 68741
137 71011
138 73343
139 75731
140 78184
141 80701
142 83279
143 85924
144 88638
145 91416
146 94265
147 97187
148 100176
149 103241
150 106382
151 109595
152 112887
153 116260
154 119709
155 123241
156 126858
157 130555
158 134340
159 138214
160 142173
161 146224
162 150369
163 154603
164 158934
165 163364
166 167887
167 172512
168 177241
169 182068
170 187002
171 192045
172 197191
173 202449
174 207821
175 213302
176 218900
177 224617
178 230448
179 236402
180 242481
181 248679
182 255006
183 261463
184 268045
185 274762
186 281615
187 288599
188 295723
189 302990
190 310394
191 317944
192 325643
193 333485
194 341480
195 349630
196 357930
197 366389
198 375010
199 383787
200 392730
201 401842
202 411116
203 420564
204 430187
205 439980
206 449953
207 460109
208 470442
209 480962
210 491673
211 502567
212 513657
213 524944
214 536423
215 548105
216 559992
217 572079
218 584376
219 596887
220 609605
221 622542
222 635700
223 649074
224 662675
225 676506
226 690561
227 704851
228 719380
229 734141
230 749147
231 764400
232 779894
233 795641
234 811645
235 827899
236 844415
237 861197
238 878238
239 895551
240 913139
241 930996
242 949134
243 967557
244 986258
245 1005251
246 1024538
247 1044113
248 1063990
249 1084171
250 1104651
251 1125442
252 1146549
253 1167964
254 1189701
255 1211764
256 1234146
257 1256861
258 1279912
259 1303294
260 1327019
261 1351092
262 1375506
263 1400275
264 1425403
265 1450883
266 1476730
267 1502947
268 1529528
269 1556487
270 1583829
271 1611546
272 1639653
273 1668155
274 1697044
275 1726336
276 1756034
277 1786132
278 1816645
279 1847577
280 1878922
281 1910694
282 1942898
283 1975527
284 2008597
285 2042112
286 2076065
287 2110472
288 2145337
289 2180654
290 2216438
291 2252694
292 2289415
293 2326617
294 2364305
295 2402472
296 2441134
297 2480296
298 2519951
299 2560115
300 2600794
301 2641980
302 2683690
303 2725929
304 2768690
305 2811990
306 2855834
307 2900215
308 2945150
309 2990644
310 3036690
311 3083306
312 3130496
313 3178254
314 3226597
315 3275531
316 3325048
317 3375166
318 3425891
319 3477215
320 3529157
321 3581721
322 3634902
323 3688716
324 3743170
325 3798257
326 3853994
327 3910388
328 3967431
329 4025143
330 4083528
331 4142580
332 4202317
333 4262746
334 4323859
335 4385675
336 4448201
337 4511428
338 4575377
339 4640053
340 4705450
341 4771586
342 4838468
343 4906089
344 4974468
345 5043612
346 5113513
347 5184192
348 5255654
349 5327893
350 5400929
351 5474768
352 5549403
353 5624854
354 5701128
355 5778218
356 5856144
357 5934913
358 6014518
359 6094979
360 6176304
361 6258485
362 6341543
363 6425485
364 6510304
365 6596021
366 6682643
367 6770163
368 6858602
369 6947968
370 7038253
371 7129479
372 7221653
373 7314768
374 7408846
375 7503894
376 7599905
377 7696901
378 7794890
379 7893864
380 7993846
381 8094843
382 8196848
383 8299884
384 8403958
385 8509064
386 8615223
387 8722444
388 8830720
389 8940073
390 9050512
391 9162029
392 9274648
393 9388376
394 9503207
395 9619164
396 9736255
397 9854473
398 9973841
399 10094369
400 10216048
401 10338903
402 10462942
403 10588158
404 10714575
405 10842202
406 10971032
407 11101088
408 11232380
409 11364900
410 11498674
411 11633709
412 11769999
413 11907569
414 12046427
415 12186567
416 12328013
417 12470775
418 12614845
419 12760249
420 12906996
421 13055079
422 13204523
423 13355338
424 13507517
425 13661085
426 13816052
427 13972411
428 14130188
429 14289392
430 14450017
431 14612088
432 14775616
433 14940593
434 15107046
435 15274985
436 15444402
437 15615325
438 15787763
439 15961710
440 16137192
441 16314220
442 16492786
443 16672918
444 16854626
445 17037903
446 17222777
447 17409257
448 17597338
449 17787046
450 17978393
451 18171371
452 18366008
453 18562315
454 18760285
455 18959947
456 19161310
457 19364369
458 19569151
459 19775668
460 19983913
461 20193914
462 20405683
463 20619212
464 20834531
465 21051651
466 21270565
467 21491302
468 21713874
469 21938274
470 22164531
471 22392657
472 22622645
473 22854525
474 23088308
475 23323988
476 23561595
477 23801140
478 24042617
479 24286056
480 24531469
481 24778849
482 25028227
483 25279615
484 25533006
485 25788431
486 26045902
487 26305413
488 26566994
489 26830658
490 27096399
491 27364247
492 27634215
493 27906297
494 28180524
495 28456909
496 28735445
497 29016164
498 29299079
499 29584183
500 29871509
501 30161069
502 30452857
503 30746905
504 31043227
505 31341816
506 31642704
507 31945905
508 32251412
509 32559259
510 32869458
511 33182004
512 33496929
513 33814247
514 34133952
515 34456077
516 34780636
517 35107622
518 35437070
519 35768992
520 36103384
521 36440278
522 36779689
523 37121611
524 37466077
525 37813103
526 38162681
527 38514847
528 38869614
529 39226977
530 39586970
531 39949608
532 40314885
533 40682835
534 41053474
535 41426795
536 41802834
537 42181605
538 42563103
539 42947363
540 43334400
541 43724208
542 44116823
543 44512260
544 44910513
545 45311619
546 45715592
547 46122427
548 46532160
549 46944807
550 47360362
551 47778861
552 48200320
553 48624734
554 49052139
555 49482551
556 49915965
557 50352417
558 50791924
559 51234480
560 51680123
561 52128868
562 52580710
563 53035687
564 53493815
565 53955089
566 54419546
567 54887204
568 55358056
569 55832141
570 56309476
571 56790055
572 57273917
573 57761078
574 58251534
575 58745323
576 59242462
577 59742946
578 60246814
579 60754083
580 61264748
581 61778849
582 62296402
583 62817403
584 63341891
585 63869884
586 64401377
587 64936409
588 65474999
589 66017141
590 66562876
591 67112221
592 67665172
593 68221769
594 68782030
595 69345951
596 69913571
597 70484910
598 71059962
599 71638769
600 72221349
601 72807697
602 73397855
603 73991841
604 74589651
605 75191326
606 75796885
607 76406323
608 77019683
609 77636983
610 78258219
611 78883433
612 79512644
613 80145848
614 80783087
615 81424381
616 82069725
617 82719162
618 83372711
619 84030369
620 84692178
621 85358158
622 86028305
623 86702662
624 87381249
625 88064062
626 88751145
627 89442517
628 90138175
629 90838162
630 91542500
631 92251183
632 92964256
633 93681740
634 94403630
635 95129972
636 95860785
637 96596067
638 97335861
639 98080189
640 98829047
641 99582480
642 100340509
643 101103130
644 101870390
645 102642308
646 103418882
647 104200157
648 104986155
649 105776872
650 106572354
651 107372623
652 108177675
653 108987557
654 109802290
655 110621872
656 111446348
657 112275741
658 113110048
659 113949315
660 114793565
661 115642794
662 116497050
663 117356355
664 118220706
665 119090151
666 119964712
667 120844386
668 121729221
669 122619240
670 123514440
671 124414869
672 125320550
673 126231480
674 127147708
675 128069257
676 128996124
677 129928358
678 130865982
679 131808994
680 132757443
681 133711352
682 134670719
683 135635593
684 136605998
685 137581932
686 138563444
687 139550558
688 140543272
689 141541636
690 142545674
691 143555384
692 144570816
693 145591995
694 146618918
695 147651636
696 148690174
697 149734529
698 150784753
699 151840870
700 152902879
701 153970830
702 155044749
703 156124634
704 157210536
705 158302481
706 159400466
707 160504545
708 161614741
709 162731054
710 163853536
711 164982212
712 166117081
713 167258195
714 168405581
715 169559236
716 170719214
717 171885540
718 173058214
719 174237288
720 175422789
721 176614716
722 177813121
723 179018032
724 180229447
725 181447421
726 182671979
727 183903121
728 185140901
729 186385346
730 187636455
731 188894282
732 190158855
733 191430172
734 192708289
735 193993233
736 195285003
737 196583654
738 197889214
739 199201682
740 200521114
741 201847537
742 203180951
743 204521412
744 205868947
745 207223557
746 208585297
747 209954196
748 211330253
749 212713525
750 214104040
751 215501798
752 216906856
753 218319242
754 219738957
755 221166057
756 222600572
757 224042501
758 225491902
759 226948804
760 228413207
761 229885169
762 231364719
763 232851858
764 234346643
765 235849105
766 237359243
767 238877116
768 240402754
769 241936157
770 243477385
771 245026466
772 246583402
773 248148252
774 249721046
775 251301785
776 252890528
777 254487306
778 256092119
779 257705028
780 259326063
781 260955225
782 262592574
783 264238141
784 265891928
785 267553994
786 269224371
787 270903060
788 272590122
789 274285588
790 275989460
791 277701799
792 279422636
793 281151973
794 282889871
795 284636363
796 286391449
797 288155192
798 289927624
799 291708746
800 293498621
801 295297281
802 297104728
803 298921024
804 300746202
805 302580264
806 304423273
807 306275261
808 308136231
809 310006246
810 311885339
811 313773512
812 315670829
813 317577323
814 319492996
815 321417913
816 323352106
817 325295579
818 327248395
819 329210589
820 331182163
821 333163181
822 335153678
823 337153656
824 339163181
825 341182286
826 343210975
827 345249312
828 347297333
829 349355040
830 351422499
831 353499745
832 355586780
833 357683672
834 359790454
835 361907131
836 364033768
837 366170401
838 368317033
839 370473731
840 372640531
841 374817435
842 377004512
843 379201796
844 381409292
845 383627067
846 385855157
847 388093566
848 390342361
849 392601579
850 394871224
851 397151364
852 399442035
853 401743242
854 404055053
855 406377505
856 408710602
857 411054413
858 413408975
859 415774292
860 418150434
861 420537438
862 422935308
863 425344114
864 427763894
865 430194652
866 432636458
867 435089350
868 437553333
869 440028477
870 442514820
871 445012367
872 447521189
873 450041324
874 452572777
875 455115620
876 457669890
877 460235593
878 462812801
879 465401552
880 468001852
881 470613772
882 473237352
883 475872597
884 478519579
885 481178338
886 483848879
887 486531275
888 489225565
889 491931756
890 494649920
891 497380097
892 500122293
893 502876581
894 505643002
895 508421561
896 511212333
897 514015357
898 516830640
899 519658256
900 522498246
901 525350616
902 528215440
903 531092760
904 533982581
905 536884980
906 539799996
907 542727637
908 545667978
909 548621060
910 551586891
911 554565545
912 557557065
913 560561457
914 563578798
915 566609129
916 569652458
917 572708861
918 575778380
919 578861023
920 581956866
921 585065952
922 588188288
923 591323952
924 594472986
925 597635398
926 600811265
927 604000631
928 607203503
929 610419959
930 613650043
931 616893762
932 620151195
933 623422385
934 626707341
935 630006141
936 633318829
937 636645413
938 639985973
939 643340552
940 646709159
941 650091874
942 653488740
943 656899767
944 660325034
945 663764587
946 667218433
947 670686653
948 674169292
949 677666359
950 681177935
951 684704064
952 688244757
953 691800093
954 695370119
955 698954844
956 702554349
957 706168680
958 709797846
959 713441930
960 717100977
961 720774997
962 724464072
963 728168249
964 731887537
965 735622019
966 739371742
967 743136715
968 746917022
969 750712709
970 754523787
971 758350339
972 762192412
973 766050017
974 769923237
975 773812120
976 777716676
977 781636990
978 785573109
979 789525044
980 793492880
981 797476664
982 801476408
983 805492196
984 809524077
985 813572062
986 817636236
987 821716648
988 825813309
989 829926305
990 834055685
991 838201460
992 842363716
993 846542503
994 850737832
995 854949790
996 859178426
997 863423752
998 867685855
999 871964785
1000 876260554
