0 1
1 1
2 1
3 1
4 1
5 2
6 4
7 7
8 11
9 16
10 23
11 34
12 52
13 81
14 126
15 194
16 296
17 450
18 685
19 1046
20 1601
21 2452
22 3753
23 5739
24 8771
25 13404
26 20489
27 31327
28 47904
29 73252
30 112004
31 171245
32 261813
33 400285
34 612009
35 935737
36 1430710
37 2187496
38 3344567
39 5113647
40 7818464
41 11953991
42 18277014
43 27944604
44 42725841
45 65325542
46 99879234
47 152709940
48 233485250
49 356986401
50 545813094
51 834519021
52 1275934888
53 1950836005
54 2982723523
55 4560424135
56 6972643768
57 10660798289
58 16299788815
59 24921502864
60 38103641048
61 58258423000
62 89074003241
63 136189372297
64 208226244217
65 318366757185
66 486765693153
67 744238632362
68 1137900943868
69 1739789499591
70 2660044812499
71 4067065818560
72 6218325456983
73 9507486039274
74 14536436121156
75 22225431015537
76 33981491728478
77 51955877898402
78 79437750107600
79 121456058437954
80 185699797783845
81 283925028858214
82 434106137830985
83 663724996911356
84 1014799914429681
85 1551574629731851
86 2372274373892235
87 3627080255883604
88 5545611134786329
89 8478941928118735
90 12963847351182992
91 19821027148139484
92 30305287200979580
93 46335158388606005
94 70843971504351165
95 108316631971279317
96 165610319586346953
97 253209294402394169
98 387143427607047390
99 591921532316051776
100 905016268996335479
101 1383721325262966135
102 2115635675931990960
103 3234693454208063175
104 4945672764800187166
105 7561668344388646636
106 11561385249240072241
107 17676737830023488806
108 27026783865014968546
109 41322502664806635452
110 63179889808986948994
111 96598662202407334777
112 147694172425851209366
113 225816466514310052501
114 345261263267575531088
115 527885949829827958669
116 807109298594487721027
117 1234026819784998692751
118 1886760807489819716976
119 2884756058462216272289
120 4410637259264440786271
121 6743627758661153021280
122 10310645077842863949040
123 15764423204514394593776
124 24102957389648141510801
125 36852128834046329214097
126 56344928037105669938673
127 86148372318007874612289
128 131716239803424473879681
129 201387064678489214657874
130 307910018387600284650164
131 470777900133817024581127
132 719794154198041639124379
133 1100526648065690727547312
134 1682646206611829030628119
135 2572675783545567618359090
136 3933483260613123230671188
137 6014084891878720482107665
138 9195213171210008461091454
139 14058987657153125470703362
140 21495437926641810098674360
141 32865371456743617957316546
142 50249389878724146298066397
143 76828621471914683099907702
144 117466840722258345372452369
145 179600497899243817743671396
146 274599526532972908072206969
147 419847945045426144698808939
148 641924985029794064425318611
149 981468865736420329524280652
150 1500613244342290412366914089
151 2294357149481133403281754495
152 3507948999665402538895403840
153 5363465834879465738934371796
154 8200451535829949268497620404
155 12538050481122723210427783101
156 19170006575896630555639700293
157 29309911670335940439747021325
158 44813282599654716062788714153
159 68517105064803440954328027385
160 104758978011074889056295123718
161 160170857533242967713901920344
162 244892648725746986811255738295
163 374427722517905721971398270399
164 572479901374867898085868829888
165 875291058242904963256634513095
166 1338273072644184996141302116646
167 2046147735771212015837225458492
168 3128450121416144757504547070737
169 4783232408435945397257737512870
170 7313305753698651000267562468098
171 11181652171605541599418689539972
172 17096146325283644214407042070338
173 26139090600377891586899941671441
174 39965267283908084356650578785414
175 61104749721136928126668778367485
176 93425884329971313496105667489528
177 142843165264089343079949598681909
178 218399536798585264250693471545731
179 333921175616989269778087923194967
180 510547564156530203432151153211688
181 780599837026042450582320050717937
182 1193495275159644040812438546906095
183 1824790250091830895293250514639984
184 2790006400641007019552150405568840
185 4265770115346713347243201449709384
186 6522133667078462125516572544567865
187 9971992493969854944602382186332441
188 15246641570953078658981442342737001
189 23311297048577309392912652904710401
190 35641722641548253474087064916393185
191 54494281901597659680778049472643834
192 83318833655616920832071416215226924
193 127390026980589260642346225300547015
194 194772517354138909845533687290577507
195 297796730369236812522808214197001184
196 455315225285932374880860790576068695
197 696152553858244858070984783170363130
198 1064379909411146601903455001065204580
199 1627379782318187255581458906250623537
200 2488176385594464721782271025633043678
201 3804288214156674562863943935591532514
202 5816552596577129262016601628720384480
203 8893196888408730563072714322914441026
204 13597220962558519119710285923359121109
205 20789421422302772398130128549436844870
206 31785910096203700239413915111106101145
207 48598951366681757342714303301495741900
208 74305189525568545009087405814799823681
209 113608648647013851795170794251463026571
210 173701529190761930979384311237563074331
211 265580319830713710403011743334769223236
212 406058061837347247169353478733471114041
213 620840993369549328944782619946972828527
214 949232573548765262515382555411937569584
215 1451325682918743127065366802114465384972
216 2218999112119434702018362792151762423596
217 3392730603157473524140712260922530576261
218 5187303087565061675207844349640271557453
219 7931108145521415088790358993769950108229
220 12126238886396511629438240440014094043977
221 18540368739391042872104484678410000403321
222 28347229195543047638911441177728437338926
223 43341392739260114080926242026687145831984
224 66266664428498595611731401869415804433271
225 101318175004133588771974802152158557078535
226 154910054319159624804322687113311310127120
227 236849162829728708475582013252192500514631
228 362129664079557906227767581417760836734126
229 553676829757885699591684551452744977386892
230 846542170440347081727576323639887675118193
231 1294317565441968088667790782940341682976614
232 1978942123273317804083587255492988191349666
233 3025696345184225425727151309463395536456844
234 4626127396853018746962399914886547858950914
235 7073100618962159149925224843949587856563177
236 10814391406513267641555840555952969537152054
237 16534624317337693937270043523449339409090597
238 25280553573346345658711397800409104817485984
239 38652610226208016127115151992255418084832285
240 59097767498031845745444131028051319208741763
241 90357316176368943005328950619800189869803295
242 138151489172043734202483813734998399939955424
243 211226215741064871058350074650605714827593537
244 322953552536294024041331487558468447800063935
245 493778656829555022769757031494382499981276096
246 754961077299184964503511526050096742032291552
247 1154294986940858640439749834340809384023262432
248 1764855112323597187434338217282127740841826849
249 2698368790242629758470258087781914545460455201
250 4125661124991217352275934989776083850060359649
251 6307914537038989910585123417820349896692555649
252 9644462936027621109334061680205425327348014081
253 14745866447339849495517338159872628498845299362
254 22545638748894707640170872727321746215803039844
255 34471072175440783137100342284546947782821139975
256 52704420139025848544614935259592499246531795755
257 80582231038638535061463589914843476037590465616
258 123205908385591071073829582729967081327494434839
259 188375224481438314726366448272412432833201443906
260 288015612752726341516003656099404732121729592948
261 440360421163040216850255799185989530656789537745
262 673287460611992627245971532187417805229439948158
263 1029420408446536108715516847918813161129584793410
264 1573928580762517904911428611922620949862931082568
265 2406452365831226042623344032025833470718006964674
266 3679336572062974397185515251315035522229872384525
267 5625508238906715378993658002791655378971177752534
268 8601100314196992469517317602187088396842067913953
269 13150620970249787464952405813505142364575889157940
270 20106593992133808503010838056849029803027717366601
271 30741903586080803938254785551507952763709417959787
272 47002721418934514752492391048958531103362296305507
273 71864639565985218036247314148596197839857242565180
274 109877178683285708784954643061739006940928077982793
275 167996311792720008036672810031730845845026630767007
276 256857348488235111226645762553230637512834601511008
277 392721106602684729169111106123688960284004868560516
278 600449504283119565147823763842743480895032378175204
279 918055080646840109911491064623537008446987965772685
280 1403656968803280662711831175436061381843970184137173
281 2146116205447956326738817048801816392753787004012669
282 3281296548695316719934914028291260363947608692448681
283 5016926396225796678278834771623447816036462759059897
284 7670611324403116746534246579579172276572304791443798
285 11727953221383717477501489562970958118952117007964872
286 17931411323812274535207549595164560354085716228498615
287 27416165974936148312848523655649422953166924141481039
288 41917847022285818768768332487757733368284594813523360
289 64090139394038605971222387899445216059974570277009479
290 97990384987175110651177932874103656870616662748460470
291 149822041904123889866341027443926658035344471448410076
292 229069864796008817394352645669399082153239204289840721
293 350235534710179563691132596382629239639418531944794726
294 535491344018388915959134934995304613185572429876758210
295 818737538313773378878315206482083643602342990557182164
296 1251805774513281731663836505412789332054458022686016194
297 1913943875508798901843710450012894102659812259104690945
298 2926317511214495635714716990995628112904585027468160422
299 4474182490938581285544858466973666736334930225708388109
300 6840785008976440314253315149433789003367618414505797960
301 10459193301527581074625608337306700602454764625989224005
302 15991545469587520736841611975192506304201723096577340995
303 24450215148861956034772332604073940118853266594633618407
304 37383067319074972618247911699929040669839740318398283928
305 57156704498264429515976805945217930224193832456668747409
306 87389534978981467488331308527813520381002689220928434895
307 133613910929286026197527423085601616842013269081765463376
308 204288502028452540941495870247463653421877115537236110264
309 312346160446694028303712229109254730671580702311105041080
310 477560523363199945181905393916263738145478121541642719305
311 730164421258687329548429867251086266000378229993108832425
312 1116382230083460740112481763671510410697291607526340408921
313 1706888540936686691618029530339398208816082100596808095681
314 2609741012236606671427289526116540737606453295978380823521
315 3990154006899726596418454915809947004542302612901596270666
316 6100731422821533850958050172754439537478530159817920550236
317 9327691068826801845610127193370442481112049314260585238727
318 14261539255768756531880233744325843633561650569300058022899
319 21805128454947317889577629821397785523617705120317911630592
320 33338871661025605843693480814279674418216062284237361508951
321 50973346289925427648767381979916002850292949607974731937546
322 77935511987652051299451410338922773763481886245972687604868
323 119159216941147431482015672442255388310232473453270701295089
324 182188050349590129554157564366985788380600765780886626615902
325 278555755419058433469992937105995862869185120392739913445666
326 425896806778452165034595691824921940208062424612567932212976
327 651173370125497947898649856882770791310421615078368638585154
328 995609150413691162244719694382875030723013278997440046252421
329 1522232981051474506144947096249965058516205708697398080535590
330 2327412567108316283515167435223050949178583258790096028264425
331 3558488959943610225919983466021058780049023233495361908206236
332 5440738722904402116223449353701837402229884823278996426733201
333 8318597636278885168771634935765491055133759692060070991512587
334 12718689530704842727464767614079109766553840269538543636827563
335 19446193992239116569673067727615779427152504105807112310406964
336 29732187413717000637801351307173507867800191175571042892192601
337 45458919558099286822153084240433073710677763068613969900711439
338 69504249338760458175276452109458130608689094653716967900742864
339 106268268650126472255864587592562297273254266508358509537601852
340 162478481953731602906125790803282243364971942468807163484867804
341 248420882671053734194188345321175697324489809604826860324326357
342 379822202946475152304403984079502224994685439809460527064496349
343 580727772560657028589896074947286883273570164667811161705409205
344 887901610824965377131252753407633838825709156034520305883923913
345 1357553931043005328578735222671263037742820089870036613547306425
346 2075627133932099014220406037256067933984420833310379781535015294
347 3173522539767667852166480835920375055220707016560183476587220512
348 4852145718163893718702451709531969059730563364477798333344834935
349 7418670507385084962369675336551196903066128868429933495986373271
350 11342749227649281534615634186241687784144514462252105272175218032
351 17342455081845577121081999073188246599207320889384656829899078087
352 26515683475809540559714844796055180469490834333077391864210158654
353 40541057587937397717050142228454083399504911141247925231866074156
354 61985102207450339836755114997404183232585116817848392095508362929
355 94771896054612563491075721952595970849809836956700964231325869734
356 144901144983620364266478327980976005066241877984938193197042454626
357 221546077388437705601595778805411219752164753346252814026969198172
358 338732067381192444653763371858300517837592539848815360088762015874
359 517903159581397523542686079908593999155605443169226298246063196505
360 791846147836215165922684509911483451323428183446338200634690246870
361 1210690281074653172569161267895348908557492801708388296220359751861
362 1851080491701528884817233804684625585543722173316691205832998455024
363 2830202769709597041719069713332202780367544084773809475534399174061
364 4327228207299062722163591701888373974346971439400154043481863089603
365 6616099792724743568530798200356028619649826977472836812064017252015
366 10115661659225077587467165966719032173510175317253907876866531166288
367 15466304017426940491220767537766661312914245830351670147502043535585
368 23647149145338400436693438822146493232685860428223241893671955078943
369 36155222480548923104329701808414699126804446465494967683323729711904
370 55279395608484189340496762995038933640572859480239530285039521596880
371 84519230395644533164130990148382200327851447812238000763621844648144
372 129225369200231817478985984839492128328044281974588141389706211234993
373 197578657150157502230534418352748549560922976565161523909462532900785
374 302087167580632110086412553674419669920606117621229874112542584278481
375 461875073619590907282787451991129723920862118157537754600662157253057
376 706182210054194237643293340456221978248969566506083635852403574875777
377 1079714715689029385482785213760806360905121296829217658493851203733490
378 1650825878474022035552811505418139293122196003717513205044761365491988
379 2524024208839646795709250350749891895259876828227038625708214111528967
380 3859097612824862463148476648072774221318419770894101800972329014819003
381 5900353226864272368230996285851878525625932280067248612088847492984816
382 9021323556592711658796301137391789190838566086069613081699217174884119
383 13793119764795172984914417494349839149173395895789490756354348222275410
384 21088940181837281106741784202057781002768102533736407056717693381195668
385 32243858211704251691717627557838497077681228942577425158053367554934929
386 49299129468435494644924467199471091678220287631485691871477889221659006
387 75375724281759449256927607978495475469597912406463571666601628063267202
388 115245438859878576853845166251869698410148933077230942218079715127150808
389 176204093619834985557504508727301702353468056281734719826275495572230082
390 269406606591495645952881478760572203374468408428815922592524643572244285
391 411908249031591800993182915993313796073689048207382817230251680793917494
392 629785615753447405290411961204550864242507600392413283534580346078857905
393 962908421335181586441486172667657630821475085654674692056988726490949124
394 1472235320536750753150064892858066099753910627198670820405672602475270425
395 2250968826329815565811525091809046772060814577171482871346881122031836011
396 3441610581154472179466168206753341240441407575351677739518341322382319091
397 5262037951732576198411223282902186573064508173924285891224381868811660076
398 8045373743645861803797764531718689536509083858151568734987411141731950185
399 12300944856095898162334370673393258599707570169577522399156113017127510719
400 18807484794875750086682501906876874434966871058174958934671696014554907264
401 28755635314810074190496801347113831510667579522124073209705620334364622900
402 43965823786476974492722324070252975159432796159997473375963926522985998612
403 67221386001789736598745611325110808344707096656022442277209643853339324509
404 102777893073198396867103269253361900129688967321624933577611474200820161125
405 157141884939482807222143429088489866349637709045402383812685000562855905005
406 240261512120577291767680390270731664080254030291303907257464147259256271785
407 367346963088148750805939675523226436970303147697202904078207220478642637177
408 561653800057509946442944572100832018205059361759124343176159937551368327078
409 858738530100069538947052737931799499569504543142670715851724128824914178104
410 1312965145082111938673304332851256847283587433571619472339973320661315934135
411 2007453272184731630167236318041445859077924354291872136085686659756973961951
412 3069288362375500072467107978754861307842564422709327703909607219331274626944
413 4692777252623778461209924211569108774812263852885907614909687716456943619015
414 7175004672972126388899793182315155741351467826205158241761492342407526789190
415 10970197238402586255262966485912459555174259233096028340953270289019425893500
416 16772843076017777751793376107551209228074974994278770576230734895388298959761
417 25644777276008469320790893707944820208818255178170840515417806721088446652966
418 39209488728622939350998335519907539964373799214948818069514566263245537965186
419 59949204854209535770105570514185415461280811077931953865372818147810156066596
420 91659118218198718444475771994375750513362082174011118002184340321394200061506
421 140141874658205678870639349582117294793518328264369052715226597390366543016177
422 214269408374221108617593820877803659282492829532897827943686661180427332623814
423 327606430818859477715546627693397563735841130016375421241661291233733660196637
424 500892658117707382583605005023176883650470241577784968405008739434850143836056
425 765838003634754005896139154347331954078461435313205633570540527957360827536981
426 1170925223810006308079312653253604319299970957312995351451298913870238054254083
427 1790281852359479718880079973037680343803973308845682897275743960963542613594999
428 2737244911727812607396393920515153932043816790394745864341850299290580833132552
429 4185100629213852878496312873015804403934130513521593799812965377052469196506161
430 6398794350334647155492370979863786829902905671961647368854620982771718387416751
431 9783413295265447740567741739965373575171651787714696289347575502361205632581424
432 14958314092555728044523192473104640664244371212313428107116273982914235491341096
433 22870459801573820955875037126759061685360907427306905789226822762757846183233320
434 34967706139805766745723194653429287110411574155821977271150336919653926071631705
435 53463746828372359691063723159963299365365146556298696121928472059321724347446841
436 81743200812204400376971993406462685195490370744490111262054182701350728255843401
437 124980968888592169107403456126066711689859966144994954509296167326293967655581057
438 191089196766553758793709955972429799869590468972806703545764974713995053238552033
439 292165130784321115225739650472222175159732545956440429853384119021350064893154714
440 446704811630460831348833068131977849815239769496372852282931735388026800895204236
441 682987693288804947848898479198196209666237363780795385974533534456054265153097159
442 1044251543835741233456367346390481281207094924210212874175431500850375697066571139
443 1596604591149231277857546169555196152617542953612437065922094441958692182218597152
444 2441122769247042437484464643192133199187723528971101687522141502088358732263777879
445 3732345758975314428460216184961048095573143873826139161405120297606052083204162842
446 5706556441992391367284866205928159201624801582461972021262632627579799699297644964
447 8725018668845209539565883573285751588883554215308017755295576458403923012457698225
448 13340085486847258989704447110198540128759849801766500555250614731186738507836348638
449 20396275074096350877327475290303461867823868917196085042727794506057912735478776930
450 31184810420320757193410719655369431702461031906451808691610094578535139046325368064
451 47679902208537554876778830226363560738722996478169504361755027278592165056469604162
452 72900012665599562099712824370643441363868515265195217787195536437053114079071538485
453 111460208609508828312351265625121862117773883853987431767886660326700801609509821446
454 170416679627514445402317182169903744739503121359975730791305578722406401875426881337
455 260557961065840819685693818370055059063693390772415838506334591696647141187669309292
456 398379144712704748845849284796569934126606656663025450583118631949480045556381341409
457 609100341025168240105717575593728250553388437818830280447098208639366064004164912011
458 931281745947140559677937132016008429097944102828622542078964445655952884061458304059
459 1423879830496627324652473870608192352382002889198390534502136261394946105994178577444
460 2177035876111954909312704427570431334729755066340574365431642668830586469114568160121
461 3328571066439987242818784269329240251204113900145783646944267708215706877791339084207
462 5089206597793187816430581686681777418231861171769823208903990956240193350472274920304
463 7781123875093528949720316236050323014357552546222485312942678649920632707214669060460
464 11896920982890497407662524656027060962865246809873537951483502604996018169951241778060
465 18189753966799420774917437503574230246102696139865164955455969228901990101802382655781
466 27811158017148331384991134620450639780544259370002575606372703561023668911444862617709
467 42521768665290429811495413424008826733217683771909809466193428849385541071559617499941
468 65013503188526057187720008463617336700248660720039528638956832787668045938889041442633
469 99402158694652181971607128159252907630144884478042785763203739330946568976169707163385
470 151980568167577727530411685358462708806143804375911207842906615103127082115252755539918
471 232370135657651604474207377178123149762686983643782205528982194436331264165780666534160
472 355281471813015911229498482421792417452447846683563012681251202618920987287868195028343
473 543206311156906275172509596129079021842457370443383348472477043589178756348844764965159
474 830533309195448821087127837995618533862611778681246470026906623890383094385991042065360
475 1269840875401569094532157765220620754688909991295020799424242819294714514538390074705479
476 1941518577265340972451395069623746125277895187552577334350561209135377198856569773879758
477 2968477750942128761600130856448663913319328230493696881958130801594960870462617668082380
478 4538643235775822825921376239402660723203218643878199778038177437643723298417510327250161
479 6939342029804965711329749460352276066949720835943949144145130697582868820758394028483302
480 10609881699235677691270280446522512165385133019304719309676326776816728857637667804421922
481 16221939945931730643662206502316494389098440390218066809558084065185966093373511354240300
482 24802475943569912357654263414559140526131075991625111191397972155150164199571972572141058
483 37921655176983916897567696566204447386366930236910355351276037682758085604187944117291977
484 57980176440202887148810879178202030313552505318139548655299233907948875829562309690926198
485 88648579402657535091324342236722125406123213418673461268998756909956394912574343068982341
486 135538922311043913677500011797558714887792361909425440692256363977149880088959887801278784
487 207231741163000204621329944772954444895592586391802531306911943199493529464917405105716285
488 316846215191940412462727574314554622289759741111089977272843560104595264445062866527445763
489 484440865661083507452936083034356829997479401148516971894074410917645875254770637640101439
490 740684095532884137534468933990881163111322274604617427784304018640652880977052751821739456
491 1132466247715728681293501796744964211112957509970143324366789990340809766788294753804656257
492 1731480141061573429673864604272001704010185331727471752256187905240460182064454160893289343
493 2647340249599358590516954986113593819197172894595890157418429380244705861785676434509368192
494 4047641223798227258812981450989542764381639858612825534474745266166597416761669345765548480
495 6188626293529980064643476849856372872677429097234378339315365170729141852714715008843468224
496 9462077610977461551767474045468167192086175845826074468522775065632496055456055425726044225
497 14467009069486516468565335845351963215505107926145242349986372865776310440261850003501909569
498 22119280777594929975880152631349353058121212901060300388868400046164830686853321015787143105
499 33819193709501570742007950868336285665118957734588183962225172492719948350206461373837925121
500 51707732934938191572779225955179591144794131665350445874897310110004207866274316740732175361
501 79058349771352273955317975087491063816555481441938782256092222792920963437798227533352469826
502 120875975677252872806422060065154499703821939144672360987273508341614029449583988329474673860
503 184812882360748401633406297674167288649209609748466240107323193936471926148223070141384020999
504 282568982753745501202398486151516363259716238086848303189598052024049771197068613327131293259
505 432032816081680792344169900584045029015016998090580812146770220221631824112188473253610740880
506 660554999180968357441259290104064758586873239536252103360034611212134840465106560713442658327
507 1009953157957508795344770739689238987862551420126595755560572510544251886267608636502749249634
508 1544164199094797634881688486948580505787439210465405647868433603812840858218333782433439861940
509 2360944222985831975621004720359438386972043238891063843365892749105479601366127541691261767505
510 3609757062958547108704490854354341297171664265407302851010122114619750168626109774202694413950
511 5519124902112230599229236278453308965958158531459793962014386091346155576351198567427569718722
512 8438445899223422885098752442241515622607204217638880828579222578616812870343895997155194273128
513 12901931095429412805849957092978302785043689114283373343012492669700311022554927209316258689474
514 19726360514621234702222166464074528334452217249818929700811655509889288776132085963168584873325
515 30160546996771603707298866689525095181032409650761788909620940464698016698335354491223605471126
516 46113858381034203311604803193428970993570760583164442080444611510852900196889821586706195787649
517 70505615664520225801009492139574362428716315733205976079847505135624596565788184679343980377300
518 107799304043435661096264138178698056648905559997530883422262891430096603957241474981298023656425
519 164819352936972331093740950681896279203547021511674720465489933234457900124826851246420651808875
520 251999948827280604798516629874619596939220892676580346418337915503517212990747582002766885432451
521 385294403098623081814897112260771885668465524424650414451630509283429426053558134345819314843676
522 589094473034485784632287086786498536826426471905926458564770608198966235682156871368215724632201
523 900693847013784148545941199490923244633292979384733386100173598544599649267997083371910158077151
524 1377112573930054843553336262877244231643706508375215034101066522124690962978664146622025243330976
525 2105531249673606143359247956138184815593340930042277028520297361208299489680078791874907214017252
526 3219244328515780524980056761659897285211440876133989437391158709575337442435051571473608499547204
527 4922051880392440691233152653968108291655967294131628304826790666141341630872181222440525509709357
528 7525553279282885006032189745767242542733786691514000558362596221251945468577307956779352677948661
529 11506167252103384164384563100443621025455312597271587845999468298487240269261098837740205089518941
530 17592312474597489466096184411258184323770179433071452162156637736930834559624968510575964715106473
531 26897702025607375292787862483732644907296487145005305915704965884949766292423889754885332840241209
532 41125143457009701810712693210175213782478762151070787974080084699110039656094992221635226475085302
533 62878138167694913334669713682385025200394823848650270590817799734522258488343402645164472787878056
534 96137300130483509023011297255038457643766198143501341053554983068421717589852911906433924190189751
535 146988774567869594177449065238950074410907751871423863678448804139252011250987389678279340307607919
536 224737951030863054624674695706594336085345792744351692219047591095032071204545757205010089265267296
537 343612270950866216882613019384413811542262595768350308733726462749922170814199116953376064698011975
538 525364729038564292475221056744618312199574222640999195839223134139334528912195879346906512918634710
539 803254487256745877090840391359861270500652047657149423998274788597168604600045553646870885329447196
540 1228133020042797055883908791214054303212637624544723515835775247194254691538882617625114598047867601
541 1877749503859711289301651886774841672009968994176649299892323296886372849682265438808368400031555302
542 2870978258627491739602008001720042852349562959576925392682597809328413178639847376944998266713254978
543 4389571742433836482377585173409862344888731147618200681312095455909788036509625194428534646313589364
544 6711419713496927102244002736459543107928551383316625393939867891088331498979448565558941911243370946
545 10261400704602814777994329090723278174181009243559773622403415573461129652988154554314463774221020129
546 15689131199568413743046307331761854912443436097979571150759286552720300656679125981878354037230224614
547 23987839953161504447700293574520474503055425911976294071797755341307884839009944786387242566952684077
548 36676120449188431634731864990688956438556146873591217674148319585805257057850388785324665742988732904
549 56075820658712285924007439143316981481985419218522766670438751721390960775670281349821030830268152677
550 85736921572838954991277342386668284699595700807014089289132599430437794146478328468631859691768592579
551 131087153686534037801593552961781442829649418493484983058585733692204928173965501569321042590499257095
552 200425225753390625059610057111415075462758562091932170899836623295279947040462619456397468056182605688
553 306439418269435643952358426251737664534423852563970576415235832484160222964810126128798559264854687185
554 468529431444192948769114234535377235088074562254531748601073793394431459664827914151020681303794921359
555 716356366191789208577147385205685090341320972752107010076044353735140490511324030641874663034503748112
556 1095270454625919506186774088837774388424216801743167254609600647768054449531785648702049687355711831960
557 1674609768813440428856010849581278761969871192826159670042993565096248355592709886218622179733102521496
558 2560388501270396995477606036576520800049949436473122661891622314908602484618444249863993231375347898217
559 3914696665171546510868315458107140073218102242374617402341324858115388073309006527660384964321388196297
560 5985361195264485234836172264843444436727576021028219152867071755057314152510892836098651360301932242489
561 9151296179983343464990803160417523188661266601424988158002419299767294681244564793238967443638188120641
562 13991840933515642124001444905572880702564828374647916833180760409573523565570946636597905706707546520289
563 21392774188318337778489692687304759016518339584343968170250723834288354934515772729820837201152252818154
564 32708404108292579943846255927143777403689953036414636909662012117118574376769605350704153659918347312316
565 50009395223531307344038991431826240227589142509513524801940372155006107971534330807686121478986374048967
566 76461682518753378209222530096926226240149598584037400852221151492660936247543621057907056741692588906259
567 116905810747491091198407513667599092955274883033209193735682691239889288089123857944725897711106350283840
568 178742713164547141966082189925576718686918507066724954789394954821405994865219867561365575881672364479575
569 273288019689895772677603122110698121822252084136655352752769230520041276018085482528709407712156725987626
570 417842721438775710733163045727645765185174803716099275518083878373682665142485428303739361021627461544644
571 638859105706409026997945499441519634788247121879580599135619677719984990514428995136676371072790786007921
572 976781300721533434461135466822992597346594323076271116488838168306176603975496419914339278835060460755038
573 1493446208901204983890407624130042278591860031339686588631451613713774212301783712253367762479002499981730
574 2283399136770772305997282903547790081659377823739757413526834289641413096646156487121105653835101265196048
575 3491194786079115338837321228693183649912070419855927513940300843942734646133014690292582906212827491955010
576 5337849541093867398675305053280096852953010137851678213489387075964041186134301888600736529663344504721893
577 8161285596830152892974424344690002653340544178923700029527311476291524330111085506823229431948921978243814
578 12478167861467643371163951260229950732319938251335408434196687490332781686389652837299090096713501951747465
579 19078449262875906155350761079317688892958710147486874252392897794015452139314376654896056415313183190447164
580 29169925450363284278374892127098610703509552463494267584529408941640857238372115162785605640125691921101873
581 44599251178944529800074328228159629367013404917353339130155307165230303523564155559275891394601545156478475
582 68189862504355928214748188673910650683857801550136110705308516865111274138867281462589406581026320370098891
583 104258641691234970000586000379891622733022136434254290714658414055325026440560060203202011864164597535466772
584 159405870140989917941774573165190283675145181465859344976401209039554230881567215598710673562616057891281817
585 243723024041108150161338038077587555320777778960958666822673412965424292560946486157004940901193210168198735
586 372639429120170912180975831218144456333423781373411327799100924056524657763889912274575099634371907601594128
587 569745696703589602415361813032612008029927585336000099480836952012736297105700619854734664948576925405088412
588 871110605978243262650333795226971182459453525732843161877231394024272962888071387638096242126946540744049468
589 1331881385393886840827080350586520640564124647595545569250027045075363859552009371020168492867932213974292341
590 2036375188850638569165164944023657653989573548419206643445496109091879048776893840559245684510111097372733949
591 3113508421427561209684225368678939123748446230616279045440066097164918895765668222372897975786661888372769685
592 4760387350708073452618647606366832601537246498149351546915473037250695039860143224041284932011789604777893833
593 7278376885966828958203403639281697261785500291415267210268111371360744146842689613347768130363863861927067449
594 11128247806619471304615240022783082562597878732276728442870776750546157113377245373674419821583870333050533406
595 17014493916122752220192241350308125517399830721557396318918938238823449128688694974560317197313987901546733312
596 26014248447053594345453468046512107595950228941454343240407165824265660039765812797819112548830767358415702903
597 39774390328692509923333342349082922276037873659500641708810866446958565990703073845119192832359336420062566327
598 60812909096298254459416620290935434217911018668962207387482678441012216088483024505767041246251769343636497200
599 92979675670523470300115138255571028722382042410700501509025267185612023299640220540089309481728072600260961479
600 142160936160871438361005897570514748744252896873996191949486794169035279639486111548971894914518363758432159070
601 217356445098273000767350124931970576362073980278746225630355486976724196019097815355673592896139422275019059564
602 332326344364367073097027694642509326255932937342996901020035046231371678389412593007494483710119817211668526385
603 508109152726759399886121884643983510367702913076209783797197283927031376848210395165082415770351981491954490406
604 776871636759675196975331212901028723201854931220123168083384788808303098606648417862759657312312218372501415906
605 1187795056953462432425546438728588684780259846238032744319059087858610100004572552109408793768790819011480500476
606 1816074922245522668643111789488119222720738741534688546185088873885641297421594501711731523121408841925478644610
607 2776681131901949977957704834890159086917150574174341249071153706144044173228029044321548736184146682051145315129
608 4245396494285136687158419764936182461481265319890203735754415822329478425882673982096448365017236503668766476054
609 6490983493427998593334465907883234559247234996826189390521062727323215777143967337734107651162638543658889052885
610 9924365549524322931936058489558875341793464520000207789606768720175563228409833245481175731076831402660492130192
611 15173822527866169939180762860722635347060432784708914734877563586913551977097293654939975334112433103587573852109
612 23199960638109966924383172066776554439244551623591962929219512159795584899012783108720323673332181486565800889155
613 35471495242638900596744001037766655992909935782365214859315876555007096246810946544597120377569166373212794402255
614 54234013340595832862439295916639992105822554937964656179933303677541823371753077318208024732968789803518676968240
615 82920896988077088060070649285072203560528638613564305290157499520252113725105041337300104819445244636485051664417
616 126781603163424513196882765514227050362295155073872869135259258949875956055554299011332160240034132573039000212703
617 193842269976881905258078053810158451603306223157773395909580530539295383285016339794084539333955201996158749650144
618 296374432032978197916017343143856508837227227024039137543217678683721906761289327121434038805445437792491293489840
619 453140607429670323436395928394194558176970785828269535356788130505690253609315391766991563009904463392342514297776
620 692827679814439537016845162929604811077242983246064238460516081847910714182446497749849192033808733628678786770129
621 1059296355362633263794177162979242114339810335737731810699503292140007130811131902744038981297747136438054059455185
622 1619607300887708895829587216839037869205683911387172778848071032971398930724833647532313309895640741243588081790385
623 2476292678445762725781014613842690132908784714060652884539856452486512637399824719442021677298979783841613397615425
624 3786118663433486879168837939240536954788856302562402525588430002507316597684131183118721607712223289831981227738241
625 5788772328235650569573506427567988587746170874310216405097519634376031272150884144545270730159275529451027844631186
626 8850722348400447523772352078874682335043295781795762095306112558384753077428769008715858833904074905508128520979316
627 13532279669452953373800784947020413951546104600668480564362776515364873813431487520418760247544515022808817279117831
628 20690129668951221949610232429008835700957698133601851917959296924831507186834030751563683338483934923951119434871771
629 31634098331882977404588517850237794405158147969097625797144247336805457157920705165827328037135578114925402818363952
630 48366839323050383429140309699034741697104768678903616081426717383155438401158263724636243465946496835350714046487319
631 73950302662618236977464453626706371324094685170505368461015299987890172721824591292161017728661490461284153795590002
632 113066045671639043899589382501398414902630706262775601404966659107989780855922406380104552238920999110026410823810516
633 172871918349611072771324543805099294182124425488647686266877315152920896176854252219611770087664442682719787286902801
634 264311889359466079047648222959037967866776292683617396925932218534657468655706803224946315973543464370338566568359038
635 404118699692371468753112211812011383248532928557490723666413839299549479535717617954917105325368982893308059896302594
636 617875812687895095436040654291691169954384249601869418867910760052331663137553023977048912405855991877561707019836152
637 944698971355057766018558479272769371562866276909023715474374339913103627595310836379285271725263999971841764967180226
638 1444394048371831509372400848058946867353472729704825698347715234926796488229922901001133401132336450748841610201427101
639 2208401014748071331773891439804162331010855475184245078146988348475146817520241768847927846512952365896180022004033014
640 3376526680816682622928494243361389177916771149221155181612675301323046626346278254649639397218937263936826493702941521
641 5162528159573189009519137701210307194777071072859934703946273014223278098309867764428399860330778153855034672421686180
642 7893228609684753162128339638331994583200237273407737941754245067036613197868768110586445595167883043745084616107611065
643 12068323108168148824109942423512628838976876203660366877909932354776744785657591357745624731137324384383976169994963051
644 18451818621399615817865436648497425425764370609097240892212607990992023190966656373752731713619718090919047745886348051
645 28211840815447765434549425116843611190468636163755270088127958928530348222621999644409478093321049061390945815480674572
646 43134391169069104060752551286400104149949972791273233987989582880291951352587210679494624333353158185717878557496687273
647 65950170132375195849084017094288591692631546692198935829605451899090167680421189825166216168553150353789895915620311039
648 100834272203849436461525425325689708074289996796785004549131253272665128793912760328583432734890466906245889443738897856
649 154170192896723292891832270205588249881712817510468314160869662637232113098370987205753381014847501549620930717743832724
650 235717954405044914756688540202330402879604274387906893860736030930329445625451213727332807388125585254386917807229442164
651 360400107082435640682297361485472660027445704056618707548591982103718729505118650928406858094756827144870783454211738877
652 551032429892201562456990199862903508867918680417529457066053385176198181065207277954647124969941219389144545016814346629
653 842499024905816920693208463566024065782681653575225211132646041521342761419208665309470824580016078539664196023155852237
654 1288135812816155571821258997474732872579157444243389279360108360503719454871581039870047905204938439239804777747241190569
655 1969490555131539137705998071585772082255237509299460241448306710416425593949404628157957793217986385194332277278555971065
656 3011245404529358344273034507182283951958763278412149911085097042432850462532346867374274539325791158293730560264082490438
657 4604032683819379113297061142641699330530207727942369037787940759625473512180496384545238410403537150782273388266423356440
658 7039318988015216803014296241667138774884333831047813375623430518339439323247854567025673106061299221810480412291920074679
659 10762741105027210064552790338167311091817617378396646992819028637557124589186793789376155706923999732078492214064657983487
660 16455653777170742463797282506253255491006138435044940851462933467191235449075137639884596101004686627540836293115951863360
661 25159811853843633207314809181521483842153422770105384621191935339258196771495828357767311034411164681296910932431328233671
662 38468002614335903064129396999431411523830914833108197428708877970950631606097015460195264378221179885835258960013127960422
663 58815512362843389723958281059008477980392740727158823611849251120982505763946057129648890828092494312184087399886847761852
664 89925763216378086448339955456752855528772183999606096787808652908571504510981892588478672984887808470611408053825225546769
665 137491667847083525636518912360750488568157765707098310815230988163351738707092865687193051242687809256579565000879555195046
666 210217384331632598032012678446269605449696770184695909463845258757390169674699667143674740534898974723844632880365213076994
667 321411103430517573491635841531220133855066689495401705541168407322379232248403484060351694205331320076944959719863998919364
668 491420334892245938675217285675179140240829349533266325230340807008350800586053358106677538703856159742229373959249632523586
669 751355329570352390307138685275891002155364193570737041707321859602893873434685124741482056187268807878125196252460491674577
670 1148781992095542367575578997237353352638056803315306068999533900360788684990409757063479624913369265270600583546550906020614
671 1756426038952364942876031987645085308570446183244571005755591199876073666220834056529151934174368697386920603721006533443645
672 2685481189239705091668120819584037398357902252669237648052816906713737879699661840055175937640699449580185583615326159786040
673 4105956674419291179135426937198168628386187671627170615580383420559752893764542981687877479810886361515679937468895418652021
674 6277787489169229656909871740088190860569837284155840624815271794008661781264109248062061078168342081329299487574925169192579
675 9598400296014710502259895540215566445391543699999816703049694067818359353754085271499724301439167066413519621227505825753751
676 14675439141812556290485951327988027338783696299088363787039707541504130592464895351466539458884360748884660358601093015758568
677 22437959176850107170380127935344525630533751150846148519082537921903639710875367271488530553970253880935986679590006365549425
678 34306435886306949229409731479899192550669993674231103866705751722862901723050382173198399128867033374502992938047815133992303
679 52452700084933020945349206764542050331376073481771899839144237317830825516489506322970328781932154949399298684080549071627760
680 80197364579573803163548577589400474557473696989312512514632416980617108663682715744241982736436443590709124051340788835016968
681 122617468216027141672233899742246926122355016795941488977160304184907522403340820516980176149825092980903609777202121614164744
682 187475531029330587351299349830437903317770087753416613958770729311101575853874292561206900117183996252034082182653460758861945
683 286640029728940982259774531398528073063855152385122842807086906160158531027458146778632023213409932897667547526152615037551449
684 438257228513484398113598919731160293141316290498600971494547320327046311717531507319027475091568024492700311553732318387868713
685 670071791877601617130971885653192987776251125601391612696640151474551201071287583603664909706162559678442199632652810573202945
686 1024503823457745977820578751317472608533540977500123742875893286806963612828384480405282520470582187845087697488775424372701921
687 1566411386067220925861484966812190132608600917152272487013917151450477600439355669768107031352185812263767277527551498931062842
688 2394958978405636856162165713705435729747516009189544073959027922254150119077785005909563565447199369580114405092480188526975212
689 3661763799257537184576445380329841620027747391725416632398686013384868949433745849370047574633780951389161844211141196510756295
690 5598640411987039130121696932607440498084229899862680803534984255990138980860994276434196493526525092876651482962455015067740323
691 8560020848174287053487527236202511984674253385500068717547175785402372625116627183903627932889851422209228819202544257997426272
692 13087812670428755902714842506609773603872877788289729118573284466265083869811615761141166403605363563805573432970184999858175063
693 20010563471088861608104323490722470952819018200268933593558421069381945233584389344288268439768075074982032451830305930245899066
694 30595078071006504498070249855165009921792906003973554700942243685883675546790908776805418050564567537547653314901568057144379364
695 46778233082911186518157873152214989388851023707540856611861050558375544840858422485756764154887585092989925660935285199110599985
696 71521408942990155591733023685467480840583394796608227240327033216269786760042563378611738192100454070641426826171546599074246878
697 109352397473497880568023016725329745896188643673965326987366300340429112549038320032607878632918686612098501424377992998896068834
698 167193949475094467152417333255914481904612910751591360327963988533970383571618466030892287513504994228537608474414745328963789856
699 255630579547697558234881899641664227834830083833190948369503920413395330140989520805982114444655869382524368839353065716175890242
700 390845442703211835835504339179628963153898280622331393022904902851195821551218998066828705530694329629501054865226671302498590613
701 597581714801716269027859802403061179313549872208080064916632918505266099721491038706287034808833243947119167717271823487895537862
702 913670384373718582788238282351823141369390107467794063797727234499765490440801399378353242719890844876835781993694968672188553945
703 1396953003420815363701034095556499585329843253479099423006785539028235264731730226081311738144453440035090004744532859185445359884
704 2135866202015609702848711808402840257125126483323595730585347763970100369163648573590252348013671904575868596334723815414878056065
705 3265624843313615877831893860428809892074307993790423431186814891763161295146785919166021663413584698746148242790141442946809342859
706 4992965199413338321842935714857840706337039376465331196704914938061488320851414303448078013622330736863547056962830893966636167515
707 7633975939886779348642215851638694661969160866608033026020742218859580836996844087108487606550967619857781653129215313658651546116
708 11671939683781035739142530083976048202931125610229834278343355038685908617874004096850208937624057942887106254040132592536112284601
709 17845769629690901832491556124716242001018216837175231261251315622482336767914812680182182616710820170492299451285773686828451079151
710 27285224418914383803672476025885245691179616057911051675346091098041926213102407182680177959211167096843640891321556224067599216560
711 41717644407551204096696331641912090087678054655112203286145781511663003979141415988626251315333844760058529388320169655273383521484
712 63784040336074803738362403109577629146145654118921387922966214144143662582177268881680812278007490043131199538447998400137819372524
713 97522375948379439119171004661219216407544379192960406838130001815310229803087125871585582178305193269090975942615959737538367508165
714 149106481190374976332471162337577045669961321104174657014545105108959133791911795541672534695313716665543051798069694761767366722957
715 227975810851284897349443796039820120623557879073299958866306299500649963993838872394439665171533407158838768544844986010063965154309
716 348562784919746022463112761383975285664832491697537464004213275404003798174907365235833046963086942412193014679940446913633947107145
717 532933799324281951315144129837708079852252758440696357065086465451501294938153126958907241032647967708678460353483906217341748432505
718 814827189677197319286346502952660090447217404376815656964089657314309021504486014553567017280514186274254881969643325258587917266030
719 1245827061220487663590020038405189146712143371417109613877637954286075881862730697689899328223694121505374355383872439061601452822512
720 1904802743615062905243137369897538323600627217530703529657492550758492706214814253220671304338407463895332597342946538874678953533303
721 2912341210929384169359367462773862786153943555341834909441560422634913328741805173987276327416207748697483853981961085601390401351239
722 4452813477567987384790741685487895328559512651593662646290714759962835246206949221712788591526656001208313570974459538545443597601680
723 6808112933883787919508462411154587961412299152222306040103958754605066185176579283991867872917618439993398169936601316748084711118151
724 10409239451420076117816203175226469740977229024268059047794840703533373006008940043960846482532275000283857124282615534012327277457134
725 15915168712571427221367081309195889844142786113844515585143215203220172533056115057150496396485339024469648675971576290151248797329420
726 24333439184652162494277326905939172733462286758762807031933150125541885388845095244327422637854610797352924081642498131891560718552945
727 37204523134300885151978314188170350951341300055274761125013799807826433490841024653217137470750538571444513058287879512177316237378150
728 56883720017833395729187763881556117130632612504009021258198408244716047778013533346098720176564084785529500204869862209211156467321506
729 86972156352785982424213416750168353050901153977011340439177857385139035071194982082941149364909905999898344475734460440257323974721996
730 132975761400309996340606150927976478815312481563858175205300521728782194897432545876934074949741066238736837422570634961454740279451906
731 203312805632486172751276212011723777313186095909467817003356336197967240112515204915254423172426837274928254451049307614543717302734761
732 310854372998963234313924587283641426762401010310352219926425950474978718818438888606791908865863146882564184537815859779810010563395766
733 475279660383273691605760726437115193342248537215245644107693972996706245302376105644428114735863541275729614829452274154287460291378277
734 726677104120370131321810282340757312972997218097150408728139852903572806857508304765005469970773841668793389596823148969022233994082784
735 1111050309257776567378465989172375911419058380542913348553886254539221563310073049762516900155425208300594001786764658745211747976239197
736 1698736320027669176186397908015718287178305638898144105382988992372837559875152999675282753512503412207322868427755476135944979261130371
737 2597276703796525019308254414142702089699953907563727082138517680681432275258671838194840515735444762996615919606562153306488221109417311
738 3971096747948654554035871646706801085563850713444555703001740341986733235944566782358826392694249655061638585614821104631318923249082528
739 6071593896221154220085299161611657394400744737422534732593102856195607003487970031287817739623828388795454641219903204925171859382830529
740 9283141353751430453513192665688889614656697141943427110738351624943702334341446329979325986708832330829864698611749963964236543492817727
741 14193425131309375863127484077781840122090955185362463594266589386064635225070075628346116987306339685071597624431352199139246206863935296
742 21700985612663846292050029904017492719225167136345227159933344827867000391057376764907748503639291802309946469857516587620744091344470176
743 33179642841966971275008447376959946401923229800772546428601840611656098792989244683828206412666493574609933900898502080733560899074087584
744 50729893967491250478052164011514057479022037202622400429863439251640804198409082634036482061317523735705375973159390778771549566186535521
745 77563286446766960134609073311757058170777541746415681541863389516569211938170366914224083696677386227630682744032029440773774776791801185
746 118590104057352045654293466689781898984624001475571426248129929167562254903001726822757802319343588404627587139336020301915246194261002145
747 181317907280600977466027889971824232517695628341072398114329813646422298258890463496199269445649082383934438004497527750677461703074673281
748 277225353345816880552770760630826512452690485007345916409131538736938440407768444853468942984621069937851222770557537280173238110962432001
749 423862693378524034117565795301342849866707378876241835133796703079095386755055508844775098584910581227473383509776937588440564085036726242
750 648063319857998147816969903283616245451501814491553435400325256937821545040512939750305337881877478744726226993028367337481664835902821668
751 990854050394824307170667477955671540020920251582436461914983739964109958228972097478593379498187964666606657615615817388438011781029919239
752 1514962688212251443990392942599551067108034317014391886543972036636820669676321718703080690560147532972421526242700795190071820429231690091
753 2316296679375495461362889167874257106647838867453693227582091872046469821531439784781036944606728171216087617640343310271878867188395892944
754 3541493363917263512852951188450305996054350796769236403754008410535214360141613359703768297238219390687227092547762762942126478032596822039
755 5414753368317029712159983112309971130912364540576333015326250205961780443792299874376804987751588088903092794448210582949855753712700572802
756 8278867423111620218637682514125307805791298535965866088813475741352456485671958486528435057763144751785565153964274220346023041173834242804
757 12657944166118462169105774858540195547778266848369791048844673313379953197227938817383145818334848947640459039723038652932262149064199602897
758 19353317588500799580936756370829340396413074028227409236457962757453919730315358933018893523513281314711440543122146395790380124142960855934
759 29590184374800400505620689071568791241102232004854263827825260612063100623544392408358409525929933072469649139069016901590624577254318931010
760 45241804529417031142464604884618213216703754522057451434518808672634061960565725758074730516098172919130950529464097990340724784078377578888
761 69172292107145281997946203211792942998096575575226505130025832474557479783259017594319486564029557517577817073823453299436848032076270469570
762 105760723850991995022533576397507868327267663476765349874377529589860850803180248247947388430295791063665142657905847261465233429138362963149
763 161702473183339507628057705954052134052851825406531603855187189462618141553416837834594183820075305924463908785110387619283998950343416312662
764 247234406890487420739202524582165191019538219341152121663822109947438532927197819829599388735784753857732324051383944878693389048802788593185
765 378008145127052364992811948094896461202928367797830090906975839104892986261544527582679324167592374710131689847121600128443503931340538452596
766 577954175470762591244367574819420674384415091829734565280155400736904919379150252930078746163429553080108872716682708677630466845954558781577
767 883660929665464812518456777941452755893169479338404389527712491958777703299936226525425556589562522513751198244149664488282663189706942073707
768 1351070157043506541420603687017536971454775692253605817630456772643268628774139037955366550835770797871857432556727007918218858483802741678499
769 2065713791312035691061953120675786378035920124509959367397023163275198087175539669214906933817763827087695990920688296226848442826701329876476
770 3158365570707617205696114502428932245819992924564143008070565393012020531838484828057126640967349231013666239131771184663921531100940456527049
771 4828971525573961311574643459001498787988480816448061214024263023485747895880580239829425094280364188019745360059536781778625086221134141959199
772 7383238410105770229971629193515518086050138187670383809505673145918252963222611878127149104182941667539575679231452043381611304531034769465056
773 11288575451681085689789218615047074355566571251146312222617540040994026659338782554380239664921289944931263430960094312902816381324738138649412
774 17259626284568436840668761157254417003118924439132200003126430099344998442630492899848237159477402049410647173609424878650869900945142837710244
775 26389042688163405197244418201890691896491270551682230791705885550707990757760688073373361295000863384903697155390526629062844951666487993298125
776 40347430617332334865394718705528465577852097480680322794309604025556730968771463486727910524804688908416492497231165161253445088608967290845205
777 61689056956607034763516648402681757345263062597348798606418995646323724143004850778209608858791456099468863518303255736825656530082481357857341
778 94319258747562820351427796714882123468240598965163586641145927308084743976577020624071546857699513235452497970335440625300684352880733563518889
779 144209086823087042780007706184336906594337059772110574678999289069190762252779683369781722016084972420846779595977050392426582076624128606890681
780 220487957586774670405832033855682381616924791130739793508558536381004771286743034188865258469471294991144758377009186788615324752034011643560598
781 337114258967794632897051080232556322217364619970049335132427387718375511289477848494676705447662306469859229655272488346057512516052861971075720
782 515429617305421630151786775012112020163067511406707675362715234702069975435217513578697761284644774048042564451839045640325356810154193656448183
783 788064234390611447757950266506549841577011001808529602234149008993849183557534199286790363979326754861678397218741043559893885457136258905339535
784 1204907938298888308144121464185324569585291551982462103784582072354819153932630568364664688690093708096161009581620091871888996180742452761121568
785 1842239599793939838936124695719781679210496893287134398843573672096793895594469971631404271870331956321788380321508326972499431656382658260464199
786 2816685520256786002625179007486795111053066854561856029034992659557144148545787223392820560498232511017274980716669050419167379648075725730882550
787 4306561058025053796466020094265920563058704327243285334589126881719564376932321988732934610410777839760804145563668819506160684449922986857749084
788 6584500830183933038064811447551595856641352801733244242377410112875833788876390953359839024302649923366011707629409632153047874708906506889955153
789 10067348540641700587807724265022595719809292828205665253950275416386922354753090486351408126884615715067380279276770536671824061148632479683282790
790 15392435850893407976486761778213377262187729747965220664366714391994804816224259990974381501336913463090537231245639768163099679244741110737074626
791 23534208681401901367790978298890953915619233522286632103818146027159831426241216718990175436287443722130969163931178050073542676988925467521749012
792 35982542569935448555561214913834451132109441623851328877858704544044422413190495435738903981648751820932205242180385151490146359183032811164172482
793 55015377288652928781396262976329544205241002527149269894276673173804847189016165105847471551312709843099453028059001885059797916086046661696551105
794 84115560548012109595039035303847232998181856258652876164644917219952194319594925262307447247861283580334081093214389155301273534137692991912212518
795 128608179658264698385168569409578299053310439738121703099379875658094346266397945409741804445746770780659246389615416193705848831434080432864948557
796 196635007449919188543089081814200319024058256739877162137932980123396329639442182276166337079919701703115380849947621282183966805719393341339433608
797 300644377811509127256570809132656790126915515365483950054344789132742735425676914578329773695741384446503720552460211522152231139187739060978091141
798 459669125461751994751448799427442805435013776518240007865033271315893988400927811986340681862875777032991513283031803647180293388742131442313299779
799 702809433660006971841365825026076053741293893929648941840366670718997435695773634656659037277871453199813387106817784927509629172434216815560720935
800 1074557921516526647316451420034287601100884451079179578915079945780195229257017402736719197138613900147294507320219182401544813787560382621673090648
801 1642941416822965511334626096856699467484533264968587378127726200964789352457703353092945694079276048797891008383568201157763965208405941769124893969
802 2511969289940913502609371582811768123995097594223479127394717245282126211084066218027501964715679581894991229999377431436135347768439239977554788431
803 3840666288520613488635565868194279585940675699996610884526741560915357058111356894948398917214958892025082964898218465361687023717214669628297982672
804 5872172720760320446503125978602867101627547699699391583499132547267585340834421206525954906992109655354988086903877284214748328838424316094601897848
805 8978237074516554051687137509045742218415304150481351861386603479400008852814502920840230093907874318832187716229755285469354447747194345182578903672
806 13727242845095753168205775136345316802687593866231899517401800612497221717252287988247450974902915031107278353939201487881724531864370316039680803465
807 20988217905615865787333784346456659510954981176205926300811714990876560792774139273682173820613635325277360221648025121730229963749985526874337491689
808 32089859254656591895097359424762281805163044186176563968748370930171256926407347454065295583539314511472525054255067220940422419352815407337292162585
809 49063673324457638449364060481670771200998654895846593220184159416733538400874976840974372253457103353022677973765986604365363203794069603894848731329
810 75015724468775239055317899047625002815249569755997974333006551382695828728157109148723679017282766513405018609506661273259658435982518145634984203745
811 114695018458188592829477512749924551232188078482381254963230743961155340772691529444720436756011344704894637599186537430035678200035337003414800479626
812 175362530353217812390970910798680759160081568384970461894266651530491413610000089014399368315353558221661616810514438708541927927838141388068954247196
813 268119901502903623847561668272199248893138102473736232794050930029998743373715996038143595458235086249901121076097407207988600074993761180060400177351
814 409940945977047073753516486227388509827193291458348596914019367946239611538306879902862194854573717631163303315446362311800635425943450575946694838835
815 626777714919965762714789203230202773576498050198958935366994357245176308431054872916304473268195115525830504164301978688872329212875658117467973704064
816 958309502321073044505539432982941588557990887421950528783200090505268346096494395374467188437827858125392342612344132495979701199843202662404053048919
817 1465203820075398138687260573534361162699565293029912584093672475295851797371934006847029271922814158946615797870900725011629001114648888595409086640970
818 2240218039332626856716543382357979985734277801111610872198195790116433992021089614357734950866035546017740374205554724735266901104448335708474520410372
819 3425173204566902648499342677408987318596183600651657757216738472883255798208552101771302824663830650720028253855655086770705436520191233397486649018609
820 5236906084721144202996931175690197425034587450390663577602275512895253912827069462101175171729820870948146637670057427495016301148809789203966751330910
821 8006948467196458802000059106954349120030982187551619926771012643412520373542081217805514707233638949301657364096803900715306866977271547672850906692130
822 12242194669747171539690447611752861977726942217742488860033422249225638631629026980356883514660271186601783888394451098947226433920382194737144148694320
823 18717658911630511134097379498909354821157180049044968665494027645155190881737062357265987272952938969919650786897653021914412901967941177509911911106882
824 28618296358080753377003654063474834983183601480999106228171371513967998930053649835946393855909437403957545939256510031652304806535691393680166322538053
825 43755839889252139822906859803730512570244610363343907368450990895676060891197306776727975610595756708943587729285424468885213012252251399054387485300134
826 66900331887619985070810124650940539277336601433240328435501622920796643225883044935315072072515714963231286883411142806833428084946082952101459554754345
827 102287018555735001858403837109903427962155534720879238362585677195142864192197810074259052049095944404120769925931312243728869591560296699885675772902876
828 156391364135480529780094929067775671468131648057563116955163759114644276040249637570469019298629112814929903755349134702538724000142451625179803902158289
829 239114006073306811078789675089122749957291362875246101775913212548113686818355114902625380404071718629696583524023467193000883215260297944154098353951755
830 365592487900385232200391280914200341016695688056272993965113656877259158487657899011509717120110081153406851021983224152348255442630395662182780291045355
831 558971301615083638392803011390218471353436614670540214589815724127201273382843728055709125908664158640348405403354123918529055754946576332312921782893300
832 854637133885517046443618578976140029652333076005686673577103468572286252470227367174167586746314180531410729710656335928438725658823053702328739047644121
833 1306694330291430984274529075629837259419361185398396249519554972132015507597860643863095066882593315237402957773307682640887119562841982697524360214553231
834 1997865532770651733184229247372657239143680657666351927237919688239858449543849035454647927422944168573091769359982496546336396682121209636874079735414096
835 3054629223150257714294320700029677559884695817990580598921398061224960549977495326057710505083405103062187431968640534604133929244030832238406579547320316
836 4670364215144947333797215164076916351979147592985349485194692158337263923793985344716482208652530196191631499980652696580460517560887031172252001142119836
837 7140736341025153999743728207100295173725932443985805045045089724021853550080702730549421498967969469852486297703321194485225831536566283808426161784563477
838 10917802797196791649964770325753511254892078480384656854415042261838458683965280760245455856166002058750744053199297375030878265075087519142124682641560349
839 16692734786139081033370041691779384575201905174449860591022914487894922267393707825396138140786978816222093578055256052122867095295729964112697283233971317
840 25522295998231628131069633757834935455396427686505644926552184775176346400799630216604530930491360676755630534879855263818989854760403241321676463373702601
841 39022221425469122562566440987967402687570097791546778747276147220795034457999537952529405928848272733480798991685107172095573131785963549702907644655553721
842 59662883193731770993806976425200165093469700340573717613045199390435576065280148419003702426173154260058453746193680274857382240348090141892564987721968318
843 91221347759191211075012282188186438754261381369985313333229293821914576356526039645723454779664037845386852553901550752650069613985304253224347013429943264
844 139472547110789732189587629642952096990254967573846769644436302741288498915165638697839345273941900246937344939664677282565624082918248328668826322371889527
845 213246042460619881435232610855552690681644981464213870882195496435838767874604867966559766698711123325243467860307659076300168406611595645434982094687538391
846 326041759235919153243444033056120687060605093146127750867230837351184071292043635187809594052328619137030389772635748042130285862090906511904045511658740976
847 498500359204950196045462431681888848533034905168615348465311377656964950774762550828063123832119269208875765431157517282817785557918307520265673916351911879
848 762180306933172449922493112495843448759726098561088259396621211784660406614007506114040108391573957126107993643580837276155354867731012781851649334475026046
849 1165332801772184435989111422952750145976672259527407939972367348653644361368418100097856438224970545290277566795668834552058548260461966372106451074970029740
850 1781731339071816303490962344265209533875263401957941491430308981958467083997433562048232534757078256779690607808064490904261910059804515607796234910152571825
851 2724171635607367324236257298633789608834459637534602793755481452614473877918492659186418225341514587406134038593095895298595557721237971355390064256993854886
852 4165112291347868541027014684684258532326690778279879444545965300927445622614314307152667039758070187241453234809284816975746990940589734623249567520187049826
853 6368233254021542207740265183230570904578648017586244354733070361025077773924143461232955962566199744202880424669054575929053779027672510672960720117855270812
854 9736687018467400310442627104729633422807277516420017204892542769776354286602390715411101323599299846454585181324493169434419115375217253094778323790493521538
855 14886872121985074716635951370493905474911170417211731546482324160486097883278071531637479219389478205485980545787996253844046361782566511124392162373284344089
856 22761228861110116447065532934891967135849522955538048681827587003810315357872245007050275340521171151923509948844595233552269165911153740509396065213069021526
857 34800697891583026718522129183974287329114566272144245261718815148061978455080732789615738501410934285602492586710479030236238960980330704517649535573040748789
858 53208400176077479197718990616287178426958257606336686196343113653338719326213364033414157624866897163484355649245417402849262535077180179198863726050867746864
859 81352789479039331987358479153329702947609226456949144335859954928391814483948385992623678071922159887820803893104848944896705224549246906974856240319188266477
860 124384050903986259493633919060866132943171365724773334021859120363931007524961479483470677738366900817643232682752276740788194275803880145875240916960793130179
861 190176541190043303446974891903294530074583027948135572389685872803280515923846817981367952745332812899389171421244299770231952492969667125285021658815467015407
862 290769729367683374118837993929697214535109256443642056019231440390692002777812889268880966253709659266737602746446801829911949671115784809212451936243181649424
863 444571317721400923988420086572387077422593742545485225845120121631442208957992324589808137386953402797570389720894721292441209384339082672338745939721764030305
864 679725695554157805845360658368406643257687455104277540006868757800584229622120145903358986592119306216223980588447489699867174322111627442439896183519534677663
865 1039264124290900947195935149225292342035952533387843188190476514333657257811209446700380513535652110452520804138752534848081333535688052358416287344278098455200
866 1588979094217687391993484531985472570888800639619544408763770143670010801924145565478769993224517727588206799110301879766527445242234144399677700163852129248144
867 2429463793512157210909871908675350014276758002294887685356295213397056348814894573526040439167093003990630396828298026514885506619896021250151564919669341690512
868 3714519810528027953814679371937614535087309107515716187793940404755544104663635906163119022496621683190624384267188894555684777381896980772964175615208318163185
869 5679301523098056502564847493568285699155547667840822230238454353914616090134497384703556592418269668606842352294527252296351222466009567738216682494266829313521
870 8683347359958985998510950764424249205259738761553771460873444817407345333416568309944374675875569764475581124460618144885099001085810207061885476717603438919057
871 13276372291037602886450538567265685282252730494886265100272205424570085378622784800663962752557387587932526695737010917240374224947844990785231971104792177772737
872 20298861015628376985299998278782471373522480230513646425027261245129881772643895864909591268406298415380102663841701716110534955429775795758730030411650258316929
873 31035869550747179037964137362236871999879539073656743937576257470445222271328642835318338806751830926018303016213581409536380463293603581505192265333716657024306
874 47452179608964037593193123939259558325392145584640663680363708049675178860147887190430642937515633105263345720879988355258577193623440934989871182750049885045204
875 72551837027139882146933061280706493856164490857178354884024603446312480782383699855487321744155005048983969550007013445865872925039088495536435576883986551985159
876 110927866736353329587123537189419114669189566624602311187957704267519868083242297321207963303351764580637120074871049453713542881402581046868231942122715396697851
877 169602757461195154012614011376914206855737122622539913916918066333857137156744790651838196130954822527670373263576787177671747793195849393958758337773094499727472
878 259313517736784157476068622926646171042164217694134260583454685870639628501575926817786767765309711400721929468496106311166333168282721322554476998757190259781399
879 396476457621337198532716358415637693553983458350369270930355013457097298706554950174165982337180233379036831394295413799919495736993034186140066842491335904880530
880 606191234533030121736297155185335709921967189863782636161279944489867449693917673386032518653205760406335702870101734734538531230742435545262092263109468101964820
881 926833878181076374527001489144452840959140488001798312580162579790157468764522693919107018272583052014271694420779105122871109605894417951252349625850315695746961
882 1417079279290317781330319834480484178852050908762353902915963281424304624991872505104019714022915166149878059235033262688875435774242249751201365326364257789256574
883 2166638198136343345609706802743161687787125547217043753835218668929091409720798243106719177538556991686206353517783526566046095110872802873704858025635390142547586
884 3312673574603706108421810129421476890276183644022102875684829069890975493156278931283584623391379050601571479194829204243136250184496390182348417567397858400719128
885 5064900185604098992970210611285127802687208930690944633695719415342727026285677292846482587897406869923272307741976616654764936488862413036254069372269794760855490
886 7743960674785568252045612582293231556057374705361584704286772340584636028179598348328487570676017741259244830709903134189264732399122853841412070802992046816738813
887 11840100443257355292451334387781819488279591388794578677793788547250849655065391908914512267477543778745095412912862914412639964083625544397771437560078556661878710
888 18102878409865485678466762996013569108288933619444616405136023422846154691671983712607256141817626807917152348633606221202061290879001037827835662342800456649566193
889 27678329951077322172904001733666795618574459494116757008163087368332435221434854447583584639549088887690780763549178732234618867858872921440248304692920215037972804
890 42318681677893257660311451082605149931547194299479842244885870729161442777483402475406395725177957837387681486206727859921941381327607218088915016415309768187234905
891 64702994079494761399764513013836735800577303810204512185895426430575086361711548851557694381482844528343827039574180121798528627195464368578993798940691368153235819
892 98927406924353620431668909332850141157887004709723760804698770679239579601005087136623505305265274998045068005854495298087755837146947063466844019026151524781115443
893 151254698179077965142040068647877115623485639228687625828638138350750227531970609134296572370865332275663461320768416695579044337977430796182529901454412138058561260
894 231260319384879632025315229696570885707658733241768247860740593390593310684370985579553224076014478440972635399231516825304951706666787450338464088575592966373979881
895 353584622268574556568901841827869805723379021554328712137728919159597836614254764500216271506341582443669490963901344814952800456683751322583313292112083562876633407
896 540611919231764242512252966973005461539676613677093688600612671359177448905850092272437013318151530974710173568145352926399177833896179563407156294589265527532522752
897 826566623119307548887273001450991258513861210509582425868195194237996640798450507181281260435226754503795924178243856335933311048255554867697843316092599016969527540
898 1263776025185928820404333104576854171111531446570758788964415855467566060223021531224422079923167310308545136109110776441046488600592360968171060239050344644465093588
899 1932245746637429723946708437399287969416860415873703399921377110087728790331963540847116123487122344554266983439209213371464617859595954518982741250583683238334639517
900 2954300090357505184057985612049591573445568406730976723016067283867489357055160314970026438557418961243658321733208995116835547575283299392377735554229105395080818853
901 4516966353309344886681515753672900639013953011265343734711370129006427372684207181365373766945867108907759833595354129788605655124866823829179886152463793079359520941
902 6906199239380492138192318896747200963096198826309293172274868168383362029111704554942002355769542011075657269635743120796309073722705903133679880066791079780607750569
903 10559208150637568210107455144398355458289976087924001398802782063227862745762223459743053024516384223552099841785242888245058980921137343406350934220168711126321073785
904 16144462808532074005969299829448797922900613765412413025252073068160092252744705905391219816750348780582809397373951869065273505979164738198004729624130025710369036518
905 24684017556784084985889130126548831960956819849631801374717431356959811116782348666009413047541732298857177274695869845002323578612475432382036260582320445689497818104
906 37740538658345440852490476177321766638026978945116533458894159774765957353504198607992980045278982926039304985613141950727979306370652950395247677692974658747986120631
907 57703258999287288857284141124841902278193336866910558715345756360955465619337753104918549398785775564297089966166157177249944107851536371542138974870419951587082173727
908 88225187490866705072185261216760393376649670876628585370600135010372836630933531061587171776808952426106974788504415292016967890253557136095381206268033955552499300608
909 134891578790978195293055681138127682398006618651759025051106586727950299895274014923647013971582478068499669008216625275849265178634742638846628167289777985228285464007
910 206241987647873770499815231186043803380320386276521266106330469802487574276396847451716269213897736009749540502624705104683886045628403573979911388893842460593569445510
911 315332935163114786559065257411281691000661132846400040620448512651790806011023878587778504501491976877038716982645926884246486218992717459508442288190881594706839547644
912 482127141677643091475599424761361480899195216283189373849912311862049503364988662828759289187871993308624983428833305841059030500208567716579112162358340680407191823505
913 737146535683038101464318853328201664174378970596607292449976246082681037349886978131327245651060962166318224663525100089888542671677975109745163242793833721660043399974
914 1127057508479411306746093963033169529847569343561784236101146767031262871230059308357542216085832409092511134906433519614567320021782125141757842490519104748141180440450
915 1723210468923658282527684303924181198901080102803482445858647757782332279386628486035473455734501592028453585651966644243929983417514678747750433127138218235215886926436
916 2634696364531020044868339902226474558955251994891580696236597261185192493554221542301183199884662751841434753380145695757539133032239949813251466051948213316997432960066
917 4028309401816024898684594925290129399908619103262868320464459076450102211086803261395652233222695904963040904537158053112207313147173788595331611139116549079186170817201
918 6159068974784067853965168801681985905036365182230763237142297137797692965969271958621448512211790020250965280357695510556764035933785602487156919469078718563034952074310
919 9416886056231522115991836641107011940011680604760442389921281966176546592081799964204787007286716544631400791084666487615888078742179541520740070289559992795024913771869
920 14397913606602634660546188784456219173888076130093603988558914552337732497580956455823598958096144661040289887463604108918942104968088159302073654237179485262230762395864
921 22013637521504767249968880830031900966719723650318346283433144399684110896634334489743594108790235529290613737222687425979535264226236726896658704236747191046434043979925
922 33657670838222924738076167800897712159459990273805956898771833323480591506774515785059241492707022302503978491518928796152335736631559083086575365375431445909823496381187
923 51460773129725150080148623573445509257236622079524330751252819385074765082883969038996337388835599095968308526172865676881900244970667041763648945983194419336247900856759
924 78680761477458897538212915987100318295024934490003146993655087412845485251075222257138220292250892434064039351911469045227352832051954541961462596880517385557697219104200
925 120298663431795279656823397185211346506701323030575567224616269992953937916847431931103702153762330433200060065113676522491747524101330201461349902015019837041377299747505
926 183930202907636429025402759213354275685097435221466333739010596972746501479253976094812778124064003961626694515538571425735677480376942587857895911386269479571491424370735
927 281219413221700503132058289042394917022953537686163057152176757276019656548435036043581095587072699792557307457482395125131943173284114057341017286132950568011429045375152
928 429969396665489727318862442444881067618046262230384111316595736964367576700500065031345750438916994719456228925599084501410109111161952568587787606862826075787614567236328
929 657400141586737849043879511834467536508163921264608312474669804065560982103640316276248625583012182080419189745627242922915627881091745621796020524473218969121497308201704
930 1005129549939781250425719978409265351904982903329408080857360141159708325423627999452255202880869699874582210630769077866912894175122868876465603344098631699496757348914585
931 1536789161200461080832963204197417442986899320615674182979061075226602170222869658723074558302791221630371926031449484236645837949530934718993082075110313909443508813998201
932 2349668185682841414372264719027964451091769275588103342252938766569515671570546354037475009311785443178718948889612285731510724897223114618861578092254946687401689324456969
933 3592516606830711475230428676303392526814685492790916612843412194876796749618723114383221210759696659446522200673374171727785720956077247087317861716262405541147484402152065
934 5492765169565319385132472145413288139045765631258338195908555427249638809770540191005216037790620057794744642202763300646976344896023125177570165864743083364014776788048865
935 8398143282239708545460235592932449103181828673055167859831058800782189195345985267079466067702413156017549294362921507433079863011091872144288073357322392886378826522860250
936 12840310556114558786620962244649027510304791035467671706732623249541341751144300001876790655916997475870725872554529198455829219075691553829999062925012016318186385071669836
937 19632146015672250442153953615393570368519522673468278895887126464870009978513161090711590253443367238902621399635749175210089300037514350134571630584956586437395632944936391
938 30016498082060653572917373662441505753548939804259802697885041875075474955500745293929611061729433661381039127390343323692135101955414393526462059961163562097752365220355011
939 45893615318014376088813265854902729277624122566309664695791512712530578742258869688152847907806120141654201497347700772821157248769337562095922655202113621122123874283822496
940 70168875836207807150169393640296401904881134001414694553529042350767871724362979349455550821585219777944913161667979729383259258594352602809671323800386073032874209870150231
941 107284446910515796998146483670339102042442936471987396117999195238546506457611389012635044391281316890106350698542787884401190487495059197353419055323670541261810930528147802
942 164032164000496037288277527315775372548524261616028376578356474591195151169372959766526128214420781241170409635053345214629211016433280142031738417431911595928143284131081764
943 250796379172536931151325944623653148808154526564329159736598795818919270836635275814346823099289679253615507698954245868549366647326915480236519839501316212692228002954370737
944 383454209662592201103187627786433654345408914078939607590632629759173969246156461550320365891964697407714807260202847295290679526989888380537223916772834450578436596061482206
945 586280915988855278205218704589510561787544435594964749998195506050196539380040626635749459506224935339759019983119428451415251665247213883647599317844738761497519399038743906
946 896392069225634152305396265062926571272122893582977288523757577579765615971536180733813597511766490161909583404578797491941014290999598584111393774240313613678413132544153408
947 1370535386462909063693851352852117953305225613187018203627676123700529843732404694598403863731728826225230556461091511747095987933185263426606926648067800061787450150180644674
948 2095475082872720906233632385264962484146482859355388278468193465640213342329908484277340953050980841542167037216558471870800328222697843749338979361396602722588715170771506677
949 3203868988945124949876601045464240669333149019602697960899343437339070810173568735506598408262197554266818325232228279289795348039200312452608255991498239833968416787423850886
950 4898543811006384271724788410253029416307359615444972393328688915088124817397269613371605322979639202331228633231017515160205619520949995039525131939444615706845637803114939001
951 7489610702293277745878372040104744734553693104870224114281791970416944440592506671970425835208847340557548524634385548522556905293699276210553401661631305193401271951350180524
952 11451212980043080283725807022808578006105252207482494038862571149446293907520148425167650211169784305009098972498845093632004178999633820808188598031885794741744356249766066721
953 17508290340665603727806874390777373761803294169450152241911543794115856716777698662642215540181702111002816457579863110612251780928266209155162773763536887012676155718953459595
954 26769236690233252121764542804210410186834485151020508405859859876124490336208817635623379277455817471263352267893109406882294730896098909954745205486686219117576371975564703355
955 40928726850807284787446999627896476028173035748035836963136864873221248773037206221976148337709572033855116711437373218312543300384881605793852769149280166929322226035290886116
956 62577827713674595199007828491687286604065279449921389634695661840734951650458101480299343233172173937004429679616022578265348775167363577843513734473505419934469352046367249401
957 95678141556584985894294464378286675186062775359289436345117029957694948435399145163790188339804560145162841620293517031850158428949479370701363297829616467681360834307209679407
958 146286745740160980317387974655663437529863565438107635297449941868770801937117887509923248986618648464324070018550874596047219863659861372714375634949264402440928472287005569008
959 223664586613970226862246027737250610060498840667946342655642713655971145775045447491679688910888554254748650684701341567126576029266342284682133177555598556318072482242366161964
960 341971154338586758194551080446734258619307151645820886976972350316392738386010213695412277172868032079028348062289181756518475495257704802443743489311212877124538718233017641036
961 522855549776877884725863961647905193782180742073616820932997648817549282647433081379444208668019683840312475119493044524175723736416430898048867535540332617865474306270036369509
962 799418086771753997151471307227362804131117107860702191234139977276400775344255094227266328502975895746759443796990424323683130406524636364355354879599068826287770728614264777389
963 1222267369506791089894466627462483852009917039085895196832732247604023069978194994585011697324550756117530482493038678719237756940292703203376217858607069437150995623245498754277
964 1868781238855798409499707975434855509949215810979034545086967231587616510387180342434436755057014170743050171873788274681918959503327112327079214015170668604332293000119098893129
965 2857266262543392487299500403853961426507821734517994780318174565887602689182175903979274089962345617447598209316827052401118637561619226253225953661045480648638129095225716673017
966 4368606836007864449825156793920972536848608400130571836482379549005138150624604546903555633535696747992458721879358874644494039356327771077421560842460625310809439496602370822414
967 6679365496244090409502284491215346451320512173603851083880724509399074387411288284055103505612023774284078678238881121211552571557560952265972522903474838799268520626593289749200
968 10212391525987107459073878815972204217802332986163025528111801717397033694176167015791663075012901556693229117091442046497848860699086836657899702823096121724878597379829707430263
969 15614198794585922918145181116163917494233369609701234517429846156982609511328226089962659399470793509845429727817791246466064109343939833376906096757888073254820967133185224004455
970 23873272325728130864515983820209592197172227967757438287066065162455788017662461068112929813891031080445228547860967498835397995550412056349138444353725505433401465981766457251664
971 36500952692878203260711943318176239436959694725944213893184663716934104674621300593166755861846965399037486089783502625849225921113212050398792352792023562922791404326950061321287
972 55807998556272366066410187307358233128067673657734840583183986780811495718991428402275685415414923491913822309944918874074606418233572996714418784133796459211449863298726955140110
973 85327435945653636331182310112512431036977985575688492801295111562085920457537723227176278043995783141483387647197777168797835776053020779687944918298665477224986919650333556389196
974 130461072129620829514099614033830546440121667103343379536836082500342954707412244142039530072047436300898382712268426709987129243216408396038377149221422568493344943135125381642737
975 199467980639316153561532901775358254040437576598755704559443118601055776974949226125015711913990120540758606325200043750011820705930208068737947824497905165195104432601683664147942
976 304975841841889680869678132835062201077713180820112243475234818418702703917107508701158649617779770179656316027915163415885738089757219791836310852566411324819655326395192007974434
977 466291701600735574244233551202124381243056458699203622974210505017161126578257219679577272736984343310467848040575201955834261891817804511649092664768713943655656083487427306941036
978 712934997305235103949971279681698992445377722153983495274481303177705469696944653885172173900184699582762767700433017664580621469931410011149819395269682039716643760229996162296834
979 1090039365139355463169808622195104150087820652712106747111588183838592767523044332232806605135432492155956070072559260083314110291261423906688923274992072704270976380107690399295369
980 1666611713612791975951178866483867561770701159868985703508138183100535842324093236705456748284670405269907978769885546252059419818521645870965974979212368534020413432587068300441846
981 2548159903928118169602227243607693174531294847845976903379923000781181621042249649879265541051688088563516203495126995836690467435539087627079337535999075688589505811461638209562757
982 3895999795844179937497509171933643168534944994522171726225918323478988526338663282732651606555690115167592276260943647377155776944374333894841792757554496786814254273823635425624704
983 5956774685065476809342762379941292154983972863352350044346394949354500901332021569471209845959876841354431116727193316582201707923140990173754067374379599924755646496415628803983485
984 9107588939426129144357824210144045291520821384894635109578459759068606043848424188442574690499496059697226027266002245870561749193169070359355265266196775766968015099115312581637635
985 13925014907399573455324064906830665989828371066305905878318662751883247028688920044119396283323785683309928916574696721410981210281718796415922438137226320143200797134402064659733631
986 21290600779301135935892532847124979862667215595563153550438788745479069634571665549675483417199763395486148009378518192788091138805807610099568948544254940208023084981150454947392384
987 32552186447046878353958509959352936904041005119342572948784833062553880766793074337964222157631431222829959378443283311542356844274270757678057251708838057059659627101722480660675841
988 49770546799858097581367249451522186100398767506474342391477272328983192800346504695724170744022975891528201864235241746878824257665874895430299622247800773836051815718710135177942783
989 76096496092095445953133813153835480588277351278500746943748171354481110877748359241926694020914016619923670377293202428085853420250648103541897258052960266379412019434813102276847360
990 116347460291732367780224441762979441065984306116833057374337733131862275983839133832248613581128843031629067806925859830703863793117140108069417331995346079065973020285318134035485568
991 177889025270670425543207603219248381406358476550728521355366083654722510724501573972246016558543432838820613245937035426109965304789439722696506354481986831960557106116973620741516160
992 271982776696655361660149274634870258650773652103966558285179267240136626231957088450207641693589453868842118063391494333058423660736010095001652628677465641914800819050351588108222593
993 415847074922498395358458195502014321995587595163678937606469723154533934539759107623893437572658450790391824745081194986885706274348455362737098525120745225705096347702439690652871809
994 635807869240436875009900929522993865928678889501892063871508350423412353725309486039505927472641464331865201804064098068798842308211548734014441679616985075874803895789340895474368385
995 972116123850107722441568105306952850927754489956938247510884710824153048894698998287367030953753320904967646669972860981415842135191782213361202166108571005110484464161560234331350529
996 1486313403730448995416442884310160217333188566962712952505627154879616254788590084507474150993408610316890704781818659320142807266961455415404469007082143766306722138650753193929848833
997 2272493460307445630051466937948237842389396296072454215785548866175216086914438259177788912726653353597655880957055951991928196059467138712449388476733182169417760632190297741636569730
998 3474520591806940660044949187088329789441191620345874416671940300625349853580045541471997112032556547668812881877374439650599291126321277372231406471504965798233895473432281979996162436
999 5312355592546872565048332365751415602421665834121186681429840085498895973970962309805711238811101206071835084601757025378069228501386964766027866145893734502924834210463607113830123527
1000 8122306717136912192493283649721454266329894537853437193698624581196595143256578076426792396543399185379824933996112472086955008011644434373185527986391074212726257411656492481995435147
