0 1
1 9
2 45
3 165
4 495
5 1287
6 3003
7 6435
8 12870
9 24310
10 43758
11 75582
12 125970
13 203490
14 319770
15 490314
16 735471
17 1081575
18 1562275
19 2220075
20 3108105
21 4292145
22 5852925
23 7888725
24 10518300
25 13884156
26 18156204
27 23535820
28 30260340
29 38608020
30 48903492
31 61523748
32 76904685
33 95548245
34 118030185
35 145008513
36 177232627
37 215553195
38 260932815
39 314457495
40 377348994
41 450978066
42 536878650
43 636763050
44 752538150
45 886322710
46 1040465790
47 1217566350
48 1420494075
49 1652411475
50 1916797311
51 2217471399
52 2558620845
53 2944827765
54 3381098545
55 3872894697
56 4426165368
57 5047381560
58 5743572120
59 6522361560
60 7392009768
61 8361453672
62 9440350920
63 10639125640
64 11969016345
65 13442126049
66 15071474661
67 16871053725
68 18855883575
69 21042072975
70 23446881315
71 26088783435
72 28987537150
73 32164253550
74 35641470150
75 39443226966
76 43595145594
77 48124511370
78 53060358690
79 58433559570
80 64276915527
81 70625252863
82 77515521435
83 84986896995
84 93080887185
85 101841441273
86 111315063717
87 121550931645
88 132601016340
89 144520208820
90 157366449604
91 171200862756
92 186087894300
93 202095455100
94 219295068300
95 237762021420
96 257575523205
97 278818865325
98 301579589025
99 325949656825
100 352025629371
101 379908847539
102 409705619895
103 441527415615
104 475491062970
105 511718953482
106 550339251858
107 591486111810
108 635299897870
109 681927413310
110 731522134278
111 784244450262
112 840261910995
113 899749479915
114 962889794295
115 1029873432159
116 1100899186101
117 1176174344125
118 1255914977625
119 1340346236625
120 1429702652400
121 1524228447600
122 1624177854000
123 1729815438000
124 1841416434000
125 1959267085776
126 2083664995984
127 2214919483920
128 2353351951665
129 2499296258745
130 2653099105437
131 2815120424853
132 2985733783935
133 3165326793495
134 3354301527435
135 3553074951283
136 3762079360182
137 3981762826470
138 4212589656990
139 4455040860270
140 4709614623714
141 4976826800946
142 5257211409450
143 5551321138650
144 5859727868575
145 6183023199255
146 6521818990995
147 6876747915675
148 7248464019225
149 7637643295425
150 8044984271181
151 8471208603429
152 8917061687820
153 9383313279340
154 9870758125020
155 10380216608892
156 10912535409348
157 11468588169060
158 12049276177620
159 12655529067060
160 13288305520413
161 13948593993477
162 14637413449945
163 15355814110065
164 16104878212995
165 16885720793019
166 17699490469791
167 18547370252775
168 19430578360050
169 20350369051650
170 21308033477610
171 22304900540890
172 23342337775350
173 24421752238950
174 25544591422350
175 26712344173086
176 27926541635499
177 29188758206595
178 30500612508015
179 31863768374295
180 33279935857597
181 34750872249093
182 36278383117185
183 37864323362745
184 39510598291560
185 41219164704168
186 42992032003272
187 44831263318920
188 46738976651640
189 48717346033720
190 50768602708824
191 52895036330136
192 55098996177225
193 57382892391825
194 59749197232725
195 62200446349965
196 64739240078535
197 67368244751775
198 70090194034675
199 72907890277275
200 75824205888366
201 78842084729694
202 81964543530870
203 85194673325190
204 88535640906570
205 91990690307802
206 95563144300338
207 99256405915810
208 103073959989495
209 107019374725935
210 111096303286923
211 115308485402067
212 119659749002145
213 124154011875465
214 128795283347445
215 133587665983629
216 138535357316356
217 143642651595300
218 148913941562100
219 154353720249300
220 159966582803820
221 165757228335180
222 171730461788700
223 177891195843900
224 184244452838325
225 190795366717021
226 197549185007889
227 204511270823145
228 211687104887115
229 219082287590595
230 226702541072007
231 234553711325583
232 242641770336810
233 250972818245370
234 259553085535810
235 268388935256178
236 277486865264862
237 286853510505870
238 296495645312790
239 306420185741670
240 316634191933059
241 327144870503451
242 337959576966375
243 349085818183375
244 360531254845125
245 372303703982925
246 384411141510825
247 396861704798625
248 409663695276000
249 422825581068000
250 436355999662176
251 450263760607584
252 464557848245920
253 479247424475040
254 494341831545120
255 509850594887712
256 525783425977953
257 542150225230185
258 558961084927245
259 576226292183685
260 593956331943183
261 612161890010407
262 630853856117595
263 650043327026115
264 669741609663270
265 689960224294614
266 710710907732046
267 732005616577950
268 753856530505650
269 776276055576450
270 799276827593530
271 822871715492970
272 847073824772175
273 871896500955975
274 897353333100675
275 923458157336331
276 950225060447529
277 977668383492945
278 1005802725463965
279 1034642946982645
280 1064204174039292
281 1094501801769948
282 1125551498274060
283 1157369208472620
284 1189971158007060
285 1223373857179188
286 1257594104932452
287 1292648992874820
288 1328555909343565
289 1365332543512245
290 1402996889540169
291 1441567250764641
292 1481062243936275
293 1521500803497675
294 1562902185905775
295 1605285973998135
296 1648672081403490
297 1693080756996850
298 1738532589399450
299 1785048511523850
300 1832649805164486
301 1881358105633974
302 1931195406445470
303 1982184064041390
304 2034346802568795
305 2087706718701747
306 2142287286510943
307 2198112362380935
308 2255206189975245
309 2313593405249685
310 2373299041514193
311 2434348534543497
312 2496767727736920
313 2560582877327640
314 2625820657641720
315 2692508166407224
316 2760672930113736
317 2830342909422600
318 2901546504628200
319 2974312561170600
320 3048670375199865
321 3124649699192385
322 3202280747619525
323 3281594202668925
324 3362621220018775
325 3445393434665391
326 3529942966804419
327 3616302427765995
328 3704504926004190
329 3794584073141070
330 3886573990065702
331 3980509313088438
332 4076425200150810
333 4174357337091370
334 4274341943967810
335 4376415781435698
336 4480616157184167
337 4586980932428895
338 4695548528462715
339 4806357933264195
340 4919448708164529
341 5034860994573081
342 5152635520761925
343 5272813608709725
344 5395437181005300
345 5520548767811220
346 5648191513887780
347 5778409185677700
348 5911246178451900
349 6046747523516700
350 6184958895482796
351 6325926619596364
352 6469697679132645
353 6616319722852365
354 6765841072521345
355 6918310730493657
356 7073778387358683
357 7232294429652435
358 7393909947633495
359 7558676743123935
360 7726647337415578
361 7897874979241962
362 8072413652816370
363 8250318085936290
364 8431643758154670
365 8616446909018334
366 8804784546373926
367 8996714454741750
368 9192295203757875
369 9391586156684875
370 9594647478991575
371 9801540147002175
372 10012325956615125
373 10227067532092125
374 10445828334917625
375 10668672672729201
376 10895665708319184
377 11126873468707920
378 11362362854289040
379 11602201648047120
380 11846458524848112
381 12095203060802928
382 12348505742704560
383 12606437977539120
384 12869072102071185
385 13136481392503833
386 13408740074213757
387 13685923331561845
388 13968107317779615
389 14255369164931895
390 14547786993956139
391 14845439924778771
392 15148408086508950
393 15456772627710150
394 15770615726749950
395 16090020602228430
396 16415071523485570
397 16745853821188050
398 17082453897995850
399 17424959239309050
400 17773458424095231
401 18128041135797879
402 18488798173326195
403 18855821462126715
404 19229204065337145
405 19609040195022817
406 19995425223496173
407 20388455694719685
408 20788229335792620
409 21194845068522060
410 21608403021078588
411 22029004539737052
412 22456752200702820
413 22891749822023940
414 23334102475589620
415 23783916499215444
416 24241299508815741
417 24706360410663525
418 25179209413738425
419 25659958042163025
420 26148719147728035
421 26645606922506715
422 27150736911558975
423 27664226025725575
424 28186192554512850
425 28716756179068386
426 29256037985248074
427 29804160476774970
428 30361247588490390
429 30927424699697670
430 31502818647599022
431 32087557740825918
432 32681771773063435
433 33285592036768995
434 33899151336985935
435 34522584005252343
436 35156025913605597
437 35799614488683045
438 36453488725919265
439 37117789203840345
440 37792658098455624
441 38478239197747336
442 39174677916258600
443 39882121309780200
444 40600718090136600
445 41330618640071640
446 42071975028234360
447 42824941024265400
448 43589672113984425
449 44366325514679025
450 45155060190495541
451 45956036867932269
452 46769418051435495
453 47595368039098815
454 48434052938466195
455 49285640682439227
456 50150301045289038
457 51028205658773310
458 51919528028358870
459 52824443549550310
460 53743129524325098
461 54675765177675642
462 55622531674258770
463 56583612135153090
464 57559191654724695
465 58549457317601679
466 59554598215757931
467 60574805465706675
468 61610272225804225
469 62661193713664425
470 63727767223684245
471 64810192144681005
472 65908669977641700
473 67023404353584900
474 68154601051535700
475 69302468016614196
476 70467215378237964
477 71649055468439020
478 72848202840295740
479 74064874286480220
480 75299288857921557
481 76551667882585533
482 77822234984371185
483 79111216102124745
484 80418839508771435
485 81745335830565603
486 83090938066459687
487 84455881607592495
488 85840404256897290
489 87244746248830170
490 88669150269219234
491 90113861475235026
492 91579127515482750
493 93065198550216750
494 94572327271677750
495 96100768924553350
496 97650781326562275
497 99222624889162875
498 100816562638386375
499 102432860235795375
500 104071785999568101
501 105733610925708909
502 107418608709385545
503 109127055766393665
504 110859231254749120
505 112615417096408512
506 114395897999118528
507 116200961478394560
508 118030897879629120
509 119886000400330560
510 121766565112492608
511 123672890985095232
512 125605279906737345
513 127564036708401865
514 129549469186353645
515 131561888125170789
516 133601607320909871
517 135668943604405575
518 137764216864705275
519 139887750072639075
520 142039869304525830
521 144220903766015670
522 146431185816069550
523 148671050991076350
524 150940838029108050
525 153240888894313506
526 155571548801451354
527 157933166240562570
528 160326093001783215
529 162750684200297895
530 165207298301434467
531 167696297145900523
532 170218045975162185
533 172772913456965745
534 175361271711002685
535 177983496334718613
536 180639966429266652
537 183331064625605820
538 186057177110744940
539 188818693654132620
540 191616007634193844
541 194449516065013716
542 197319619623168900
543 200226722674707300
544 203171233302276525
545 206153563332401685
546 209174128362913065
547 212233347790524225
548 215331644838561075
549 218469446584842475
550 221647183989712911
551 224865291924227799
552 228124209198491970
553 231424378590151890
554 234766246873042170
555 238150264845986922
556 241576887361756518
557 245046573356180310
558 248559785877415870
559 252116992115375310
560 255718663431309243
561 259365275387548947
562 263057307777407295
563 266795244655239015
564 270579574366660845
565 274410789578932149
566 278289387311496561
567 282215868966685225
568 286190740360582200
569 290214511754052600
570 294287697883934040
571 298410817994391960
572 302584395868439400
573 306808959859621800
574 311085042923867400
575 315413182651503816
576 319793921299441369
577 324227805823523745
578 328715387911046565
579 333257224013444445
580 337853875379147127
581 342505908086605263
582 347213893077486435
583 351978406190041995
584 356800028192645310
585 361679344817501998
586 366616946794532742
587 371613429885429270
588 376669394917884090
589 381785447819994570
590 386962199654841954
591 392200266655245906
592 397500270258695175
593 402862837142454975
594 408288599258851675
595 413778193870735395
596 419332263587121105
597 424951456399008825
598 430636425715383525
599 436387830399395325
600 442206334804720596
601 448092608812104564
602 454047327866086020
603 460071173011904740
604 466164830932592220
605 472328993986246332
606 478564360243490508
607 484871633525118060
608 491251523439922245
609 497704745422712685
610 504232020772518753
611 510834076690980537
612 517511646320927995
613 524265468785148915
614 531096289225346295
615 538004858841285759
616 544991934930133626
617 552058280925986250
618 559204666439591250
619 566431867298261250
620 573740665585980750
621 581131849683706750
622 588606214309863750
623 596164560561033750
624 603807695952841875
625 611536434461038251
626 619351596562776759
627 627254009278091295
628 635244506211570165
629 643323927594229245
630 651493120325584537
631 659752938015924753
632 668104241028784560
633 676547896523619120
634 685084778498680560
635 693715767834097008
636 702441752335154832
637 711263626775784720
638 720182292942252240
639 729198659677053520
640 738313642923016689
641 747528165767609721
642 756843158487455325
643 766259558593053525
644 775778310873712575
645 785400367442688855
646 795126687782536395
647 804958238790666675
648 814895994825119350
649 824940937750544550
650 835094056984397406
651 845356349543345454
652 855728820089889570
653 866212480979199090
654 876808352306161770
655 887517461952649242
656 898340845634998623
657 909279546951710935
658 920334617431366995
659 931507116580761435
660 942798111933255513
661 954208679097349377
662 965739901805474445
663 977392871963006565
664 989168689697500620
665 1001068463408147244
666 1013093309815452316
667 1025244354011139900
668 1037522729508279300
669 1049929578291636900
670 1062466050868253460
671 1075133306318247540
672 1087932512345845725
673 1100864845330640325
674 1113931490379075225
675 1127133641376160561
676 1140472501037416899
677 1153949280961049595
678 1167565201680354015
679 1181321492716352295
680 1195219392630662322
681 1209260149078599618
682 1223445018862512810
683 1237775267985353370
684 1252252171704480310
685 1266877014585700518
686 1281651090557545422
687 1296575702965784670
688 1311652164628177515
689 1326881797889462595
690 1342265934676586799
691 1357805916554173911
692 1373503094780233725
693 1389358830362112325
694 1405374494112684225
695 1421551466706787065
696 1437891138737899560
697 1454394910775063400
698 1471064193420049800
699 1487900407364771400
700 1504904983448940216
701 1522079362717972344
702 1539424996481140120
703 1556943346369972440
704 1574635884396903945
705 1592504093014173777
706 1610549465172974613
707 1628773504382852685
708 1647177724771359495
709 1665763651143955935
710 1684532819044169523
711 1703486774814005467
712 1722627075654612270
713 1741955289687202590
714 1761472996014230070
715 1781181784780822854
716 1801083257236474506
717 1821179025796993050
718 1841470714106708850
719 1861959957100942050
720 1882648401068730295
721 1903537703715817455
722 1924629534227904075
723 1945925573334160275
724 1967427513371001825
725 1989137058346130121
726 2011055924002836789
727 2033185837884573645
728 2055528539399788740
729 2078085779887029220
730 2100859322680311732
731 2123850943174761108
732 2147062428892518060
733 2170495579548916620
734 2194152207118932060
735 2218034135903900028
736 2242143202598507637
737 2266481256358057245
738 2291050158866003665
739 2315851784401765545
740 2340888019908811659
741 2366160765063022851
742 2391671932341330375
743 2417423447090631375
744 2443417247596982250
745 2469655285155070650
746 2496139524137966850
747 2522871942067155250
748 2549854529682846750
749 2577089291014572750
750 2604578243452061526
751 2632323417816397734
752 2660326858431465795
753 2688590623195677915
754 2717116783653987495
755 2745907425070188687
756 2774964646499502853
757 2804290560861452685
758 2833887295013024745
759 2863756989822121185
760 2893901800241301408
761 2924323895381814432
762 2955025458587922720
763 2986008687511518240
764 3017275794187031520
765 3048829005106634464
766 3080670561295737696
767 3112802718388783200
768 3145227746705333025
769 3177947931326454825
770 3210965572171405005
771 3244282984074610245
772 3277902496862948175
773 3311826455433327975
774 3346057219830571675
775 3380597165325596931
776 3415448682493902054
777 3450614177294354070
778 3486096071148280590
779 3521896801018866270
780 3558018819490854642
781 3594464594850556098
782 3631236611166162810
783 3668337368368371370
784 3705769382331313935
785 3743535184953798663
786 3781637324240860227
787 3820078364385621195
788 3858860885851465065
789 3897987485454521745
790 3937460776446466269
791 3977283388597631541
792 4017457968280435900
793 4057987178553126300
794 4098873699243837900
795 4140120227034970860
796 4181729475547885140
797 4223704175427914100
798 4266047074429697700
799 4308760937502836100
800 4351848546877864461
801 4395312702152549749
802 4439156220378510345
803 4483381936148159265
804 4527992701681971795
805 4572991386916078347
806 4618380879590183343
807 4664164085335810935
808 4710343927764878370
809 4756923348558597810
810 4803905307556707418
811 4851292782847032522
812 4899088770855377670
813 4947296286435750390
814 4995918362960917470
815 5044958052413294574
816 5094418425476170011
817 5144302571625263475
818 5194613599220620575
819 5245354635598843975
820 5296528827165661965
821 5348139339488835285
822 5400189357391403025
823 5452682085045268425
824 5505620746065125400
825 5559008583602726616
826 5612848860441493944
827 5667144859091472120
828 5721899881884626440
829 5777117251070485320
830 5832800308912128552
831 5888952417782522088
832 5945576960261200185
833 6002677339231295745
834 6060256977976919685
835 6118319320280890173
836 6176867830522812567
837 6235905993777510895
838 6295437315913811715
839 6355465323693681195
840 6415993564871716254
841 6477025608294990606
842 6538565044003256550
843 6600615483329503350
844 6663180559000873050
845 6726263925239934570
846 6789869257866316930
847 6854000254398702450
848 6918660634157180775
849 6983854138365964575
850 7049584530256467771
851 7115855595170747139
852 7182671140665308145
853 7250034996615275865
854 7317951015318931845
855 7386423071602617757
856 7455455062926006708
857 7525050909487743060
858 7595214554331451620
859 7665949963452117060
860 7737261125902834428
861 7809152053901931612
862 7881626782940464620
863 7954689371890086540
864 8028343903111291045
865 8102594482562031309
866 8177445239906715201
867 8252900328625577625
868 8328963926124430875
869 8405640233844793875
870 8482933477374401175
871 8560847906558092575
872 8639387795609084250
873 8718557443220622250
874 8798361172678019250
875 8878803331971075426
876 8959888293906884334
877 9041620456223024670
878 9124004241701138790
879 9207044098280898870
880 9290744499174361587
881 9375109942980712203
882 9460144953801398935
883 9545854081355658495
884 9632241901096433685
885 9719313014326683933
886 9807072048316089657
887 9895523656418151345
888 9984672518187684240
889 10074523339498709520
890 10165080852662742864
891 10256349816547481296
892 10348335016695889200
893 10441041265445684400
894 10534473402049225200
895 10628636292793799280
896 10723534831122315345
897 10819173937754398425
898 10915558560807889725
899 11012693675920751925
900 11110584286373380831
901 11209235423211324279
902 11308652145368409195
903 11408839539790277715
904 11509802721558333270
905 11611546834014097542
906 11714077048883979198
907 11817398566404455310
908 11921516615447666370
909 12026436453647425810
910 12132163367525644938
911 12238702672619174202
912 12346059713607061695
913 12454239864438229815
914 12563248528459570995
915 12673091138544463419
916 12783773157221707641
917 12895300076804885025
918 13007677419522138925
919 13120910737646379525
920 13235005613625913260
921 13349967660215497740
922 13465802520607823100
923 13582515868565420700
924 13700113408553000100
925 13818600875870215236
926 13937984036784860724
927 14058268688666499220
928 14179460660120520765
929 14301565811122635045
930 14424590033153797497
931 14548539249335570193
932 14673419414565918435
933 14799236515655443995
934 14925996571464055935
935 15053705633038079943
936 15182369783747807122
937 15311995139425483170
938 15442587848503738890
939 15574154092154462970
940 15706700084428117974
941 15840232072393500486
942 15974756336277946350
943 16110279189607981950
944 16246806979350422475
945 16384346086053918115
946 16522902923990949135
947 16662483941300270775
948 16803095620129808925
949 16944744476780007525
950 17087437061847628641
951 17231179960370006169
952 17375979791969754120
953 17521843210999930440
954 17668776906689657320
955 17816787603290198952
956 17965882060221497688
957 18116067072219169560
958 18267349469481960120
959 18419736117819661560
960 18573233918801492073
961 18727849809904938417
962 18883590764665062645
963 19040463792824273965
964 19198475940482566695
965 19357634290248225279
966 19517945961388997331
967 19679418109983735675
968 19842057929074510350
969 20005872648819191550
970 20170869536644504470
971 20337055897399557030
972 20504439073509841450
973 20673026445131710650
974 20842825430307330450
975 21013843485120108546
976 21186088103850601239
977 21359566819132898895
978 21534287202111491115
979 21710256862598612595
980 21887483449232070657
981 22065974649633555433
982 22245738190567433685
983 22426781838100027245
984 22609113397759377060
985 22792740714695493828
986 22977671673841096212
987 23163914200072837620
988 23351476258373022540
989 23540365853991813420
990 23730591032609929084
991 23922159880501835676
992 24115080524699431125
993 24309361133156224125
994 24505009914912008625
995 24702035120258034825
996 24900445040902677675
997 25100248010137603875
998 25301452403004438375
999 25504066636461931375
1000 25708099169553626826
