0 1
1 0
2 1
3 0
4 1
5 0
6 2
7 0
8 3
9 0
10 4
11 0
12 6
13 0
14 8
15 0
16 10
17 0
18 14
19 0
20 18
21 0
22 22
23 0
24 29
25 0
26 36
27 0
28 44
29 0
30 55
31 0
32 67
33 0
34 80
35 0
36 98
37 0
38 117
39 0
40 138
41 0
42 165
43 0
44 194
45 0
46 226
47 0
48 266
49 0
50 309
51 0
52 356
53 0
54 413
55 0
56 475
57 0
58 542
59 0
60 622
61 0
62 708
63 0
64 802
65 0
66 911
67 0
68 1029
69 0
70 1157
71 0
72 1304
73 0
74 1462
75 0
76 1633
77 0
78 1827
79 0
80 2036
81 0
82 2261
83 0
84 2514
85 0
86 2785
87 0
88 3077
89 0
90 3402
91 0
92 3750
93 0
94 4123
95 0
96 4536
97 0
98 4977
99 0
100 5449
101 0
102 5967
103 0
104 6520
105 0
106 7110
107 0
108 7755
109 0
110 8441
111 0
112 9172
113 0
114 9966
115 0
116 10810
117 0
118 11707
119 0
120 12678
121 0
122 13707
123 0
124 14799
125 0
126 15976
127 0
128 17222
129 0
130 18541
131 0
132 19958
133 0
134 21455
135 0
136 23038
137 0
138 24732
139 0
140 26520
141 0
142 28406
143 0
144 30420
145 0
146 32541
147 0
148 34776
149 0
150 37155
151 0
152 39658
153 0
154 42291
155 0
156 45087
157 0
158 48024
159 0
160 51110
161 0
162 54379
163 0
164 57809
165 0
166 61407
167 0
168 65212
169 0
170 69198
171 0
172 73375
173 0
174 77782
175 0
176 82395
177 0
178 87222
179 0
180 92307
181 0
182 97622
183 0
184 103178
185 0
186 109020
187 0
188 115121
189 0
190 121491
191 0
192 128179
193 0
194 135155
195 0
196 142432
197 0
198 150060
199 0
200 158010
201 0
202 166293
203 0
204 174965
205 0
206 183993
207 0
208 193392
209 0
210 203218
211 0
212 213439
213 0
214 224069
215 0
216 235170
217 0
218 246706
219 0
220 258694
221 0
222 271197
223 0
224 284181
225 0
226 297661
227 0
228 311706
229 0
230 326278
231 0
232 341396
233 0
234 357130
235 0
236 373443
237 0
238 390353
239 0
240 407936
241 0
242 426151
243 0
244 445020
245 0
246 464620
247 0
248 484912
249 0
250 505916
251 0
252 527716
253 0
254 550268
255 0
256 573597
257 0
258 597788
259 0
260 622799
261 0
262 648653
263 0
264 675442
265 0
266 703120
267 0
268 731714
269 0
270 761318
271 0
272 791887
273 0
274 823447
275 0
276 856099
277 0
278 889794
279 0
280 924563
281 0
282 960507
283 0
284 997580
285 0
286 1035811
287 0
288 1075310
289 0
290 1116025
291 0
292 1157990
293 0
294 1201317
295 0
296 1245956
297 0
298 1291940
299 0
300 1339388
301 0
302 1388246
303 0
304 1438552
305 0
306 1490427
307 0
308 1543819
309 0
310 1598764
311 0
312 1655392
313 0
314 1713646
315 0
316 1773568
317 0
318 1835289
319 0
320 1898755
321 0
322 1964006
323 0
324 2031182
325 0
326 2100224
327 0
328 2171178
329 0
330 2244186
331 0
332 2319191
333 0
334 2396238
335 0
336 2475478
337 0
338 2556849
339 0
340 2640402
341 0
342 2726290
343 0
344 2814454
345 0
346 2904943
347 0
348 2997920
349 0
350 3093321
351 0
352 3191201
353 0
354 3291725
355 0
356 3394832
357 0
358 3500576
359 0
360 3609132
361 0
362 3720433
363 0
364 3834540
365 0
366 3951630
367 0
368 4071640
369 0
370 4194629
371 0
372 4320784
373 0
374 4450037
375 0
376 4582454
377 0
378 4718225
379 0
380 4857284
381 0
382 4999696
383 0
384 5145662
385 0
386 5295111
387 0
388 5448115
389 0
390 5604877
391 0
392 5765330
393 0
394 5929544
395 0
396 6097734
397 0
398 6269827
399 0
400 6445901
401 0
402 6626173
403 0
404 6810574
405 0
406 6999181
407 0
408 7192222
409 0
410 7389623
411 0
412 7591468
413 0
414 7797989
415 0
416 8009115
417 0
418 8224929
419 0
420 8445675
421 0
422 8671276
423 0
424 8901824
425 0
426 9137565
427 0
428 9378427
429 0
430 9624500
431 0
432 9876043
433 0
434 10132978
435 0
436 10395403
437 0
438 10663581
439 0
440 10937438
441 0
442 11217071
443 0
444 11502755
445 0
446 11794411
447 0
448 12092145
449 0
450 12396235
451 0
452 12706606
453 0
454 13023363
455 0
456 13346798
457 0
458 13676830
459 0
460 14013573
461 0
462 14357322
463 0
464 14708001
465 0
466 15065723
467 0
468 15430797
469 0
470 15803141
471 0
472 16182877
473 0
474 16570318
475 0
476 16965387
477 0
478 17368205
479 0
480 17779099
481 0
482 18197986
483 0
484 18624997
485 0
486 19060463
487 0
488 19504306
489 0
490 19956656
491 0
492 20417858
493 0
494 20887829
495 0
496 21366709
497 0
498 21854847
499 0
500 22352165
501 0
502 22858802
503 0
504 23375123
505 0
506 23901043
507 0
508 24436712
509 0
510 24982499
511 0
512 25538325
513 0
514 26104339
515 0
516 26680925
517 0
518 27267999
519 0
520 27865720
521 0
522 28474477
523 0
524 29094191
525 0
526 29725021
527 0
528 30367372
529 0
530 31021159
531 0
532 31686552
533 0
534 32363960
535 0
536 33053305
537 0
538 33754756
539 0
540 34468739
541 0
542 35195169
543 0
544 35934227
545 0
546 36686344
547 0
548 37451441
549 0
550 38229699
551 0
552 39021565
553 0
554 39826955
555 0
556 40646061
557 0
558 41479336
559 0
560 42326702
561 0
562 43188350
563 0
564 44064751
565 0
566 44955821
567 0
568 45861764
569 0
570 46783055
571 0
572 47719617
573 0
574 48671654
575 0
576 49639659
577 0
578 50623549
579 0
580 51623540
581 0
582 52640131
583 0
584 53673246
585 0
586 54723101
587 0
588 55790213
589 0
590 56874500
591 0
592 57976191
593 0
594 59095809
595 0
596 60233279
597 0
598 61388830
599 0
600 62563004
601 0
602 63755720
603 0
604 64967220
605 0
606 66198052
607 0
608 67448143
609 0
610 68717735
611 0
612 70007395
613 0
614 71317044
615 0
616 72646938
617 0
618 73997650
619 0
620 75369109
621 0
622 76761571
623 0
624 78175629
625 0
626 79611206
627 0
628 81068572
629 0
630 82548327
631 0
632 84050401
633 0
634 85575065
635 0
636 87122939
637 0
638 88693948
639 0
640 90288377
641 0
642 91906852
643 0
644 93549307
645 0
646 95216027
647 0
648 96907660
649 0
650 98624133
651 0
652 100365746
653 0
654 102133154
655 0
656 103926293
657 0
658 105745464
659 0
660 107591342
661 0
662 109463858
663 0
664 111363328
665 0
666 113290435
667 0
668 115245118
669 0
670 117227694
671 0
672 119238868
673 0
674 121278573
675 0
676 123347142
677 0
678 125445287
679 0
680 127572951
681 0
682 129730467
683 0
684 131918570
685 0
686 134137197
687 0
688 136386697
689 0
690 138667813
691 0
692 140980491
693 0
694 143325082
695 0
696 145702351
697 0
698 148112239
699 0
700 150555113
701 0
702 153031746
703 0
704 155542089
705 0
706 158086510
707 0
708 160665806
709 0
710 163279922
711 0
712 165929243
713 0
714 168614574
715 0
716 171335870
717 0
718 174093518
719 0
720 176888347
721 0
722 179720306
723 0
724 182589799
725 0
726 185497664
727 0
728 188443861
729 0
730 191428795
731 0
732 194453328
733 0
734 197517415
735 0
736 200621479
737 0
738 203766391
739 0
740 206952116
741 0
742 210179079
743 0
744 213448176
745 0
746 216759367
747 0
748 220113095
749 0
750 223510265
751 0
752 226950848
753 0
754 230435289
755 0
756 233964519
757 0
758 237538503
759 0
760 241157705
761 0
762 244823065
763 0
764 248534560
765 0
766 252292656
767 0
768 256098319
769 0
770 259951521
771 0
772 263852746
773 0
774 267802971
775 0
776 271802179
777 0
778 275850857
779 0
780 279950008
781 0
782 284099610
783 0
784 288300170
785 0
786 292552700
787 0
788 296857191
789 0
790 301214152
791 0
792 305624623
793 0
794 310088589
795 0
796 314606579
797 0
798 319179644
799 0
800 323807781
801 0
802 328491522
803 0
804 333231945
805 0
806 338029043
807 0
808 342883368
809 0
810 347796009
811 0
812 352766971
813 0
814 357796809
815 0
816 362886641
817 0
818 368036467
819 0
820 373246863
821 0
822 378518957
823 0
824 383852763
825 0
826 389248860
827 0
828 394708405
829 0
830 400231407
831 0
832 405818466
833 0
834 411470751
835 0
836 417188284
837 0
838 422971669
839 0
840 428822104
841 0
842 434739606
843 0
844 440724801
845 0
846 446778899
847 0
848 452901931
849 0
850 459094526
851 0
852 465357924
853 0
854 471692152
855 0
856 478097861
857 0
858 484576303
859 0
860 491127519
861 0
862 497752164
863 0
864 504451521
865 0
866 511225626
867 0
868 518075157
869 0
870 525001409
871 0
872 532004433
873 0
874 539084911
875 0
876 546244169
877 0
878 553482254
879 0
880 560799871
881 0
882 568198359
883 0
884 575677779
885 0
886 583238841
887 0
888 590882916
889 0
890 598610061
891 0
892 606421009
893 0
894 614317144
895 0
896 622298539
897 0
898 630365931
899 0
900 638520737
901 0
902 646763025
903 0
904 655093557
905 0
906 663513763
907 0
908 672023727
909 0
910 680624216
911 0
912 689316692
913 0
914 698101236
915 0
916 706978639
917 0
918 715950378
919 0
920 725016549
921 0
922 734177948
923 0
924 743436086
925 0
926 752791055
927 0
928 762243677
929 0
930 771795476
931 0
932 781446561
933 0
934 791197759
935 0
936 801050629
937 0
938 811005276
939 0
940 821062552
941 0
942 831224031
943 0
944 841489835
945 0
946 851860822
947 0
948 862338600
949 0
950 872923288
951 0
952 883615770
953 0
954 894417669
955 0
956 905329121
957 0
958 916351016
959 0
960 927485013
961 0
962 938731244
963 0
964 950090626
965 0
966 961564833
967 0
968 973154015
969 0
970 984859095
971 0
972 996681783
973 0
974 1008622226
975 0
976 1020681374
977 0
978 1032860953
979 0
980 1045161128
981 0
982 1057582855
983 0
984 1070127897
985 0
986 1082796416
987 0
988 1095589396
989 0
990 1108508616
991 0
992 1121554256
993 0
994 1134727307
995 0
996 1148029585
997 0
998 1161461268
999 0
1000 1175023375
