0 0
1 0
2 1
3 3
4 6
5 11
6 18
7 29
8 44
9 66
10 96
11 138
12 194
13 271
14 372
15 507
16 683
17 914
18 1211
19 1596
20 2086
21 2713
22 3505
23 4507
24 5762
25 7337
26 9295
27 11731
28 14741
29 18459
30 23024
31 28628
32 35470
33 43819
34 53962
35 66272
36 81155
37 99132
38 120769
39 146784
40 177969
41 215307
42 259890
43 313064
44 376325
45 451500
46 540634
47 646192
48 770946
49 918219
50 1091744
51 1295970
52 1535913
53 1817502
54 2147433
55 2533588
56 2984864
57 3511687
58 4125841
59 4841061
60 5672881
61 6639348
62 7760853
63 9061009
64 10566508
65 12308138
66 14320696
67 16644216
68 19323905
69 22411640
70 25965985
71 30053953
72 34751158
73 40143941
74 46329630
75 53419130
76 61537394
77 70826485
78 81446348
79 93578512
80 107427162
81 123223638
82 141227965
83 161734220
84 185072689
85 211616349
86 241783706
87 276046668
88 314934341
89 359042450
90 409038375
91 465672548
92 529784907
93 602318714
94 684328891
95 776998611
96 881650030
97 999764334
98 1132995264
99 1283193400
100 1452423275
101 1642992567
102 1857473693
103 2098739072
104 2369988022
105 2674789387
106 3017115096
107 3401391432
108 3832540821
109 4316043665
110 4857989905
111 5465153651
112 6145056854
113 6906059010
114 7757435638
115 8709486303
116 9773630754
117 10962539002
118 12290249078
119 13772323221
120 15425991886
121 17270341446
122 19326489497
123 21617810409
124 24170148650
125 27012089150
126 30175216502
127 33694439194
128 37608303489
129 41959382089
130 46794653959
131 52165969359
132 58130508863
133 64751339752
134 72097969264
135 80247009959
136 89282846035
137 99298427715
138 110396072731
139 122688414562
140 136299364457
141 151365242592
142 168035931800
143 186476225120
144 206867207877
145 229407862322
146 254316720331
147 281833772930
148 312222444908
149 345771864405
150 382799219605
151 423652454918
152 468713079500
153 518399367921
154 573169704245
155 633526377525
156 700019559622
157 773251803381
158 853882768150
159 942634546952
160 1040297275507
161 1147735434973
162 1265894503400
163 1395808408037
164 1538607403967
165 1695526879262
166 1867916679517
167 2057251502096
168 2265141922198
169 2493346654949
170 2743785580064
171 3018554197194
172 3319938999242
173 3650434498855
174 4012761358750
175 4409886433500
176 4845044131330
177 5321759988620
178 5843875819815
179 6415577425470
180 7041424178590
181 7726381569526
182 8475855981307
183 9295732889630
184 10192417707157
185 11172880587587
186 12244704361924
187 13416137054297
188 14696148096565
189 16094489842136
190 17621763441761
191 19289490845854
192 21110191946506
193 23097468802869
194 25266095908338
195 27632118650183
196 30212958863156
197 33027529850747
198 36096359729277
199 39441725712975
200 43087798145100
201 47060797174488
202 51389160833135
203 56103727719218
204 61237933007191
205 66828021324686
206 72913275183946
207 79536262891986
208 86743104598476
209 94583760824613
210 103112342126988
211 112387444702343
212 122472510588110
213 133436217793369
214 145352899029647
215 158302994955542
216 172373540654829
217 187658691903310
218 204260290011224
219 222288472527895
220 241862328689040
221 263110607698407
222 286172478872256
223 311198352632367
224 338350761557982
225 367805311499732
226 399751702195889
227 434394828518408
228 471955962100978
229 512674025728340
230 556806960612595
231 604633200358515
232 656453252197227
233 712591400868174
234 773397536306503
235 839249122276778
236 910553307791697
237 987749200455209
238 1071310304381080
239 1161747144049897
240 1259610077753482
241 1365492324476215
242 1480033209029253
243 1603921652106512
244 1737899911451400
245 1882767603947845
246 2039386016475791
247 2208682738867345
248 2391656628721371
249 2589383145403043
250 2803020065223668
251 3033813619588349
252 3283105070756908
253 3552337772009487
254 3843064729925599
255 4156956721232264
256 4495810985480944
257 4861560552351726
258 5256284229007083
259 5682217313416439
260 6141763063865114
261 6637504998625960
262 7172220061534569
263 7748892736481737
264 8370730152991352
265 9041178276051522
266 9763939229741894
267 10542989859304061
268 11382601589670875
269 12287361697987235
270 13262196067931860
271 14312393557862977
272 15443632061801583
273 16662006411645916
274 17974058212462131
275 19386807777635581
276 20907788270486756
277 22545082239823927
278 24307360672881196
279 26203924776472780
280 28244750629047855
281 30440536940730371
282 32802756086068082
283 35343708676113780
284 38076581859661315
285 41015511653590870
286 44175649520739867
287 47573233532726640
288 51225664368797693
289 55151586530287115
290 59370975058874210
291 63905228185775096
292 68777266242247180
293 74011637312000852
294 79634630003951457
295 85674393886046972
296 92161068013126060
297 99126918157321891
298 106606483235832475
299 114636731620775515
300 123257227896240540
301 132510310832964142
302 142441283225367643
303 153098614457916482
304 164534156535738586
305 176803374554968051
306 189965592450025755
307 204084255115305760
308 219227207854162954
309 235466994389992617
310 252881174523139912
311 271552662822740276
312 291570089585317221
313 313028185622670112
314 336028192278157449
315 360678298428987939
316 387094106062554265
317 415399126403550268
318 445725308393393232
319 478213601744859886
320 513014556614300716
321 550288962391048793
322 590208527918048784
323 632956605954003480
324 678728964497581508
325 727734608132819383
326 780196652361648024
327 836353254474522313
328 896458604314188857
329 960783978923303407
330 1029618864869377257
331 1103272152731227596
332 1182073408033894211
333 1266374223670119330
334 1356549658650668953
335 1452999768842871713
336 1556151235164607038
337 1666459095589899810
338 1784408587136013782
339 1910517104969810137
340 2045336285593111657
341 2189454222120985489
342 2343497819500561519
343 2508135298666322563
344 2684078858476745316
345 2872087505529038296
346 3072970061816721455
347 3287588361560007754
348 3516860648431224904
349 3761765185886607310
350 4023344093237751435
351 4302707421721453587
352 4601037484784211663
353 4919593458572540747
354 5259716268621118175
355 5622833780669228180
356 6010466313588257403
357 6424232494521599765
358 6865855476450958202
359 7337169540719356982
360 7840127107225357002
361 8376806177536048123
362 8949418236434085682
363 9560316640185969783
364 10212005520183176742
365 10907149233642122782
366 11648582393526204466
367 12439320513175615785
368 13282571301738144212
369 14181746650134232561
370 15140475348046570606
371 16162616576413915968
372 17252274220838315750
373 18413812055688278600
374 19651869849807403685
375 20971380449534877185
376 22377587896096361239
377 23876066639686942320
378 25472741914177699111
379 27173911342153512636
380 28986267841892985586
381 30916923914243451398
382 32973437389580085203
383 35163838722003850334
384 37496659920547742670
385 39980965214813160850
386 42626383555501924551
387 45443143058719867343
388 48442107506456319537
389 51634815024889852363
390 55033519066248012638
391 58651231830115617061
392 62501770264783046247
393 66599804800409641038
394 70960910971171925152
395 75601624095871548667
396 80539497192659740322
397 85793162317076715485
398 91382395519672119973
399 97328185634379994570
400 103652807116884288895
401 110379897168625330821
402 117534537391279273142
403 125143340234619152411
404 133234540511103617992
405 141838092270452273052
406 150985771339311390654
407 160711283853053412383
408 171050381120177359624
409 182040981183953286618
410 193723297461145604398
411 206139974864296794780
412 219336233831222230482
413 233360022714741077826
414 248262179005051026794
415 264096599889539214564
416 280920422676678450108
417 298794215646368326112
418 317782179913699990669
419 337952362932505924328
420 359376884292761560648
421 382132174509341585907
422 406299227530782949868
423 431963867744620664714
424 459217032290851086453
425 488155069547935884603
426 518880054695030935702
427 551500123312441167891
428 586129824026344743825
429 622890491268176271134
430 661910639268413530799
431 703326378475515889177
432 747281855646034005711
433 793929718930263273702
434 843431609339668424417
435 895958680068776665022
436 951692145213412951678
437 1010823859522582570323
438 1073556930898625649538
439 1140106367465591946905
440 1210699761112154082415
441 1285578009531624968648
442 1364996078878068370888
443 1449223809285797870669
444 1538546765607151516336
445 1633267135865044988156
446 1733704680036797835760
447 1840197731942036954341
448 1953104257141233057695
449 2072802969923953263649
450 2199694512614934681649
451 2334202700616507605489
452 2476775836771855009718
453 2627888098843772323396
454 2788041004088326038981
455 2957764955134784079946
456 3137620871588742347544
457 3328201912031394278578
458 3530135291316508967207
459 3744084198349242036339
460 3970749819785073381904
461 4210873475398998573985
462 4465238871157572773960
463 4734674476370527768431
464 5020056031612489754718
465 5322309194485066391323
466 5642412330638059681867
467 5981399457887585114416
468 6340363351655747991029
469 6720458820418868589506
470 7122906160280580064666
471 7548994798296232478083
472 8000087134651328577947
473 8477622594359492693540
474 8983121899673697323098
475 9518191575025304585223
476 10084528696891110184898
477 10683925901673412037824
478 11318276665327199066407
479 11989580869223930873639
480 12699950667460559111644
481 13451616671655552237235
482 14246934470070310469415
483 15088391498813134118870
484 15978614283765062207164
485 16920376072880059905219
486 17916604879488633316231
487 18970391958351088662744
488 20085000737287515146992
489 21263876228443250949638
490 22510654944444523869303
491 23829175346056794102526
492 25223488849281241919465
493 26697871421321605872597
494 28256835796316583678770
495 29905144343382756117530
496 31647822621130517098717
497 33490173654633676990183
498 35437792972621335054190
499 37496584444664219955753
500 39672776960103507417378
501 41972941992677831412405
502 44404012096987118740281
503 46973300385364217029562
504 49688521036136462342782
505 52557810886938863004827
506 55589752169403276137569
507 58793396444499478207581
508 62178289800743828051922
509 65754499380741982705593
510 69532641304777154242703
511 73523910063735318361003
512 77740109457239958459485
513 82193685156810899406863
514 86897758977813075248925
515 91866164948301201568700
516 97113487267225080362676
517 102655100249238194298809
518 108507210358159495959849
519 114686900436397580767849
520 121212176242947233555964
521 128102015418356775941612
522 135376419000908509318958
523 143056465624624603651511
524 151164368536152077775657
525 159723535574589794511807
526 168758632265418800427008
527 178295648187409040448546
528 188361966779196540555132
529 198986438760708615575863
530 210199459353230310687443
531 222033049491236611103853
532 234520941228604132907505
533 247698667552078657519813
534 261603656825324224854825
535 276275332098165008087300
536 291755215527135769156259
537 308087038165865470650062
538 325316855396482681370661
539 343493168286873542805695
540 362667051172560997289805
541 382892285776970148556026
542 404225502199181857126624
543 426726327114759213292117
544 450457539552105583430472
545 475485234624926862576892
546 501878995619932245545046
547 529712074858812094930733
548 559061583773946081305574
549 590008692659163556407450
550 622638840579326790468350
551 657041955946531841411510
552 693312688295403126540262
553 731550651816346303777816
554 771860681232755548364938
555 814353100637153269237538
556 859144005931060287246669
557 906355561545220685287007
558 956116312149575118044383
559 1008561510097321431671790
560 1063833459383406569387745
561 1122081876936158437437752
562 1183464272100320212756248
563 1248146345211863156136702
564 1316302406208399392308876
565 1388115814265238988512446
566 1463779439494848043956083
567 1543496147798191174477682
568 1627479310008832054480003
569 1715953336526327872461256
570 1809154238692971526648836
571 1907330218229005497961224
572 2010742286104569208953670
573 2119664912293636601909707
574 2234386707924497010568198
575 2355211141414817574805323
576 2482457290255369541367624
577 2616460630187094694965097
578 2757573863599624607711655
579 2906167789067744497909270
580 3062632214033827315357330
581 3227376912741167702941570
582 3400832631623547799036818
583 3583452144462604622956705
584 3775711359734682752482982
585 3978110482685311848063157
586 4191175234790196055223286
587 4415458133389242886257917
588 4651539834412548017203838
589 4900030541257134278617696
590 5161571483018374920883406
591 5436836465433309094090048
592 5726533498052136217065020
593 6031406501322111583096803
594 6352237097442406969707610
595 6689846489032472139268545
596 7045097429847474841826732
597 7418896291975911694536162
598 7812195234163794945693206
599 8225994476130522778671233
600 8661344683970840126941233
601 9119349471978984435494855
602 9601168026482270798418594
603 10108017857536005659900466
604 10641177684606685526179453
605 11201990462660162064528873
606 11791866555372664396992737
607 12412287062499724111300089
608 13064807308767840223357253
609 13751060502000860050237730
610 14472761568554089807617210
611 15231711174509059516722931
612 16029799941477058702729698
613 16869012866275285113790493
614 17751433954171968378344668
615 18679251075851692100194463
616 19654761058725448897119967
617 20680375023707583887573261
618 21758623979099663892048050
619 22892164683765643510954712
620 24083785792349275257864857
621 25336414295880070764305766
622 26653122271733888734226327
623 28037133957565315692785206
624 29491833164506873807926882
625 31020771045642042082990257
626 32627674236500396772118628
627 34316453385101586381635357
628 36091212089885463748293346
629 37956256264716666431069882
630 39916103951038195395739377
631 41975495598178722624268856
632 44139404833787207180631280
633 46413049747385044510712416
634 48801904711084976893448398
635 51311712762637008501530933
636 53948498577118971152750008
637 56718582054803389263145129
638 59628592553997081106448143
639 62685483798976313338310617
640 65896549494522293615559357
641 69269439680010776025244376
642 72812177857519372733952250
643 76533178929998914185460647
644 80441267987204496672129581
645 84545699978810510372586691
646 88856180315935381834663639
647 93382886444189555615707937
648 98136490433327622883534882
649 103128182630646843255925426
650 108369696427422659575609126
651 113873334189922386726916221
652 119651994408883945730639801
653 125719200123803430036983342
654 132089128680936139854126271
655 138776642886597580026679921
656 145797323620146329491633798
657 153167503973957755039295937
658 160904304990748644074428221
659 169025673071807156962935278
660 177550419133012288265330228
661 186498259589012621083003925
662 195889859249567665670645442
663 205746876215858067103905034
664 216092008868535434623961710
665 226949045043431373280545005
666 238342913495170373574997944
667 250299737753456819092627429
668 262846892481524312688129484
669 276013062451171568171109867
670 289828304253955017114316027
671 304324110873491394119695445
672 319533479249435609602937433
673 335490980969569240907168206
674 352232836232554692888115377
675 369796991230310343151736877
676 388223199105634553593732013
677 407553104647684065016931349
678 427830332895186829902832133
679 449100581824875595009710158
680 471411719310558475576005938
681 494813884546533367950960240
682 519359594137696453075206741
683 545103853067730584608470133
684 572104270766179384962023998
685 600421182505059216325649418
686 630117776365926494197254739
687 661260226029046554444275134
688 693917829647495473377679792
689 728163155080715202097453212
690 764072191774228551173177907
691 801724509584954313773943090
692 841203424864838109530566421
693 882596174129384976391459837
694 925994095652139919564052632
695 971492819341269622627702082
696 1019192465270147650343841351
697 1069197851250297511089903514
698 1121618709852199060549562044
699 1176569915297378668831281116
700 1234171720663879479322500116
701 1294550005866713953933528775
702 1357836536895234986774514285
703 1424169236810597710894494979
704 1493692469028621263265647299
705 1566557333436476604485617124
706 1642921975915724011459149478
707 1722951911869385668033273052
708 1806820364376967520408095650
709 1894708617628729404583225833
710 1986806386319047905889178678
711 2083312201708517603766228612
712 2184433815095499898653808282
713 2290388619470256029977247479
714 2401404090158601138124097769
715 2517718245297297662564281574
716 2639580127020180601219241716
717 2767250304272389883001982237
718 2901001398210090867132063522
719 3041118631184816344238823774
720 3187900400355080197058397279
721 3341658877013326078652803872
722 3502720632763605556288338634
723 3671427293734770186410777751
724 3848136224065436458270659318
725 4033221239950692205151285193
726 4227073355596487958135474574
727 4430101562486057944333125889
728 4642733643423578016519716381
729 4865417022883764041371293782
730 5098619655262284684972168927
731 5342830952690891391682094444
732 5598562754153102257547095969
733 5866350337711312581467471846
734 6146753477734396453581745730
735 6440357549096421739425308400
736 6747774680402085958379324827
737 7069644958383118580961918400
738 7406637685702255048534057495
739 7759452694497711005667273147
740 8128821718101449661424731222
741 8515509823469199602645382597
742 8920316906969232453297116656
743 9344079256290626605216045137
744 9787671181350223338965059999
745 10252006717201021822599198279
746 10738041402073470094383524575
747 11246774133815308201997127330
748 11779249108135430574521834961
749 12336557842202998210327229599
750 12919841287304885023863469474
751 13530292034422851940055241283
752 14169156616756760322415798659
753 14837737913392054601727192559
754 15537397658488832888621515346
755 16269559060556503709195920576
756 17035709536572485836379377949
757 17837403565906096698948128900
758 18676265669219902497657428273
759 19553993517740852822816670931
760 20472361178522726022304805866
761 21433222501560286836788678946
762 22438514654864361030668577866
763 23490261813866318720878166753
764 24590579011790511554801836506
765 25741676157914625281380563866
766 26945862230931000303600080858
767 28205549654927378690711310008
768 29523258865823600183889353560
769 30901623076432179181255951945
770 32343393248655827307806461110
771 33851443281694579798544772836
772 35428775425509653847434371858
773 37078525929181305583240975752
774 38803970934204215589381621364
775 40608532623187171753874566014
776 42495785634864533363703388394
777 44469463756786065650111338394
778 46533466907529778493980068030
779 48691868420780368458711428523
780 50948922644134351424561070528
781 53309072866033038606725848494
782 55776959584786810588627570164
783 58357429134239815522221491026
784 61055542681233980002396247399
785 63876585610666292218863449469
786 66826077314594485607137899761
787 69909781402534826300160664264
788 73133716350812551460432299062
789 76504166609572024980859413171
790 80027694186830814089023200271
791 83711150729771157493386284871
792 87561690124304721487729698658
793 91586781634823750858151129691
794 95794223606964839138885187561
795 100192157757162315966798947411
796 104789084073757902619626421597
797 109593876355463700134688981340
798 114615798414048082984017850582
799 119864520969230696673502238404
800 125350139264934955150572222454
801 131083191437256377655029134433
802 137074677665764380081844853970
803 143336080141066081414925363457
804 149879383882925027865830648995
805 156717098444647991244285743380
806 163862280540931043230992846985
807 171328557637894649282206651481
808 179130152545638609983155651924
809 187281909055314214495678125491
810 195799318664445184917249883056
811 204698548436034013379219801018
812 213996470038868544575071069736
813 223710690018398504352933838001
814 233859581349585749568481831865
815 244462316325248940789705426020
816 255538900835625975145096568084
817 267110210097169762465157960763
818 279198025890977888090820124470
819 291825075373738577968881869171
820 305015071526657537164860739201
821 318792755310517188951436954883
822 333183939597815258370542811832
823 348215554955838383005136904556
824 363915697357552467446514107619
825 380313677900340058545510929369
826 397440074615890416963105196390
827 415326786457955827734139946369
828 434007089558232705225662934489
829 453515695844314266585974372163
830 473888814117498044719432692388
831 495164213692222810169416052391
832 517381290703061070801595463704
833 540581137189512240145588614826
834 564806613073333771640286397748
835 590102421147820604453387444173
836 616515185203303618550566201862
837 644093531418193587354803373348
838 672888173150155347077154745331
839 702951999267466329449241221411
840 734340166166301813901381107161
841 767110193625605672457731905761
842 801322064657358220736504190214
843 837038329516452198424151503629
844 874324214041042778173012898199
845 913247732501158765979861571469
846 953879805140559439731990871793
847 996294380604306534069171663892
848 1040568563452304144011482242490
849 1086782746967153444605678436222
850 1135020751473085391495203857222
851 1185369968391486603672752336897
852 1237921510267633642683136899884
853 1292770367012713560322531718707
854 1350015568615047096559645741512
855 1409760354584661061075185000617
856 1472112350405992511063651092329
857 1537183751284566342607261049596
858 1605091513484985292483113916127
859 1675957553569525399575812259223
860 1749908955859057405533144010543
861 1827078188450935080123312553820
862 1907603328141923098402068439025
863 1991628294618201077634924773474
864 2079303094288996224310598633061
865 2170784074155487569959857391156
866 2266234186122311088174741312766
867 2365823262175301653345427972183
868 2469728300866057624364912269759
869 2578133765561533260732851643354
870 2691231894935177838584256116889
871 2809223026195176697755074075728
872 2932315931565135130532149871780
873 3060728168553111660402222562055
874 3194686444566281600071753581371
875 3334426996450727804551084992371
876 3480195985558944291613319765222
877 3632249908971635388783809921145
878 3790856027525331806215656967141
879 3956292811323263738149952187478
880 4128850403433865956783043731318
881 4308831102509282006339102094158
882 4496549865085323105981916523878
883 4692334828354566489562866105039
884 4896527854235689825075696283860
885 5109485095594780703311879018305
886 5331577585508278484163106621691
887 5563191850492451306983179630948
888 5804730548660932931510494809309
889 6056613133809897450275955293983
890 6319276546469987806430460289078
891 6593175933005195836005494850415
892 6878785393881574415900562502338
893 7176598762273010131063885033669
894 7487130414217359364877805546498
895 7810916111584120619326368513173
896 8148513879164547724827426430479
897 8500504917246776385616878548889
898 8867494551092211987340633239724
899 9250113218785189374166894432923
900 9649017498985842769986148950823
901 10064891180176301824770263316253
902 10498446373052841355857492571730
903 10950424667781549881071515573455
904 11421598337902535469443566371454
905 11912771592737755915876428462254
906 12424781880230340761022912874562
907 12958501242218871897347308034017
908 13514837724228611965418707098025
909 14094736841943230207697755015325
910 14699183106605286581887743850080
911 15329201611681720193518123603887
912 15985859683221968912294915950672
913 16670268596431256187845260025685
914 17383585361080149421967881651436
915 18127014578473864635010857269001
916 18901810372811105563945673553900
917 19709278399872635401461465956575
918 20550777936094438015798698004043
919 21427724051199397946192536361614
920 22341589867685078369678941428364
921 23293908910593581331590529676172
922 24286277551122811068932154088096
923 25320357547776920401363916999938
924 26397878688897491742761320386470
925 27520641540566293887837931084245
926 28690520304025467783571363821773
927 29909465786921950094951100820176
928 31179508492850062659160941247072
929 32502761833839716640437341432878
930 33881425470617839385045847852448
931 35317788785657685281945206180481
932 36814234494224894563981784668284
933 38373242398830790822823806130758
934 39997393292712733799068627024013
935 41689373018178664302472838123673
936 43451976685878588662603030726910
937 45288113061299968671271887444442
938 47200809125027127885215738525297
939 49193214813557198035184152286893
940 51268607947727152744669868334048
941 53430399356078477057000780856495
942 55682138200768369110428763146339
943 58027517513929459484865177697897
944 60470379952684261030432472790794
945 63014723781336351757211928651229
946 65664709089588072527479062090540
947 68424664255974746002882161879949
948 71299092666058552872789981858341
949 74292679695291726113958761573073
950 77410299966839138040937888626323
951 80657024895045185146878861485829
952 84038130525639653758889149613692
953 87559105684202541656505627024238
954 91225660444849188784461971330428
955 95043734931555142627756599142463
956 99019508465015565662602274177882
957 103159409068427337550417984543797
958 107470123346093974764954129471126
959 111958606749284787888169769378428
960 116632094244331033092411398829538
961 121498111398513944447105664035951
962 126564485899893222411504830455514
963 131839359527840612509490982699219
964 137331200591682459009943878752801
965 143048816855518433109199446486551
966 149001368967971897688052454796345
967 155198384416341517629894559445239
968 161649772025364706339864689356036
969 168365837021572321476861382430338
970 175357296685011707646297242209248
971 182635296610942811532504918714677
972 190211427604970763823208733811854
973 198097743235969193054457466848273
974 206306778072072789472515995603611
975 214851566625976518933257522318361
976 223745663036773666221213237073443
977 233003161516596903037532014893859
978 242638717591397191441301000928112
979 252667570166305986860125728269858
980 263105564447178360716801791149593
981 273969175751109865682394443994471
982 285275534239959790469761111759878
983 297042450612199554431562676749894
984 309288442789739066039397164202946
985 322032763637767694503643223830636
986 335295429757081897054839966652644
987 349097251389860417985919404372196
988 363459863481392281053039672774424
989 378405757941864587394192746666441
990 393958317153978503114163546025341
991 410141848773884978411024770650368
992 426981621874718935289629683865845
993 444503904483864259997265649942867
994 462736002567004357715118362288982
995 481706300514006811179779033444972
996 501444303183758429021876025677408
997 521980679567211400722643619271429
998 543347308130125182307200527066158
999 565577323899295047384026268971713
1000 588705167358449946848906713603963
