0 0
1 7
2 12
3 17
4 22
5 27
6 32
7 37
8 42
9 47
10 52
11 57
12 62
13 67
14 72
15 77
16 82
17 87
18 92
19 97
20 102
21 107
22 112
23 117
24 122
25 127
26 132
27 137
28 142
29 147
30 152
31 157
32 162
33 167
34 172
35 177
36 182
37 187
38 192
39 197
40 202
41 207
42 212
43 217
44 222
45 227
46 232
47 237
48 242
49 247
50 252
51 257
52 262
53 267
54 272
55 277
56 282
57 287
58 292
59 297
60 302
61 307
62 312
63 317
64 322
65 327
66 332
67 337
68 342
69 347
70 352
71 357
72 362
73 367
74 372
75 377
76 382
77 387
78 392
79 397
80 402
81 407
82 412
83 417
84 422
85 427
86 432
87 437
88 442
89 447
90 452
91 457
92 462
93 467
94 472
95 477
96 482
97 487
98 492
99 497
100 502
101 507
102 512
103 517
104 522
105 527
106 532
107 537
108 542
109 547
110 552
111 557
112 562
113 567
114 572
115 577
116 582
117 587
118 592
119 597
120 602
121 607
122 612
123 617
124 622
125 627
126 632
127 637
128 642
129 647
130 652
131 657
132 662
133 667
134 672
135 677
136 682
137 687
138 692
139 697
140 702
141 707
142 712
143 717
144 722
145 727
146 732
147 737
148 742
149 747
150 752
151 757
152 762
153 767
154 772
155 777
156 782
157 787
158 792
159 797
160 802
161 807
162 812
163 817
164 822
165 827
166 832
167 837
168 842
169 847
170 852
171 857
172 862
173 867
174 872
175 877
176 882
177 887
178 892
179 897
180 902
181 907
182 912
183 917
184 922
185 927
186 932
187 937
188 942
189 947
190 952
191 957
192 962
193 967
194 972
195 977
196 982
197 987
198 992
199 997
200 1002
201 1007
202 1012
203 1017
204 1022
205 1027
206 1032
207 1037
208 1042
209 1047
210 1052
211 1057
212 1062
213 1067
214 1072
215 1077
216 1082
217 1087
218 1092
219 1097
220 1102
221 1107
222 1112
223 1117
224 1122
225 1127
226 1132
227 1137
228 1142
229 1147
230 1152
231 1157
232 1162
233 1167
234 1172
235 1177
236 1182
237 1187
238 1192
239 1197
240 1202
241 1207
242 1212
243 1217
244 1222
245 1227
246 1232
247 1237
248 1242
249 1247
250 1252
251 1257
252 1262
253 1267
254 1272
255 1277
256 1282
257 1287
258 1292
259 1297
260 1302
261 1307
262 1312
263 1317
264 1322
265 1327
266 1332
267 1337
268 1342
269 1347
270 1352
271 1357
272 1362
273 1367
274 1372
275 1377
276 1382
277 1387
278 1392
279 1397
280 1402
281 1407
282 1412
283 1417
284 1422
285 1427
286 1432
287 1437
288 1442
289 1447
290 1452
291 1457
292 1462
293 1467
294 1472
295 1477
296 1482
297 1487
298 1492
299 1497
300 1502
301 1507
302 1512
303 1517
304 1522
305 1527
306 1532
307 1537
308 1542
309 1547
310 1552
311 1557
312 1562
313 1567
314 1572
315 1577
316 1582
317 1587
318 1592
319 1597
320 1602
321 1607
322 1612
323 1617
324 1622
325 1627
326 1632
327 1637
328 1642
329 1647
330 1652
331 1657
332 1662
333 1667
334 1672
335 1677
336 1682
337 1687
338 1692
339 1697
340 1702
341 1707
342 1712
343 1717
344 1722
345 1727
346 1732
347 1737
348 1742
349 1747
350 1752
351 1757
352 1762
353 1767
354 1772
355 1777
356 1782
357 1787
358 1792
359 1797
360 1802
361 1807
362 1812
363 1817
364 1822
365 1827
366 1832
367 1837
368 1842
369 1847
370 1852
371 1857
372 1862
373 1867
374 1872
375 1877
376 1882
377 1887
378 1892
379 1897
380 1902
381 1907
382 1912
383 1917
384 1922
385 1927
386 1932
387 1937
388 1942
389 1947
390 1952
391 1957
392 1962
393 1967
394 1972
395 1977
396 1982
397 1987
398 1992
399 1997
400 2002
401 2007
402 2012
403 2017
404 2022
405 2027
406 2032
407 2037
408 2042
409 2047
410 2052
411 2057
412 2062
413 2067
414 2072
415 2077
416 2082
417 2087
418 2092
419 2097
420 2102
421 2107
422 2112
423 2117
424 2122
425 2127
426 2132
427 2137
428 2142
429 2147
430 2152
431 2157
432 2162
433 2167
434 2172
435 2177
436 2182
437 2187
438 2192
439 2197
440 2202
441 2207
442 2212
443 2217
444 2222
445 2227
446 2232
447 2237
448 2242
449 2247
450 2252
451 2257
452 2262
453 2267
454 2272
455 2277
456 2282
457 2287
458 2292
459 2297
460 2302
461 2307
462 2312
463 2317
464 2322
465 2327
466 2332
467 2337
468 2342
469 2347
470 2352
471 2357
472 2362
473 2367
474 2372
475 2377
476 2382
477 2387
478 2392
479 2397
480 2402
481 2407
482 2412
483 2417
484 2422
485 2427
486 2432
487 2437
488 2442
489 2447
490 2452
491 2457
492 2462
493 2467
494 2472
495 2477
496 2482
497 2487
498 2492
499 2497
500 2502
501 2507
502 2512
503 2517
504 2522
505 2527
506 2532
507 2537
508 2542
509 2547
510 2552
511 2557
512 2562
513 2567
514 2572
515 2577
516 2582
517 2587
518 2592
519 2597
520 2602
521 2607
522 2612
523 2617
524 2622
525 2627
526 2632
527 2637
528 2642
529 2647
530 2652
531 2657
532 2662
533 2667
534 2672
535 2677
536 2682
537 2687
538 2692
539 2697
540 2702
541 2707
542 2712
543 2717
544 2722
545 2727
546 2732
547 2737
548 2742
549 2747
550 2752
551 2757
552 2762
553 2767
554 2772
555 2777
556 2782
557 2787
558 2792
559 2797
560 2802
561 2807
562 2812
563 2817
564 2822
565 2827
566 2832
567 2837
568 2842
569 2847
570 2852
571 2857
572 2862
573 2867
574 2872
575 2877
576 2882
577 2887
578 2892
579 2897
580 2902
581 2907
582 2912
583 2917
584 2922
585 2927
586 2932
587 2937
588 2942
589 2947
590 2952
591 2957
592 2962
593 2967
594 2972
595 2977
596 2982
597 2987
598 2992
599 2997
600 3002
601 3007
602 3012
603 3017
604 3022
605 3027
606 3032
607 3037
608 3042
609 3047
610 3052
611 3057
612 3062
613 3067
614 3072
615 3077
616 3082
617 3087
618 3092
619 3097
620 3102
621 3107
622 3112
623 3117
624 3122
625 3127
626 3132
627 3137
628 3142
629 3147
630 3152
631 3157
632 3162
633 3167
634 3172
635 3177
636 3182
637 3187
638 3192
639 3197
640 3202
641 3207
642 3212
643 3217
644 3222
645 3227
646 3232
647 3237
648 3242
649 3247
650 3252
651 3257
652 3262
653 3267
654 3272
655 3277
656 3282
657 3287
658 3292
659 3297
660 3302
661 3307
662 3312
663 3317
664 3322
665 3327
666 3332
667 3337
668 3342
669 3347
670 3352
671 3357
672 3362
673 3367
674 3372
675 3377
676 3382
677 3387
678 3392
679 3397
680 3402
681 3407
682 3412
683 3417
684 3422
685 3427
686 3432
687 3437
688 3442
689 3447
690 3452
691 3457
692 3462
693 3467
694 3472
695 3477
696 3482
697 3487
698 3492
699 3497
700 3502
701 3507
702 3512
703 3517
704 3522
705 3527
706 3532
707 3537
708 3542
709 3547
710 3552
711 3557
712 3562
713 3567
714 3572
715 3577
716 3582
717 3587
718 3592
719 3597
720 3602
721 3607
722 3612
723 3617
724 3622
725 3627
726 3632
727 3637
728 3642
729 3647
730 3652
731 3657
732 3662
733 3667
734 3672
735 3677
736 3682
737 3687
738 3692
739 3697
740 3702
741 3707
742 3712
743 3717
744 3722
745 3727
746 3732
747 3737
748 3742
749 3747
750 3752
751 3757
752 3762
753 3767
754 3772
755 3777
756 3782
757 3787
758 3792
759 3797
760 3802
761 3807
762 3812
763 3817
764 3822
765 3827
766 3832
767 3837
768 3842
769 3847
770 3852
771 3857
772 3862
773 3867
774 3872
775 3877
776 3882
777 3887
778 3892
779 3897
780 3902
781 3907
782 3912
783 3917
784 3922
785 3927
786 3932
787 3937
788 3942
789 3947
790 3952
791 3957
792 3962
793 3967
794 3972
795 3977
796 3982
797 3987
798 3992
799 3997
800 4002
801 4007
802 4012
803 4017
804 4022
805 4027
806 4032
807 4037
808 4042
809 4047
810 4052
811 4057
812 4062
813 4067
814 4072
815 4077
816 4082
817 4087
818 4092
819 4097
820 4102
821 4107
822 4112
823 4117
824 4122
825 4127
826 4132
827 4137
828 4142
829 4147
830 4152
831 4157
832 4162
833 4167
834 4172
835 4177
836 4182
837 4187
838 4192
839 4197
840 4202
841 4207
842 4212
843 4217
844 4222
845 4227
846 4232
847 4237
848 4242
849 4247
850 4252
851 4257
852 4262
853 4267
854 4272
855 4277
856 4282
857 4287
858 4292
859 4297
860 4302
861 4307
862 4312
863 4317
864 4322
865 4327
866 4332
867 4337
868 4342
869 4347
870 4352
871 4357
872 4362
873 4367
874 4372
875 4377
876 4382
877 4387
878 4392
879 4397
880 4402
881 4407
882 4412
883 4417
884 4422
885 4427
886 4432
887 4437
888 4442
889 4447
890 4452
891 4457
892 4462
893 4467
894 4472
895 4477
896 4482
897 4487
898 4492
899 4497
900 4502
901 4507
902 4512
903 4517
904 4522
905 4527
906 4532
907 4537
908 4542
909 4547
910 4552
911 4557
912 4562
913 4567
914 4572
915 4577
916 4582
917 4587
918 4592
919 4597
920 4602
921 4607
922 4612
923 4617
924 4622
925 4627
926 4632
927 4637
928 4642
929 4647
930 4652
931 4657
932 4662
933 4667
934 4672
935 4677
936 4682
937 4687
938 4692
939 4697
940 4702
941 4707
942 4712
943 4717
944 4722
945 4727
946 4732
947 4737
948 4742
949 4747
950 4752
951 4757
952 4762
953 4767
954 4772
955 4777
956 4782
957 4787
958 4792
959 4797
960 4802
961 4807
962 4812
963 4817
964 4822
965 4827
966 4832
967 4837
968 4842
969 4847
970 4852
971 4857
972 4862
973 4867
974 4872
975 4877
976 4882
977 4887
978 4892
979 4897
980 4902
981 4907
982 4912
983 4917
984 4922
985 4927
986 4932
987 4937
988 4942
989 4947
990 4952
991 4957
992 4962
993 4967
994 4972
995 4977
996 4982
997 4987
998 4992
999 4997
1000 5002
