0 0
1 1
2 1
3 2
4 3
5 5
6 7
7 11
8 15
9 22
10 30
11 42
12 56
13 77
14 101
15 135
16 176
17 231
18 297
19 385
20 490
21 627
22 792
23 1002
24 1255
25 1575
26 1958
27 2436
28 3010
29 3718
30 4565
31 5604
32 6842
33 8349
34 10143
35 12310
36 14883
37 17977
38 21637
39 26015
40 31185
41 37338
42 44583
43 53174
44 63261
45 75175
46 89134
47 105558
48 124754
49 147273
50 173525
51 204226
52 239943
53 281589
54 329931
55 386155
56 451276
57 526823
58 614154
59 715220
60 831820
61 966467
62 1121505
63 1300156
64 1505499
65 1741630
66 2012558
67 2323520
68 2679689
69 3087735
70 3554345
71 4087968
72 4697205
73 5392783
74 6185689
75 7089500
76 8118264
77 9289091
78 10619863
79 12132164
80 13848650
81 15796476
82 18004327
83 20506255
84 23338469
85 26543660
86 30167357
87 34262962
88 38887673
89 44108109
90 49995925
91 56634173
92 64112359
93 72533807
94 82010177
95 92669720
96 104651419
97 118114304
98 133230930
99 150198136
100 169229875
101 190569292
102 214481126
103 241265379
104 271248950
105 304801365
106 342325709
107 384276336
108 431149389
109 483502844
110 541946240
111 607163746
112 679903203
113 761002156
114 851376628
115 952050665
116 1064144451
117 1188908248
118 1327710076
119 1482074143
120 1653668665
121 1844349560
122 2056148051
123 2291320912
124 2552338241
125 2841940500
126 3163127352
127 3519222692
128 3913864295
129 4351078600
130 4835271870
131 5371315400
132 5964539504
133 6620830889
134 7346629512
135 8149040695
136 9035836076
137 10015581680
138 11097645016
139 12292341831
140 13610949895
141 15065878135
142 16670689208
143 18440293320
144 20390982757
145 22540654445
146 24908858009
147 27517052599
148 30388671978
149 33549419497
150 37027355200
151 40853235313
152 45060624582
153 49686288421
154 54770336324
155 60356673280
156 66493182097
157 73232243759
158 80630964769
159 88751778802
160 97662728555
161 107438159466
162 118159068427
163 129913904637
164 142798995930
165 156919475295
166 172389800255
167 189334822579
168 207890420102
169 228204732751
170 250438925115
171 274768617130
172 301384802048
173 330495499613
174 362326859895
175 397125074750
176 435157697830
177 476715857290
178 522115831195
179 571701605655
180 625846753120
181 684957390936
182 749474411781
183 819876908323
184 896684817527
185 980462880430
186 1071823774337
187 1171432692373
188 1280011042268
189 1398341745571
190 1527273599625
191 1667727404093
192 1820701100652
193 1987276856363
194 2168627105469
195 2366022741845
196 2580840212973
197 2814570987591
198 3068829878530
199 3345365983698
200 3646072432125
201 3972999029388
202 4328363658647
203 4714566886083
204 5134205287973
205 5590088317495
206 6085253859260
207 6622987708040
208 7206841706490
209 7840656226137
210 8528581302375
211 9275102575355
212 10085065885767
213 10963707205259
214 11916681236278
215 12950095925895
216 14070545699287
217 15285151248481
218 16601598107914
219 18028182516671
220 19573856161145
221 21248279009367
222 23061871173849
223 25025873760111
224 27152408925615
225 29454549941750
226 31946390696157
227 34643126322519
228 37561133582570
229 40718063627362
230 44132934884255
231 47826239745920
232 51820051838712
233 56138148670947
234 60806135438329
235 65851585970275
236 71304185514919
237 77195892663512
238 83561103925871
239 90436839668817
240 97862933703585
241 105882246722733
242 114540884553038
243 123888443077259
244 133978259344888
245 144867692496445
246 156618412527946
247 169296722391554
248 182973889854026
249 197726516681672
250 213636919820625
251 230793554364681
252 249291451168559
253 269232701252579
254 290726957916112
255 313891991306665
256 338854264248680
257 365749566870782
258 394723676655357
259 425933084409356
260 459545750448675
261 495741934760846
262 534715062908609
263 576672674947168
264 621837416509615
265 670448123060170
266 722760953690372
267 779050629562167
268 839611730366814
269 904760108316360
270 974834369944625
271 1050197489931117
272 1131238503938606
273 1218374349844333
274 1312051800816215
275 1412749565173450
276 1520980492851175
277 1637293969337171
278 1762278433057269
279 1896564103591584
280 2040825852575075
281 2195786311682516
282 2362219145337711
283 2540952590045698
284 2732873183547535
285 2938929793929555
286 3160137867148997
287 3397584011986773
288 3652430836071053
289 3925922161489422
290 4219388528587095
291 4534253126900886
292 4872038056472084
293 5234371069753672
294 5622992691950605
295 6039763882095515
296 6486674127079088
297 6965850144195831
298 7479565078510584
299 8030248384943040
300 8620496275465025
301 9253082936723602
302 9930972392403501
303 10657331232548839
304 11435542077822104
305 12269218019229465
306 13162217895057704
307 14118662665280005
308 15142952738857194
309 16239786535829663
310 17414180133147295
311 18671488299600364
312 20017426762576945
313 21458096037352891
314 23000006655487337
315 24650106150830490
316 26415807633566326
317 28305020340996003
318 30326181989842964
319 32488293351466654
320 34800954869440830
321 37274405776748077
322 39919565526999991
323 42748078035954696
324 45772358543578028
325 49005643635237875
326 52462044228828641
327 56156602112874289
328 60105349839666544
329 64325374609114550
330 68834885946073850
331 73653287861850339
332 78801255302666615
333 84300815636225119
334 90175434980549623
335 96450110192202760
336 103151466321735325
337 110307860425292772
338 117949491546113972
339 126108517833796355
340 134819180623301520
341 144117936527873832
342 154043597379576030
343 164637479165761044
344 175943559810422753
345 188008647052292980
346 200882556287683159
347 214618299743286299
348 229272286871217150
349 244904537455382406
350 261578907351144125
351 279363328483702152
352 298330063062758076
353 318555973788329084
354 340122810048577428
355 363117512048110005
356 387632532919029223
357 413766180933342362
358 441622981929358437
359 471314064268398780
360 502957566506000020
361 536679070310691121
362 572612058898037559
363 610898403751884101
364 651688879997206959
365 695143713458946040
366 741433159884081684
367 790738119649411319
368 843250788562528427
369 899175348396088349
370 958728697912338045
371 1022141228367345362
372 1089657644424399782
373 1161537834849962850
374 1238057794119125085
375 1319510599727473500
376 1406207446561484054
377 1498478743590581081
378 1596675274490756791
379 1701169427975813525
380 1812356499739472950
381 1930656072350465812
382 2056513475336633805
383 2190401332423765131
384 2332821198543892336
385 2484305294265418180
386 2645418340688763701
387 2816759503217942792
388 2998964447736452194
389 3192707518433532826
390 3398704041358160275
391 3617712763867604423
392 3850538434667429186
393 4098034535626594791
394 4361106170762284114
395 4640713124699623515
396 4937873096788191655
397 5253665124416975163
398 5589233202595404488
399 5945790114707874597
400 6324621482504294325
401 6727090051741041926
402 7154640222653942321
403 7608802843339879269
404 8091200276484465581
405 8603551759348655060
406 9147679068859117602
407 9725512513742021729
408 10339097267123947241
409 10990600063775926994
410 11682316277192317780
411 12416677403151190382
412 13196258966925435702
413 14023788883518847344
414 14902156290309948968
415 15834420884488187770
416 16823822787139235544
417 17873792969689876004
418 18987964267331664557
419 20170183018805933659
420 21424521360255636320
421 22755290216580025259
422 24167053021441363961
423 25664640213837714846
424 27253164546230421739
425 28938037257084798150
426 30724985147095051099
427 32620068617410232189
428 34629700713903575934
429 36760667241831527309
430 39020148000237259665
431 41415739207102358378
432 43955477170518116534
433 46647863284229267991
434 49501890409405150715
435 52527070729108240605
436 55733465144636286656
437 59131714309169618645
438 62733071376043079215
439 66549436566966297367
440 70593393646562135510
441 74878248419470886233
442 79418069346443402240
443 84227730407729499781
444 89322956321353645667
445 94720370257893471820
446 100437544171752847604
447 106493051905239118581
448 112906525199196103354
449 119698712782720205954
450 126891542690981418000
451 134508188001572923840
452 142573136155347404229
453 151112262071917313678
454 160152905244553715585
455 169723951046458040965
456 179855916453958267598
457 190581040442651931034
458 201933379285114688629
459 213948907032733069132
460 226665621435831345565
461 240123655613925192081
462 254365395758574199975
463 269435605212954994471
464 285381555241961986287
465 302253162872576636605
466 320103136152993290544
467 338987127249525432549
468 358963893768162876613
469 380095468763120598477
470 402447339861711475160
471 426088638015652413417
472 451092336355096099864
473 477535459708164115593
474 505499305314204629558
475 535069675351607262125
476 566337121865805599675
477 599397204782301852926
478 634350763653787028583
479 671304203896731807232
480 710369798236628238005
481 751666004194993125591
482 795317798414758232180
483 841457028742823649455
484 890222784951928088294
485 941761789114997698055
486 996228806608573411012
487 1053787078862455346513
488 1114608778936426484248
489 1178875491155735802646
490 1246778716001272919665
491 1318520401612270233223
492 1394313503224447816939
493 1474382572040363953132
494 1558964374994977806173
495 1648308547066172438760
496 1742678277747760981187
497 1842351033503159891466
498 1947619317987658064007
499 2058791472042884901563
500 2176192515439287461625
501 2300165032574323995027
502 2431070104309287327876
503 2569288288377098289281
504 2715220650772245313220
505 2869289850802400662045
506 3031941282464413132742
507 3203644275096202070012
508 3384893356244349844341
509 3576209579998154653671
510 3778141924035171537110
511 3991268758958164118300
512 4216199393504640098482
513 4453575699570940947378
514 4704073821002175842062
515 4968405970488126319775
516 5247322318923878793976
517 5541612982013113936133
518 5852110108921301661040
519 6179690078238084808000
520 6525275806549652788115
521 6889839175409542385648
522 7274403582551733377346
523 7680046623716094332553
524 8107902911527474124146
525 8559167038437716736150
526 9035096690829005915201
527 9537015921990240021538
528 10066318591787500106586
529 10624471981512075020731
530 11213020592521695111580
531 11833590138006300416410
532 12487891737367521803652
533 13177726323474524612308
534 13904989273245567335012
535 14671675272840783232475
536 15479883428970761068959
537 16331822638729701493803
538 17229817230617210720599
539 18176312890390861435034
540 19173882885687454484110
541 20225234604409151266221
542 21333216422211708570598
543 22500824915577356165493
544 23731212437346370138355
545 25027695072821279146420
546 26393760995005382968154
547 27833079238879849385687
548 29349508915133986374841
549 30947108885217475101876
550 32630147920163234060900
551 34403115367205050943160
552 36270732348871285128752
553 38237963520943177237554
554 40310029416409244587122
555 42492419404397720872600
556 44790905293907018009131
557 47211555614160398040338
558 49760750604354432757376
559 52445197947746313627407
560 55271949286085137715955
561 58248417552751868050007
562 61382395164161775318496
563 64682073111542943380454
564 68156060996536236172174
565 71813408056839596203570
566 75663625229609055443637
567 79716708303343130521599
568 83983162210640880002321
569 88474026517495817981253
570 93200902166643654187580
571 98175979536033971312388
572 103412067875563710992446
573 108922626189067392956037
574 114721795630860408658491
575 120824433490320564237125
576 127246148840551966562301
577 134003339931725153597473
578 141113233412529912746558
579 148593925468119890197615
580 156464424966082817448060
581 164744698707340387584240
582 173455718882380096095248
583 182619512839056823919887
584 192259215272078129526277
585 202399122950629095580175
586 213064752104884207160129
587 224282898599046831034631
588 236081701023305130945921
589 248490706844586261413858
590 261540941761240642265710
591 275264982414934173206642
592 289697032618827122974972
593 304873003269975366031783
594 320830596120295386610807
595 337609391590065169560935
596 355250940815002702558187
597 373798862128436852709430
598 393298942187883251157044
599 413799241966727832978027
600 435350207840317348270000
601 458004788008144308553622
602 481818554503286362923739
603 506849831053734861481872
604 533159827070679866278987
605 560812778053476538349420
606 589876092712502332463864
607 620420507127059714307352
608 652520246268116112057164
609 686253193233019826880477
610 721701066553229757379480
611 758949605954969709105721
612 798088766967999186006767
613 839212924798226411060795
614 882421087896683264554175
615 927817121679723721849795
616 975509982873756796925504
617 1025613964982134990453294
618 1078248955392080004474789
619 1133540704665979618906662
620 1191621108583631746910145
621 1252628503530795506440909
622 1316707975853817969920561
623 1384011685831426958558879
624 1454699206941558115141676
625 1528937881135168275063375
626 1606903190858354689128371
627 1688779148601189609516729
628 1774758704783877366657989
629 1865044174831202682776536
630 1959847686321528964669495
631 2059391647140527228529479
632 2163909235608484556362424
633 2273644913597837330081136
634 2388854963699932382735982
635 2509808051552031608082535
636 2636785814481962651219075
637 2770083477684418110395121
638 2910010499193691843303014
639 3056891244979232231862474
640 3211065695545980277248740
641 3372890185488482409685019
642 3542738177508596708707874
643 3721001072479541451508397
644 3908089057205582486668934
645 4104431991606013700457110
646 4310480337124871462076948
647 4526706128254173781044298
648 4753603989138067267826945
649 4991692197319220372390544
650 5241513796775816319683700
651 5503637762499727151307095
652 5778660218961559003723580
653 6067205714919484306343541
654 6369928557132709817142929
655 6687514205661440172553650
656 7020680733548749464953877
657 7370180353811425547662139
658 7736801016790889035132284
659 8121368081058512888507057
660 8524746061205131302394950
661 8947840456000332817673697
662 9391599660555044587641517
663 9857016966290401433259592
664 10345132652677367520056676
665 10857036174895938656583295
666 11393868451739000294452939
667 11956824258286445517629485
668 12547154728067493595502055
669 13166169969647255482980383
670 13815241802783448943206160
671 14495806619536377005379418
672 15209368375944215483241988
673 15957501720133631304230773
674 16741855262985451980947171
675 17564154997755650263621500
676 18426207875324210441995136
677 19329905542049511423199336
678 20277228247502764885900784
679 21270248929688765106878025
680 22311137485682880566295780
681 23402165235974892374954302
682 24545709591163085124246501
683 25744258930034131533263392
684 27000417698448800353553865
685 28316911738879831363625420
686 29696593860867277871605321
687 31142449663120060247020395
688 32657603618448918933404658
689 34245325433219728719773420
690 35909036693513349075724695
691 37652317810725762600765183
692 39478915279883795756623331
693 41392749264546866860893416
694 43397921522754943172592795
695 45498723689129703063649450
696 47699645928878027716139269
697 50005385980149860746062163
698 52420858601901549459658530
699 54951205445179608281719072
700 57601805366500810491219000
701 60378285202834474611028659
702 63286531028521032840985510
703 66332699915362724119980694
704 69523232218023552371152320
705 72864864407855341219969825
706 76364642479247406973532354
707 80029935953661656574123574
708 83868452507581852374822598
709 87888253251761884175130183
710 92097768690318501305952845
711 96505815389469697877049934
712 101121613386982294887579670
713 105954804374756131323439197
714 111015470688345108146850290
715 116314155138696524440183805
716 121861881722882938654960142
717 127670177252209281782740521
718 133751093937700984130081285
719 140117232974725477106760252
720 146781769170263852819573505
721 153758476658245881594406593
722 161061755750279477635534762
723 168706660971164630122439117
724 176708930330666271859881567
725 185085015885255746880625875
726 193852115645795752984189381
727 203028206889569986197651315
728 212632080937520072186590492
729 222683379460186024851577401
730 233202632378520643600875145
731 244211297428606706709925517
732 255731801462210865865001525
733 267787583558210323920375877
734 280403140023083872114273884
735 293604071362025285843562670
736 307417131305664218954016427
737 321870277981032622582593573
738 336992727319136467572139095
739 352815008795455957133215652
740 369369023603738655757458075
741 386688105367749941220651375
742 404807083500032850651734059
743 423762349321394151918928481
744 443591925059596733749014862
745 464335535850798483634138280
746 486034684872448271784326296
747 508732731741838107613602755
748 532474974320122372524707631
749 557308734067567635805394638
750 583283445101886813536239875
751 610450747117966916191771809
752 638864582333908382360557376
753 668581296635294279311393900
754 699659745096778286894322787
755 732161402067670820574405230
756 766150476015982127183457373
757 801694029333610862568750951
758 838862103313805798709299373
759 877727848520950325159242658
760 918367660781873199488134935
761 960861323037560814483873080
762 1005292153304074193879898920
763 1051747159001957690209588887
764 1100317197924192833923669753
765 1151097146124113726578727360
766 1204186073016375022219516992
767 1259687423996378387111229150
768 1317709210896221493178043552
769 1378364210608578997366598385
770 1441770172223648126550509165
771 1508050033038752490738311726
772 1577332143815074048889599022
773 1649750503671651735806603894
774 1725445005022910006140645612
775 1804561688982956164492944650
776 1887253011677361609828822380
777 1973678121921532286407950000
778 2064003150743712843868729636
779 2158401513250589964731360493
780 2257054223353982965849642005
781 2360150221898687182164777966
782 2467886718753771981901721670
783 2580469549453004933593920862
784 2698113546994164480174756373
785 2821042929432312216467202070
786 2949491703928193388274450292
787 3083704087940340693022764503
788 3223934948277725160271634798
789 3370450258759473520427114109
790 3523527577258789108163787100
791 3683456542940343404363084600
792 3850539394533563994343413787
793 4025091510519029370421431033
794 4207441972141088280734057870
795 4397934150197476827913759850
796 4596926316595586652827474186
797 4804792281705797515062559743
798 5021922058584382849328869242
799 5248722555182613689484387822
800 5485618295704258477069984050
801 5733052172321422504456911979
802 5991486228508002426815719537
803 6261402475301701333080509487
804 6543303741858946450905285538
805 6837714561722963378455094385
806 7145182096283051986707103605
807 7466277096963606051213804496
808 7801594907743960700949000443
809 8151756509675604512522473567
810 8517409609130970421571757565
811 8899229771588828461969917962
812 9297921602834531195851268718
813 9714219979529959777862768265
814 10148891331187245215547993864
815 10602734975663191221223594155
816 11076584510377034355391142064
817 11571309261543787320061392679
818 12087815793808125625662163707
819 12627049482760689878061744701
820 13189996152918959195978870030
821 13777683783859651786576215682
822 14391184287298069419105856949
823 15031615358023124634594092724
824 15700142401714084441377203063
825 16397980542787591098996821750
826 17126396715550358417594267021
827 17886711842065410771034749979
828 18680303100276877491522988120
829 19508606286081561360311437674
830 20373118273183778133458320225
831 21275399574724765449983360003
832 22217077010838260632179411313
833 23199846486451169343993151122
834 24225475883821531494697782922
835 25295808074486832813101046425
836 26412764055483014097178757689
837 27578346214889968804237171486
838 28794641731961759722351371983
839 30063826117310982372086476080
840 31388166898835484452139885750
841 32770027459303858556350798600
842 34211871031752548278772284453
843 35716264859093977687647313415
844 37285884524590579748861394570
845 38923518460115987806848673270
846 40632072639400673752129300324
847 42414575463747094337180792099
848 44274182847997609942310578598
849 46214183514849300594196193732
850 48238004505931946889525421000
851 50349216918401212177548479675
852 52551541876147039010384562987
853 54848856745079917639394818823
854 57245201602333536237114022805
855 59744785969613964515539259105
856 62351995821331449988466091712
857 65071400878573831543609957267
858 67907762200418949875852866531
859 70866040084540107092698343096
860 73951402289532005957331751320
861 77169232591877674590168543277
862 80525139690988018278755885205
863 84024966476277979232856334449
864 87674799670795146675673859587
865 91480979866491345649258758095
866 95450111966823518214883921610
867 99589076052990565170686659417
868 103905038690755971019484297576
869 108405464695475636367939373595
870 113098129373644577851404473535
871 117991131259998859170817958839
872 123092905369958432777075796052
873 128412236987976529870072690275
874 133958276013169939669531019316
875 139740551884446204479331411000
876 145768989108216487062234772851
877 152053923412691097170490155923
878 158606118553696417431847045996
879 165436783797931931934295220337
880 172557592110602218633091543840
881 179980699075416049556058362840
882 187718762576041099642814429720
883 195784963269243383580949581161
884 204193025881123335512830178821
885 212957241359090878236182734445
886 222092489913497780851227603386
887 231614264984172822820073009257
888 241538698168481624527315178361
889 251882585148964518765460484674
890 262663412660090356154504995095
891 273899386535208029575034561337
892 285609460876378579895067651923
893 297813368391435715163322531331
894 310531651944349233813920512829
895 323785697366761254448562966675
896 337597767580427105501057917306
897 351991038082228660789452118410
898 366989633845435601723754690835
899 382618667692977386826261193199
900 398904280200653395819254517900
901 415873681190459054784114365430
902 433555192876539531087229255477
903 451978294728708525214023001725
904 471173670120985588372050797999
905 491173254835220446432862090800
906 512010287492584845146484412308
907 533719361988531136324395159455
908 556336482009740068071399064008
909 579899117714618242279047917300
910 604446264662056374189988834755
911 630018505076433611630379753807
912 656658071540248718776792346785
913 684408913209287275550344075013
914 713316764648893234122621625751
915 743429217393715213042975617565
916 774795794337240928934816284899
917 807468027061529837515792402675
918 841499536221802614337232047468
919 876946115104959930393838357571
920 913865816485680423486405066750
921 952319042908502961911588247808
922 992368640529229737341624411924
923 1034079996654109332431762911842
924 1077521141120571341397403386532
925 1122762851668802145076610697775
926 1169878763459173895733432737528
927 1218945482896482311379736998403
928 1270042705928112564209840426896
929 1323253340989653981276400185806
930 1378663636778122744608506419570
931 1436363315039845896899358328033
932 1496445708567209282036578487803
933 1559007904605896258842021462474
934 1624150893881942976244820893255
935 1691979725465930503404211099660
936 1762603667699924360130192603237
937 1836136375421380008668856717532
938 1912696063727159213943851080855
939 1992405688530070149968413761596
940 2075393134169954709485716047155
941 2161791408351324312330912522447
942 2251738844689892053427982289844
943 2345379313161090374436414551558
944 2442862438754801545567295092897
945 2544343828652090726779455860435
946 2649985308251720770267133439311
947 2759955166386673475403099789409
948 2874428410083806869907819978392
949 2993587029233173241168779714732
950 3117620271547411926979127053250
951 3246724928206047105940972859506
952 3381105630594468612010288127863
953 3520975158562887897616477410546
954 3666554760646647127956344306190
955 3818074486705953843294627812035
956 3975773533460423034845675035419
957 4139900603411771887815710365915
958 4310714277666637214536144927329
959 4488483403190813123215639907302
960 4673487495046245204241629451110
961 4866017154182911354694265206413
962 5066374501379277964399166419563
963 5274873627947390097986152243705
964 5491841063841846500452896053582
965 5717616263835974099255567733750
966 5952552112453464578853008309794
967 6197015448369619941842104648894
968 6451387609023188709970129910797
969 6716064996207615136996693074302
970 6991459663439386169435859778910
971 7277999925931103886207676505429
972 7576130994027952290703815097177
973 7886315630998429231248733036419
974 8209034836103596418058528755338
975 8544788553903729460741526714750
976 8894096410797147287955714755082
977 9257498479823236816318777820416
978 9635556074800288403768986034253
979 10028852574908795418824727341746
980 10437994280872373856676062879735
981 10863611303931504965592652844878
982 11306358488849924787366667765407
983 11766916372239763961801564990016
984 12245992177539511607834487453052
985 12744320848028628464246059627690
986 13262666119314202551196742822008
987 13801821632778520931079437719552
988 14362612091531863067120268402228
989 14945894460472306341153073892017
990 15552559212113915719970799358900
991 16183531619906475296861224625027
992 16839773100833956878604913215477
993 17522282609145324707635966077022
994 18232098083140097717852712346115
995 18970297947002453464660671155990
996 19738002669751617842096992232436
997 20536376383452971700767593594021
998 21366628562913781584556907794729
999 22230015769169865076825741905555
1000 23127843459154899464880444632250
