0 1
1 1
2 1
3 2
4 2
5 3
6 4
7 5
8 6
9 8
10 10
11 11
12 14
13 16
14 19
15 23
16 26
17 30
18 35
19 40
20 45
21 52
22 58
23 65
24 74
25 82
26 91
27 102
28 113
29 124
30 138
31 151
32 165
33 182
34 198
35 216
36 236
37 256
38 277
39 301
40 325
41 350
42 379
43 407
44 437
45 471
46 504
47 539
48 578
49 617
50 658
51 703
52 748
53 795
54 847
55 899
56 953
57 1012
58 1071
59 1133
60 1200
61 1267
62 1337
63 1413
64 1489
65 1568
66 1653
67 1738
68 1827
69 1922
70 2018
71 2117
72 2223
73 2330
74 2440
75 2558
76 2676
77 2799
78 2929
79 3060
80 3196
81 3339
82 3484
83 3633
84 3791
85 3950
86 4114
87 4287
88 4461
89 4641
90 4830
91 5021
92 5217
93 5423
94 5631
95 5845
96 6069
97 6295
98 6528
99 6771
100 7017
101 7269
102 7532
103 7798
104 8071
105 8356
106 8643
107 8938
108 9245
109 9555
110 9873
111 10203
112 10537
113 10879
114 11234
115 11593
116 11960
117 12341
118 12726
119 13120
120 13528
121 13940
122 14362
123 14798
124 15239
125 15690
126 16156
127 16627
128 17108
129 17605
130 18107
131 18620
132 19149
133 19684
134 20230
135 20793
136 21362
137 21942
138 22540
139 23144
140 23761
141 24395
142 25036
143 25690
144 26362
145 27042
146 27734
147 28446
148 29165
149 29898
150 30651
151 31411
152 32186
153 32981
154 33785
155 34603
156 35442
157 36290
158 37153
159 38038
160 38932
161 39842
162 40774
163 41716
164 42674
165 43655
166 44646
167 45654
168 46686
169 47728
170 48788
171 49872
172 50967
173 52080
174 53218
175 54368
176 55536
177 56730
178 57936
179 59161
180 60413
181 61677
182 62961
183 64272
184 65596
185 66941
186 68313
187 69699
188 71106
189 72542
190 73992
191 75463
192 76964
193 78479
194 80017
195 81585
196 83168
197 84774
198 86411
199 88064
200 89740
201 91448
202 93172
203 94921
204 96702
205 98500
206 100323
207 102179
208 104053
209 105952
210 107886
211 109837
212 111815
213 113828
214 115859
215 117918
216 120012
217 122126
218 124267
219 126445
220 128643
221 130869
222 133133
223 135417
224 137731
225 140083
226 142456
227 144859
228 147301
229 149765
230 152260
231 154795
232 157352
233 159941
234 162571
235 165224
236 167909
237 170636
238 173387
239 176171
240 178998
241 181849
242 184734
243 187663
244 190617
245 193606
246 196639
247 199698
248 202793
249 205933
250 209100
251 212303
252 215553
253 218830
254 222144
255 225506
256 228895
257 232323
258 235799
259 239304
260 242848
261 246441
262 250064
263 253726
264 257439
265 261182
266 264966
267 268801
268 272667
269 276575
270 280535
271 284527
272 288561
273 292649
274 296769
275 300933
276 305151
277 309402
278 313698
279 318049
280 322435
281 326865
282 331352
283 335874
284 340442
285 345068
286 349729
287 354438
288 359205
289 364009
290 368861
291 373772
292 378721
293 383719
294 388778
295 393875
296 399022
297 404231
298 409479
299 414778
300 420140
301 425542
302 430996
303 436514
304 442073
305 447685
306 453362
307 459081
308 464854
309 470693
310 476575
311 482512
312 488516
313 494564
314 500668
315 506841
316 513058
317 519332
318 525676
319 532065
320 538513
321 545031
322 551596
323 558220
324 564916
325 571660
326 578463
327 585340
328 592265
329 599252
330 606313
331 613423
332 620596
333 627844
334 635143
335 642505
336 649944
337 657434
338 664989
339 672622
340 680307
341 688058
342 695888
343 703772
344 711722
345 719753
346 727838
347 735991
348 744226
349 752516
350 760876
351 769318
352 777817
353 786386
354 795039
355 803750
356 812532
357 821400
358 830326
359 839325
360 848411
361 857556
362 866775
363 876082
364 885450
365 894893
366 904425
367 914019
368 923689
369 933450
370 943274
371 953175
372 963168
373 973225
374 983361
375 993590
376 1003884
377 1014258
378 1024727
379 1035262
380 1045878
381 1056590
382 1067369
383 1078231
384 1089190
385 1100218
386 1111329
387 1122539
388 1133819
389 1145183
390 1156648
391 1168183
392 1179805
393 1191528
394 1203323
395 1215206
396 1227191
397 1239250
398 1251397
399 1263649
400 1275975
401 1288391
402 1300913
403 1313510
404 1326199
405 1338995
406 1351868
407 1364833
408 1377907
409 1391059
410 1404305
411 1417661
412 1431096
413 1444627
414 1458269
415 1471992
416 1485811
417 1499743
418 1513757
419 1527869
420 1542096
421 1556405
422 1570814
423 1585339
424 1599948
425 1614658
426 1629485
427 1644398
428 1659413
429 1674547
430 1689768
431 1705092
432 1720537
433 1736070
434 1751708
435 1767468
436 1783317
437 1799273
438 1815352
439 1831522
440 1847800
441 1864203
442 1880698
443 1897302
444 1914033
445 1930857
446 1947792
447 1964855
448 1982013
449 1999283
450 2016683
451 2034179
452 2051788
453 2069529
454 2087367
455 2105321
456 2123407
457 2141592
458 2159894
459 2178330
460 2196867
461 2215521
462 2234312
463 2253204
464 2272216
465 2291366
466 2310618
467 2329992
468 2349505
469 2369123
470 2388863
471 2408744
472 2428731
473 2448842
474 2469096
475 2489457
476 2509944
477 2530575
478 2551315
479 2572182
480 2593195
481 2614318
482 2635570
483 2656970
484 2678481
485 2700123
486 2721914
487 2743818
488 2765854
489 2788041
490 2810343
491 2832778
492 2855366
493 2878070
494 2900909
495 2923903
496 2947014
497 2970262
498 2993666
499 3017189
500 3040851
501 3064670
502 3088610
503 3112690
504 3136930
505 3161292
506 3185795
507 3210460
508 3235248
509 3260180
510 3285275
511 3310495
512 3335860
513 3361390
514 3387047
515 3412850
516 3438820
517 3464918
518 3491165
519 3517580
520 3544125
521 3570820
522 3597685
523 3624682
524 3651830
525 3679151
526 3706604
527 3734211
528 3761992
529 3789907
530 3817978
531 3846224
532 3874607
533 3903146
534 3931863
535 3960718
536 3989731
537 4018924
538 4048256
539 4077749
540 4107423
541 4137238
542 4167215
543 4197375
544 4227678
545 4258145
546 4288797
547 4319593
548 4350555
549 4381704
550 4412999
551 4444461
552 4476112
553 4507911
554 4539879
555 4572038
556 4604346
557 4636825
558 4669497
559 4702320
560 4735316
561 4768506
562 4801849
563 4835367
564 4869081
565 4902950
566 4936995
567 4971239
568 5005639
569 5040217
570 5074996
571 5109932
572 5145049
573 5180368
574 5215847
575 5251508
576 5287373
577 5323400
578 5359610
579 5396027
580 5432607
581 5469373
582 5506347
583 5543486
584 5580813
585 5618350
586 5656054
587 5693947
588 5732053
589 5770327
590 5808793
591 5847473
592 5886323
593 5925367
594 5964627
595 6004060
596 6043687
597 6083533
598 6123553
599 6163770
600 6204208
601 6244821
602 6285634
603 6326669
604 6367882
605 6409296
606 6450934
607 6492752
608 6534773
609 6577021
610 6619450
611 6662084
612 6704947
613 6747993
614 6791246
615 6834730
616 6878399
617 6922277
618 6966388
619 7010686
620 7055195
621 7099939
622 7144872
623 7190018
624 7235401
625 7280975
626 7326764
627 7372792
628 7419013
629 7465451
630 7512131
631 7559005
632 7606098
633 7653435
634 7700968
635 7748723
636 7796723
637 7844922
638 7893344
639 7942014
640 7990885
641 8039980
642 8089326
643 8138874
644 8188650
645 8238678
646 8288910
647 8339372
648 8390088
649 8441011
650 8492165
651 8543576
652 8595195
653 8647048
654 8699160
655 8751482
656 8804040
657 8856859
658 8909891
659 8963160
660 9016693
661 9070440
662 9124427
663 9178680
664 9233149
665 9287861
666 9342840
667 9398038
668 9453480
669 9509192
670 9565125
671 9621304
672 9677756
673 9734430
674 9791353
675 9848551
676 9905973
677 9963646
678 10021596
679 10079773
680 10138203
681 10196912
682 10255850
683 10315043
684 10374518
685 10434224
686 10494187
687 10554434
688 10614914
689 10675654
690 10736680
691 10797941
692 10859464
693 10921276
694 10983325
695 11045638
696 11108242
697 11171085
698 11234195
699 11297598
700 11361243
701 11425156
702 11489365
703 11553818
704 11618541
705 11683563
706 11748830
707 11814371
708 11880212
709 11946301
710 12012666
711 12079333
712 12146251
713 12213446
714 12280947
715 12348700
716 12416733
717 12485074
718 12553669
719 12622547
720 12691735
721 12761180
722 12830909
723 12900951
724 12971252
725 13041840
726 13112743
727 13183907
728 13255361
729 13327132
730 13399167
731 13471493
732 13544139
733 13617051
734 13690257
735 13763786
736 13837582
737 13911675
738 13986093
739 14060781
740 14135768
741 14211082
742 14286669
743 14362557
744 14438775
745 14515268
746 14592064
747 14669193
748 14746599
749 14824311
750 14902358
751 14980684
752 15059319
753 15138291
754 15217545
755 15297110
756 15377015
757 15457204
758 15537706
759 15618551
760 15699682
761 15781129
762 15862921
763 15945002
764 16027401
765 16110148
766 16193186
767 16276544
768 16360253
769 16444255
770 16528581
771 16613259
772 16698233
773 16783533
774 16869188
775 16955142
776 17041423
777 17128063
778 17215003
779 17302274
780 17389906
781 17477840
782 17566108
783 17654739
784 17743676
785 17832948
786 17922586
787 18012532
788 18102816
789 18193469
790 18284432
791 18375736
792 18467411
793 18559399
794 18651730
795 18744435
796 18837455
797 18930821
798 19024564
799 19118624
800 19213033
801 19307821
802 19402929
803 19498388
804 19594229
805 19690393
806 19786910
807 19883812
808 19981039
809 20078622
810 20176593
811 20274891
812 20373548
813 20472595
814 20571972
815 20671711
816 20771842
817 20872306
818 20973134
819 21074358
820 21175917
821 21277842
822 21380166
823 21482827
824 21585858
825 21689290
826 21793062
827 21897206
828 22001754
829 22106645
830 22211910
831 22317582
832 22423599
833 22529994
834 22636798
835 22743950
836 22851482
837 22959426
838 23067721
839 23176398
840 23285491
841 23394936
842 23504767
843 23615016
844 23725620
845 23836613
846 23948026
847 24059798
848 24171960
849 24284546
850 24397493
851 24510833
852 24624600
853 24738730
854 24853257
855 24968213
856 25083535
857 25199256
858 25315409
859 25431931
860 25548855
861 25666214
862 25783944
863 25902079
864 26020652
865 26139599
866 26258953
867 26378748
868 26498920
869 26619502
870 26740528
871 26861933
872 26983751
873 27106016
874 27228663
875 27351726
876 27475238
877 27599135
878 27723451
879 27848219
880 27973375
881 28098952
882 28224985
883 28351408
884 28478255
885 28605561
886 28733259
887 28861385
888 28989972
889 29118955
890 29248368
891 29378245
892 29508521
893 29639229
894 29770405
895 29901982
896 30033995
897 30166478
898 30299365
899 30432691
900 30566490
901 30700696
902 30835343
903 30970467
904 31106000
905 31241978
906 31378435
907 31515304
908 31652621
909 31790420
910 31928635
911 32067299
912 32206449
913 32346017
914 32486038
915 32626548
916 32767478
917 32908865
918 33050743
919 33193045
920 33335806
921 33479061
922 33622743
923 33766887
924 33911529
925 34056600
926 34202136
927 34348173
928 34494642
929 34641579
930 34789020
931 34936896
932 35085243
933 35234097
934 35383389
935 35533155
936 35683431
937 35834148
938 35985342
939 36137049
940 36289200
941 36441831
942 36594978
943 36748572
944 36902649
945 37057246
946 37212292
947 37367824
948 37523879
949 37680386
950 37837383
951 37994905
952 38152883
953 38311353
954 38470352
955 38629810
956 38789762
957 38950247
958 39111193
959 39272638
960 39434618
961 39597062
962 39760008
963 39923492
964 40087444
965 40251900
966 40416898
967 40582366
968 40748342
969 40914863
970 41081857
971 41249362
972 41417415
973 41585945
974 41754988
975 41924583
976 42094657
977 42265248
978 42436394
979 42608022
980 42780171
981 42952877
982 43126069
983 43299784
984 43474060
985 43648825
986 43824116
987 43999972
988 44176319
989 44353196
990 44530641
991 44708580
992 44887052
993 45066095
994 45245636
995 45425713
996 45606364
997 45787516
998 45969207
999 46151476
1000 46334249
