0 1
1 11
2 66
3 286
4 1001
5 3003
6 8008
7 19448
8 43758
9 92378
10 184756
11 352716
12 646646
13 1144066
14 1961256
15 3268760
16 5311735
17 8436285
18 13123110
19 20030010
20 30045015
21 44352165
22 64512240
23 92561040
24 131128140
25 183579396
26 254186856
27 348330136
28 472733756
29 635745396
30 847660528
31 1121099408
32 1471442973
33 1917334783
34 2481256778
35 3190187286
36 4076350421
37 5178066751
38 6540715896
39 8217822536
40 10272278170
41 12777711870
42 15820024220
43 19499099620
44 23930713170
45 29248649430
46 35607051480
47 43183019880
48 52179482355
49 62828356305
50 75394027566
51 90177170226
52 107518933731
53 127805525001
54 151473214816
55 179013799328
56 210980549208
57 247994680648
58 290752384208
59 340032449328
60 396704524216
61 461738052776
62 536211932256
63 621324937376
64 718406958841
65 828931106355
66 954526728530
67 1096993404430
68 1258315963905
69 1440680596355
70 1646492110120
71 1878392407320
72 2139280241670
73 2432332329570
74 2761025887620
75 3129162672636
76 3540894603246
77 4000751045226
78 4513667845896
79 5085018206136
80 5720645481903
81 6426898010533
82 7210666060598
83 8079421007658
84 9041256841903
85 10104934117421
86 11279926456656
87 12576469727536
88 14005614014756
89 15579278510796
90 17310309456440
91 19212541264840
92 21300860967540
93 23591276125340
94 26100986351440
95 28848458598960
96 31853506369685
97 35137373005735
98 38722819230810
99 42634215112710
100 46897636623981
101 51540966982791
102 56594002961496
103 62088566355816
104 68058620813106
105 74540394223878
106 81572506886508
107 89196105660948
108 97455004333258
109 106395830418878
110 116068178638776
111 126524771308936
112 137821625890091
113 150018229951161
114 163177723806526
115 177367091094050
116 192657357567675
117 209123798385425
118 226846154180800
119 245908856212800
120 266401260897200
121 288417894029200
122 312058705015200
123 337429331439200
124 364641374297200
125 393812684240976
126 425067659180736
127 458537553604416
128 494360799979761
129 532683342613851
130 573658984353378
131 617449746517758
132 664226242466073
133 714168065207883
134 767464189477128
135 824313388697656
136 884924667278366
137 949517708685546
138 1018323339749716
139 1091584011674156
140 1169554298222310
141 1252501411571410
142 1340705736329960
143 1434461382227160
144 1534076755992935
145 1639875152957965
146 1752195368913990
147 1871392332785690
148 1997837760676615
149 2131920831862965
150 2274048887320496
151 2424648151381456
152 2584164477130236
153 2753064116158356
154 2931834513311496
155 3120985127073528
156 3321048276244908
157 3532580013585348
158 3756161027103408
159 3992397569688528
160 4241922417794061
161 4505395859893071
162 4783506715442026
163 5076973385101046
164 5386544932973061
165 5713002201638095
166 6057158960772920
167 6419863090160520
168 6801997797908170
169 7204482874707470
170 7628275984984380
171 8074373995802180
172 8543814344395330
173 9037676445227430
174 9557083137481880
175 10103202173909416
176 10677247751972451
177 11280482088242081
178 11914217037019726
179 12579815754171666
180 13278694407181203
181 14012323932439833
182 14782231840815648
183 15590004072554208
184 16437286902584328
185 17325788897318616
186 18257282924056176
187 19233608214112656
188 20256672480820776
189 21328454093562616
190 22451004309013280
191 23626449560794080
192 24856993808752105
193 26144920949101955
194 27492597286684530
195 28902474070617070
196 30377090094628145
197 31919074363390995
198 33531148826188520
199 35216131179263320
200 36976937738226486
201 38816586381919346
202 40738199569143076
203 42745007429691996
204 44840350931147486
205 47027685122910778
206 49310582458974408
207 51692736200953848
208 54177963902922783
209 56770210979617653
210 59473554359599446
211 62292206224983306
212 65230517839369311
213 68292983465630781
214 71484244375239696
215 74809092950832240
216 78272476883741140
217 81879503468245340
218 85635443994311640
219 89545738240627240
220 93615999069746660
221 97852017127201260
222 102259765646444560
223 106845405361531760
224 111615289529457285
225 116575969064099831
226 121734197783750266
227 127096937774223846
228 132671364869584541
229 138464874252535831
230 144485086176559128
231 150739851811908008
232 157237259217593698
233 163985639441524758
234 170993572750991628
235 178269894995714676
236 185823704105702586
237 193664366726196366
238 201801524992002936
239 210245103443551176
240 219005316087032475
241 228092673601017225
242 237517990691968350
243 247292393601102850
244 257427327765082475
245 267934565633045025
246 278826214642518400
247 290114725356790400
248 301812899766338400
249 313933899756954400
250 326491255747232576
251 339498875498118336
252 352971053097250016
253 366922478120856736
254 381368244976008576
255 396323862426048128
256 411805263302065633
257 427828814403313323
258 444411326589488258
259 461570065067846878
260 479322759878148681
261 497687616578460891
262 516683327134890696
263 536329081018346616
264 556644576511465806
265 577650032228879610
266 599366198854025460
267 621814371095749260
268 645016399867978710
269 668994704695784610
270 693772286351184040
271 719372739722076440
272 745820266917741015
273 773139690614361565
274 801356467644082790
275 830496702831140346
276 860587163078645431
277 891655291709643461
278 923729223066105456
279 956837797369550096
280 991010575847034028
281 1026277856126287908
282 1062670687903815848
283 1100220888889816408
284 1138961061033824028
285 1178924607035010836
286 1220145747141130096
287 1262659536240124176
288 1306501881248461821
289 1351709558800311711
290 1398320233241701770
291 1446372474933856470
292 1495905778869947445
293 1546960583609536095
294 1599578290535030520
295 1653801283434523080
296 1709672948415419130
297 1767237694153312030
298 1826540972480604380
299 1887629299319420580
300 1950550275963401266
301 2015352610713015926
302 2082086140869076056
303 2150801855089177576
304 2221551916111847891
305 2294389683853219953
306 2369369738881102958
307 2446547906271366898
308 2525981279851606083
309 2607728246837094953
310 2691848512864098016
311 2778403127425644576
312 2867454509714928056
313 2959066474881539176
314 3053304260705792016
315 3150234554696452080
316 3249925521617225880
317 3352446831447422280
318 3457869687782246880
319 3566266856678242080
320 3677712695949437145
321 3792283184919824595
322 3910055954637831570
323 4031110318558507470
324 4155527303699202145
325 4283389682274562211
326 4414782003816726696
327 4549790627786657176
328 4688503756682591846
329 4831011469651667586
330 4977405756610809028
331 5127780552883038908
332 5282231774355419598
333 5440857353164891658
334 5603757273918331528
335 5771033610453207096
336 5942790563145266831
337 6119134496769755461
338 6300173978922706806
339 6486019819008922346
340 6676785107803302415
341 6872585257592255565
342 7073538042901970640
343 7279763641820395440
344 7491384677919825540
345 7708526262787066860
346 7931316039168195960
347 8159884224735002760
348 8394363656480261460
349 8634889835749036860
350 8881600973913295056
351 9134638038697149616
352 9394144801160136821
353 9660267883345976391
354 9933156806604337306
355 10212964040593191878
356 10499845052969405133
357 10793958359775270823
358 11095465576528770008
359 11404531470025393128
360 11721324010859431826
361 12046014426672712486
362 12378777256138809516
363 12719790403690842836
364 13069235195001030826
365 13427296433220237150
366 13794162455985817400
367 14170025193206139400
368 14555080225630219275
369 14949526844210984025
370 15353568110270740350
371 15767410916477498850
372 16191266048640872475
373 16625348248336338225
374 17069876276366721600
375 17525072977069834176
376 17991165343481265936
377 18468384583361405616
378 18956966186095834336
379 19457149990478310176
380 19969180253385634128
381 20493305719353761008
382 21029779691064592448
383 21578860100752963008
384 22140809582543404753
385 22715895545726350331
386 23304390248983509666
387 23906570875572230846
388 24522719609478731641
389 25153123712550164331
390 25798075602615553160
391 26457872932605720760
392 27132818670682397310
393 27823221181386784010
394 28529394307817920660
395 29251657454851285740
396 29990335673408136390
397 30745759745786175090
398 31518266272062209640
399 32308197757577553240
400 33115902701516992071
401 33941735686592228781
402 34786057469840791686
403 35649235074551481306
404 36531641883327508071
405 37433657732298557653
406 38355669006493103408
407 39298068736382368848
408 40261256695607426908
409 41245639499901007028
410 42251630707215665736
411 43279650919070061496
412 44330127883125160076
413 45403496597002282596
414 46500199413354994736
415 47620686146206922320
416 48765414178567665645
417 49934848571339072495
418 51129462173524217770
419 52349735733751526070
420 53596158013126562405
421 54869225899424105455
422 56169444522633207480
423 57497327371868035080
424 58853396413657375530
425 60238182211625784366
426 61652224047579441276
427 63096070044009873156
428 64570277288028795426
429 66075411956747415366
430 67612049444113634328
431 69180774489220679208
432 70782181306100787523
433 72416873715017664833
434 74085465275271528078
435 75788579419530643666
436 77526849589703364851
437 79300919374364769081
438 81111442647752092576
439 82959083710343256416
440 84844517431032875880
441 86768429390920242680
442 88731516028723868080
443 90734484787837273680
444 92778054265040815880
445 94862954360884429720
446 96989926431756277920
447 99159723443652391520
448 101373110127662489545
449 103630863137187266595
450 105933771206902539186
451 108282635313485744046
452 110678268838120384401
453 113121497730794123571
454 115613160676406328936
455 118154109262700973528
456 120745208150040907158
457 123387335243039614098
458 126081381864066679908
459 128828252928643296028
460 131628867122744237246
461 134484157082022854106
462 137395069572975729736
463 140362565676063758456
464 143387620970806511871
465 146471225722866866965
466 149614385073142979990
467 152818119228884799690
468 156083463656852423615
469 159411469278533711965
470 162803202667438684560
471 166259746248488338160
472 169782198499515633460
473 173371674154896513660
474 177029304411328929560
475 180756237135777959656
476 184553637075605227716
477 188422686070900934796
478 192364583269036937616
479 196380545341459420656
480 200471806702739825253
481 204639619731902815383
482 208885254996050176698
483 213210001476299662758
484 217615166796057920253
485 222102077451646743351
486 226672079045302026136
487 231326536520564901416
488 236066834400084673986
489 240894377025853276726
490 245810588801891098700
491 250816914439404155700
492 255914819204432695450
493 261105789168011451950
494 266391331458861886200
495 271772974518636873800
496 277252268359738423675
497 282830784825729136425
498 288510117854358235550
499 294291883743223130050
500 300177721418087592651
501 306169292703877764161
502 312268282598377321216
503 318476399548643271936
504 324795375730163971776
505 331226967328781080128
506 337772954825397307008
507 344435143283491928448
508 351215362639466179008
509 358115467995840760128
510 365137339917327833856
511 372282884729800002816
512 379554034822178909121
513 386952748951266217291
514 394481012549539879106
515 402140838035938711710
516 409934265129658454185
517 417863361166982602235
518 425930221421171455560
519 434136969425432947960
520 442485757298998966190
521 450978766076331000090
522 459618206039479103540
523 468406317053618283340
524 477345368905786571190
525 486437661646849172546
526 495685525936713225256
527 505091323392817840536
528 514657446941924239031
529 524386321175230935421
530 534280402706839066278
531 544342180535593097658
532 554574176410322291223
533 564978945198508450533
534 575559075258405612528
535 586317188814637493136
536 597255942337298640396
537 608378026924585393476
538 619686168688982891496
539 631183129147034522136
540 642871705612720346620
541 654754731594471184820
542 666835077195845191920
543 679115649519893906320
544 691599393077244897245
545 704289290197928289855
546 717188361446974595530
547 730299666043811425430
548 743626302285486816405
549 757171407973747049855
550 770938160845996996216
551 784929779010171170376
552 799149521383543836506
553 813600688135506654526
554 828286621134342514716
555 843210704398024361828
556 858376364549067965458
557 873787071273467749398
558 889446337783744949208
559 905357721286137524328
560 921524823451961408691
561 937951290893172842001
562 954640815642161682606
563 971597135635805762226
564 988824035203816502691
565 1006325345561406175305
566 1024104945306307344480
567 1042166760920175198880
568 1060514767274403635480
569 1079152988140386124680
570 1098085496704252547920
571 1117316416086113363120
572 1136849919863842617720
573 1156690232601431494120
574 1176841630381944237920
575 1197308441345108485536
576 1218095046229572174521
577 1239205878919859387251
578 1260645426998057646546
579 1282418232300269350286
580 1304528891477860201153
581 1326982056563537657283
582 1349782435542292599848
583 1372934792927237584408
584 1396443950340375214278
585 1420314787098330346146
586 1444552240803080010756
587 1469161307937715104636
588 1494147044467268082606
589 1519514566444641055146
590 1545269050621668869640
591 1571415735065351930040
592 1597959919779293685615
593 1624906967330377896165
594 1652262303480720958390
595 1680031417824934756010
596 1708219864432735674735
597 1736833262496935602285
598 1765877296986850913360
599 1795357719307165619760
600 1825280347962285046756
601 1855651069226216578316
602 1886475837818014195896
603 1917760677582823718216
604 1949511682178565832756
605 1981735015768294193628
606 2014436913718266045008
607 2047623683301763014448
608 2081301704408699906133
609 2115477430261059510503
610 2150157388134191633626
611 2185348180084014737286
612 2221056483680158768941
613 2257289052745087949511
614 2294052718099242476376
615 2331354388312238289000
616 2369201050460164235250
617 2407599770889016167750
618 2446557695984307691500
619 2486082052946897476500
620 2526180150575073242250
621 2566859380052932714750
622 2608127215745102051000
623 2649991215997832421000
624 2692459023946515632875
625 2735538368329659883001
626 2779237064309366909886
627 2823563014298352028066
628 2868524208793548716411
629 2914128727216339634001
630 2960384738759456136128
631 3007300503240588563008
632 3054884371962749774448
633 3103144788581434605008
634 3152090289978618116128
635 3201729507143635724256
636 3252071166060988487216
637 3303124088605117034896
638 3354897193442187834816
639 3407399496938935688256
640 3460640114078606558385
641 3514628259384045038235
642 3569373247847970973410
643 3624884495870489962110
644 3681171522203882663385
645 3738243948904718053515
646 3796111502293335980040
647 3854784013920744573240
648 3914271421542978285790
649 3974583770102962542890
650 4035731212719931197396
651 4097724011686443197356
652 4160572539473045086886
653 4224287279740626175506
654 4288878828360513425896
655 4354357894442353325528
656 4420735301369828223783
657 4488021987844254832973
658 4556229008936112809158
659 4625367537144551546778
660 4695448863464923539911
661 4766484398464392882421
662 4838485673365667699376
663 4911464341138905522896
664 4985432177601840847036
665 5060401082528184318420
666 5136383080764343242120
667 5213390323354513305720
668 5291435088674191648620
669 5370529783572161628420
670 5450686944520999861680
671 5531919238776156342480
672 5614239465543658669005
673 5697660557156491635855
674 5782195580259703677930
675 5867857737004291880566
676 5954660366249917500101
677 6042616944776504169231
678 6131741088504771192376
679 6222046553725754567816
680 6313547238339368605578
681 6406257183102061242958
682 6500190572883616393148
683 6595361737933156896708
684 6691785155154401880578
685 6789475449390232564966
686 6888447394716620794776
687 6988715915745974809256
688 7090296088939957001251
689 7193203143931828655841
690 7297452464858376897230
691 7403059591701479312530
692 7510040221639361961555
693 7618410210407606722905
694 7728185573669964168480
695 7839382488399028401120
696 7952017294266830533320
697 8066106495045407728920
698 8181666760017404974320
699 8298714925396766991120
700 8417267995759577948136
701 8537343145485106877496
702 8658957720207116946976
703 8782129238275496988896
704 8906875392228273934761
705 9033214050274065054403
706 9161163257785029148658
707 9290741238800376095598
708 9421966397540494402033
709 9554857319931756664403
710 9689432775142063096296
711 9825711717127183533656
712 9963713286187958583286
713 10103456810538420835506
714 10244961807884897317796
715 10388247987016154622940
716 10533335249404648402590
717 10680243690818939175290
718 10828993602947336656840
719 10979605475032835080440
720 11132099995519402234335
721 11286498053709685205685
722 11442820741434196081110
723 11601089354732041116810
724 11761325395543257154335
725 11923550573412819321981
726 12087786807206384326416
727 12254056226837833904496
728 12422381175008683271316
729 12592784208959419667356
730 12765288102232836375128
731 12939915846449427844008
732 13116690653094911830948
733 13295635955319944734508
734 13476775409752096570128
735 13660132898320152305776
736 13845732530090806549061
737 14033598643117818849591
738 14223755806303697153786
739 14416228821273977223526
740 14611042724264166104925
741 14808222788019418009175
742 15007794523707011243800
743 15209783682841695109800
744 15414216259223975958050
745 15621118490891411876950
746 15830516862082985762700
747 16042438105216626803700
748 16256909202879950691450
749 16473957389834289151950
750 16693610155032079673976
751 16915895243647686593736
752 17140840659121724979291
753 17368474665218959042761
754 17598825788099847093726
755 17831922818405805333378
756 18067794813358263075883
757 18306471098871582271073
758 18547981271679914491008
759 18792355201478068832128
760 19039623033076464474656
761 19289815188570241931616
762 19542962369522607311296
763 19799095559162484209216
764 20058246024596548138656
765 20320445319035718702560
766 20585725284036185004160
767 20854118051755040088960
768 21125656047220600506785
769 21400371990617487379435
770 21678298899586545657090
771 21959470091539678544990
772 22243919185989674381065
773 22531680106895103545115
774 22822787085020363280840
775 23117274660310948613496
776 23415177684284027848206
777 23716531322434401436986
778 24021371056655923306356
779 24329732687678464041996
780 24641652337520495632278
781 24957166451957377778658
782 25276311803005426087848
783 25599125491421842768408
784 25925644949220590762903
785 26255907942204292556061
786 26589952572512235209446
787 26927817281184563484026
788 27269540850742743223671
789 27615162407786377485061
790 27964721425606458212720
791 28318257726815136571920
792 28675811485992095367020
793 29037423232347607288420
794 29403133852402363047720
795 29772984592684153777880
796 30147017062441492393180
797 30525273236374258922580
798 30907795457381455149680
799 31294626439326154212880
800 31685809269817731140541
801 32081387413011460617951
802 32481404712425568605706
803 32885905393775824752726
804 33294934067827762871541
805 33708535733266617068703
806 34126755779585061449208
807 34549639989988841640648
808 34977234544320386710458
809 35409586022000490378078
810 35846741404988150753116
811 36288748080758658160676
812 36735653845300020945906
813 37187506906127819481526
814 37644355885318578934616
815 38106249822561751682280
816 38573238178230400599955
817 39045370836470674781105
818 39522698108310169582830
819 40005270734785263228530
820 40493139890087522536195
821 40986357184729270679145
822 41484974668728410225120
823 41989044834812595039520
824 42498620621642844979320
825 43013755417056697645736
826 43534503061330991806096
827 44060917850464377438576
828 44593054539479647697496
829 45130968345745988441736
830 45674714952321241314528
831 46224350511314276709408
832 46779931647267573304473
833 47341515460560101195283
834 47909159530830606005778
835 48482921920421391706446
836 49062861177842700219681
837 49649036341257786243811
838 50241506941988786079656
839 50840333008043479596696
840 51445575067663044829990
841 52057294152890905053890
842 52675551803162768534340
843 53300410068917961518140
844 53931931515232155374990
845 54570179225471589166410
846 55215216804968889274760
847 55867108384720588085560
848 56525918625106444077135
849 57191712719630666033285
850 57864556398685144457206
851 58544515933334793628266
852 59231658139125108107471
853 59926050379912037862541
854 60627760571714286549456
855 61336857186588137854128
856 62053409256524915165508
857 62777486377371180219948
858 63509158712771776726008
859 64248496998135825349128
860 64995572544625776806676
861 65750457243169630195836
862 66513223568496424049616
863 67283944583195107989936
864 68062693941796903221301
865 68849545894881260483975
866 69644575293205524461850
867 70447857591858414017350
868 71259468854437428003725
869 72079485757250286783975
870 72907985593540519965400
871 73745046277737311239400
872 74590746349729711597650
873 75445164979165332578150
874 76308381969773631577900
875 77180477763713901653076
876 78061533445948078612586
877 78951630748638478596766
878 79850852055570579719736
879 80759280406600961741576
880 81676999502130518125003
881 82604093707603055220633
882 83540648058029393715198
883 84486748262537087868258
884 85442480708945878455003
885 86407932468368995725681
886 87383191299840429086016
887 88368345654968280597696
888 89363484682614319793616
889 90368698233599857699056
890 91384076865438058347360
891 92409711847092806476960
892 93445695163764250495760
893 94492119521701140198960
894 95549078353040079127360
895 96616665820671811855040
896 97694976823134666898065
897 98784106999535276339515
898 99884152734496693670690
899 100995211163134031753790
900 102117380176057743217721
901 103250758424404666005931
902 104395445324896957203336
903 105551541064929038678456
904 106719146607682678486846
905 107898363697270332392778
906 109089294863906870277908
907 110292043429109812618348
908 111506713510928202625158
909 112733410029200240057778
910 113972238710839803135336
911 115223306095151985387096
912 116486719539177774700551
913 117762587223068002243821
914 119051018155486689358086
915 120352122179043920935770
916 121666009975758374221095
917 122992793072549632391445
918 124332583846760412700720
919 125685495531708839389520
920 127051642222270891991580
921 128431138880493160091380
922 129824101341236036014280
923 131230646317847477357880
924 132650891407867471701580
925 134084955098763336260516
926 135532956773695985680176
927 136995016717317301599056
928 138471256121598738038701
929 139961797091691297113391
930 141466762651817009985578
931 142986276751192058427958
932 144520464269981672788773
933 146069451025286942593583
934 147633363777163676454328
935 149212330234673448395016
936 150806479061966968142826
937 152415939884399913373806
938 154040843294681362343676
939 155681320859054965776516
940 157337505123512997327330
941 159009529620043422378630
942 160697528872910125376280
943 162401638404966436355880
944 164121994744002097757955
945 165858735429123813078145
946 167611999017169519347470
947 169381925089156525887570
948 171168654256763662236595
949 172972328168847578593145
950 174793089517993342578336
951 176631082047099476569696
952 178486450555997580315176
953 180359340908106683991096
954 182249900037122477324336
955 184158275953741560856528
956 186084617752420865886408
957 188029075618172390085848
958 189991800833393396245408
959 191972945784732222066528
960 193972663969989849379721
961 195991110005057381631331
962 198028439630889578945586
963 200084809720514600533806
964 202160378286080104688721
965 204255304485935857068915
966 206369748631752998446440
967 208503872195680123559640
968 210657837817536323183190
969 212831809312041341998290
970 215025951676083005317860
971 217240431096022068194460
972 219475414955034640912510
973 221731071840492345341210
974 224007571551380357100360
975 226305085105753488968056
976 228623784748230471436991
977 230963843957526586804821
978 233325437454024813663766
979 235708741207385639135306
980 238113932444195696677503
981 240541189655655387775133
982 242990692605305646306448
983 245462622336794004865008
984 247957161181680122800628
985 250474492767280936230076
986 253014802024555590755736
987 255578275196030318119016
988 258165099843763418504836
989 260775464857350510704076
990 263409560461970212832400
991 266067578226470416796400
992 268749711071495320191525
993 271456153277653379810775
994 274187100493726351438650
995 276942749744919581101350
996 279723299441153713441725
997 282528949385397983385975
998 285359900782045257768600
999 288216356245328994082600
1000 291098519807782284023426
