0 0
1 11
2 19
3 27
4 35
5 43
6 51
7 59
8 67
9 75
10 83
11 91
12 99
13 107
14 115
15 123
16 131
17 139
18 147
19 155
20 163
21 171
22 179
23 187
24 195
25 203
26 211
27 219
28 227
29 235
30 243
31 251
32 259
33 267
34 275
35 283
36 291
37 299
38 307
39 315
40 323
41 331
42 339
43 347
44 355
45 363
46 371
47 379
48 387
49 395
50 403
51 411
52 419
53 427
54 435
55 443
56 451
57 459
58 467
59 475
60 483
61 491
62 499
63 507
64 515
65 523
66 531
67 539
68 547
69 555
70 563
71 571
72 579
73 587
74 595
75 603
76 611
77 619
78 627
79 635
80 643
81 651
82 659
83 667
84 675
85 683
86 691
87 699
88 707
89 715
90 723
91 731
92 739
93 747
94 755
95 763
96 771
97 779
98 787
99 795
100 803
101 811
102 819
103 827
104 835
105 843
106 851
107 859
108 867
109 875
110 883
111 891
112 899
113 907
114 915
115 923
116 931
117 939
118 947
119 955
120 963
121 971
122 979
123 987
124 995
125 1003
126 1011
127 1019
128 1027
129 1035
130 1043
131 1051
132 1059
133 1067
134 1075
135 1083
136 1091
137 1099
138 1107
139 1115
140 1123
141 1131
142 1139
143 1147
144 1155
145 1163
146 1171
147 1179
148 1187
149 1195
150 1203
151 1211
152 1219
153 1227
154 1235
155 1243
156 1251
157 1259
158 1267
159 1275
160 1283
161 1291
162 1299
163 1307
164 1315
165 1323
166 1331
167 1339
168 1347
169 1355
170 1363
171 1371
172 1379
173 1387
174 1395
175 1403
176 1411
177 1419
178 1427
179 1435
180 1443
181 1451
182 1459
183 1467
184 1475
185 1483
186 1491
187 1499
188 1507
189 1515
190 1523
191 1531
192 1539
193 1547
194 1555
195 1563
196 1571
197 1579
198 1587
199 1595
200 1603
201 1611
202 1619
203 1627
204 1635
205 1643
206 1651
207 1659
208 1667
209 1675
210 1683
211 1691
212 1699
213 1707
214 1715
215 1723
216 1731
217 1739
218 1747
219 1755
220 1763
221 1771
222 1779
223 1787
224 1795
225 1803
226 1811
227 1819
228 1827
229 1835
230 1843
231 1851
232 1859
233 1867
234 1875
235 1883
236 1891
237 1899
238 1907
239 1915
240 1923
241 1931
242 1939
243 1947
244 1955
245 1963
246 1971
247 1979
248 1987
249 1995
250 2003
251 2011
252 2019
253 2027
254 2035
255 2043
256 2051
257 2059
258 2067
259 2075
260 2083
261 2091
262 2099
263 2107
264 2115
265 2123
266 2131
267 2139
268 2147
269 2155
270 2163
271 2171
272 2179
273 2187
274 2195
275 2203
276 2211
277 2219
278 2227
279 2235
280 2243
281 2251
282 2259
283 2267
284 2275
285 2283
286 2291
287 2299
288 2307
289 2315
290 2323
291 2331
292 2339
293 2347
294 2355
295 2363
296 2371
297 2379
298 2387
299 2395
300 2403
301 2411
302 2419
303 2427
304 2435
305 2443
306 2451
307 2459
308 2467
309 2475
310 2483
311 2491
312 2499
313 2507
314 2515
315 2523
316 2531
317 2539
318 2547
319 2555
320 2563
321 2571
322 2579
323 2587
324 2595
325 2603
326 2611
327 2619
328 2627
329 2635
330 2643
331 2651
332 2659
333 2667
334 2675
335 2683
336 2691
337 2699
338 2707
339 2715
340 2723
341 2731
342 2739
343 2747
344 2755
345 2763
346 2771
347 2779
348 2787
349 2795
350 2803
351 2811
352 2819
353 2827
354 2835
355 2843
356 2851
357 2859
358 2867
359 2875
360 2883
361 2891
362 2899
363 2907
364 2915
365 2923
366 2931
367 2939
368 2947
369 2955
370 2963
371 2971
372 2979
373 2987
374 2995
375 3003
376 3011
377 3019
378 3027
379 3035
380 3043
381 3051
382 3059
383 3067
384 3075
385 3083
386 3091
387 3099
388 3107
389 3115
390 3123
391 3131
392 3139
393 3147
394 3155
395 3163
396 3171
397 3179
398 3187
399 3195
400 3203
401 3211
402 3219
403 3227
404 3235
405 3243
406 3251
407 3259
408 3267
409 3275
410 3283
411 3291
412 3299
413 3307
414 3315
415 3323
416 3331
417 3339
418 3347
419 3355
420 3363
421 3371
422 3379
423 3387
424 3395
425 3403
426 3411
427 3419
428 3427
429 3435
430 3443
431 3451
432 3459
433 3467
434 3475
435 3483
436 3491
437 3499
438 3507
439 3515
440 3523
441 3531
442 3539
443 3547
444 3555
445 3563
446 3571
447 3579
448 3587
449 3595
450 3603
451 3611
452 3619
453 3627
454 3635
455 3643
456 3651
457 3659
458 3667
459 3675
460 3683
461 3691
462 3699
463 3707
464 3715
465 3723
466 3731
467 3739
468 3747
469 3755
470 3763
471 3771
472 3779
473 3787
474 3795
475 3803
476 3811
477 3819
478 3827
479 3835
480 3843
481 3851
482 3859
483 3867
484 3875
485 3883
486 3891
487 3899
488 3907
489 3915
490 3923
491 3931
492 3939
493 3947
494 3955
495 3963
496 3971
497 3979
498 3987
499 3995
500 4003
501 4011
502 4019
503 4027
504 4035
505 4043
506 4051
507 4059
508 4067
509 4075
510 4083
511 4091
512 4099
513 4107
514 4115
515 4123
516 4131
517 4139
518 4147
519 4155
520 4163
521 4171
522 4179
523 4187
524 4195
525 4203
526 4211
527 4219
528 4227
529 4235
530 4243
531 4251
532 4259
533 4267
534 4275
535 4283
536 4291
537 4299
538 4307
539 4315
540 4323
541 4331
542 4339
543 4347
544 4355
545 4363
546 4371
547 4379
548 4387
549 4395
550 4403
551 4411
552 4419
553 4427
554 4435
555 4443
556 4451
557 4459
558 4467
559 4475
560 4483
561 4491
562 4499
563 4507
564 4515
565 4523
566 4531
567 4539
568 4547
569 4555
570 4563
571 4571
572 4579
573 4587
574 4595
575 4603
576 4611
577 4619
578 4627
579 4635
580 4643
581 4651
582 4659
583 4667
584 4675
585 4683
586 4691
587 4699
588 4707
589 4715
590 4723
591 4731
592 4739
593 4747
594 4755
595 4763
596 4771
597 4779
598 4787
599 4795
600 4803
601 4811
602 4819
603 4827
604 4835
605 4843
606 4851
607 4859
608 4867
609 4875
610 4883
611 4891
612 4899
613 4907
614 4915
615 4923
616 4931
617 4939
618 4947
619 4955
620 4963
621 4971
622 4979
623 4987
624 4995
625 5003
626 5011
627 5019
628 5027
629 5035
630 5043
631 5051
632 5059
633 5067
634 5075
635 5083
636 5091
637 5099
638 5107
639 5115
640 5123
641 5131
642 5139
643 5147
644 5155
645 5163
646 5171
647 5179
648 5187
649 5195
650 5203
651 5211
652 5219
653 5227
654 5235
655 5243
656 5251
657 5259
658 5267
659 5275
660 5283
661 5291
662 5299
663 5307
664 5315
665 5323
666 5331
667 5339
668 5347
669 5355
670 5363
671 5371
672 5379
673 5387
674 5395
675 5403
676 5411
677 5419
678 5427
679 5435
680 5443
681 5451
682 5459
683 5467
684 5475
685 5483
686 5491
687 5499
688 5507
689 5515
690 5523
691 5531
692 5539
693 5547
694 5555
695 5563
696 5571
697 5579
698 5587
699 5595
700 5603
701 5611
702 5619
703 5627
704 5635
705 5643
706 5651
707 5659
708 5667
709 5675
710 5683
711 5691
712 5699
713 5707
714 5715
715 5723
716 5731
717 5739
718 5747
719 5755
720 5763
721 5771
722 5779
723 5787
724 5795
725 5803
726 5811
727 5819
728 5827
729 5835
730 5843
731 5851
732 5859
733 5867
734 5875
735 5883
736 5891
737 5899
738 5907
739 5915
740 5923
741 5931
742 5939
743 5947
744 5955
745 5963
746 5971
747 5979
748 5987
749 5995
750 6003
751 6011
752 6019
753 6027
754 6035
755 6043
756 6051
757 6059
758 6067
759 6075
760 6083
761 6091
762 6099
763 6107
764 6115
765 6123
766 6131
767 6139
768 6147
769 6155
770 6163
771 6171
772 6179
773 6187
774 6195
775 6203
776 6211
777 6219
778 6227
779 6235
780 6243
781 6251
782 6259
783 6267
784 6275
785 6283
786 6291
787 6299
788 6307
789 6315
790 6323
791 6331
792 6339
793 6347
794 6355
795 6363
796 6371
797 6379
798 6387
799 6395
800 6403
801 6411
802 6419
803 6427
804 6435
805 6443
806 6451
807 6459
808 6467
809 6475
810 6483
811 6491
812 6499
813 6507
814 6515
815 6523
816 6531
817 6539
818 6547
819 6555
820 6563
821 6571
822 6579
823 6587
824 6595
825 6603
826 6611
827 6619
828 6627
829 6635
830 6643
831 6651
832 6659
833 6667
834 6675
835 6683
836 6691
837 6699
838 6707
839 6715
840 6723
841 6731
842 6739
843 6747
844 6755
845 6763
846 6771
847 6779
848 6787
849 6795
850 6803
851 6811
852 6819
853 6827
854 6835
855 6843
856 6851
857 6859
858 6867
859 6875
860 6883
861 6891
862 6899
863 6907
864 6915
865 6923
866 6931
867 6939
868 6947
869 6955
870 6963
871 6971
872 6979
873 6987
874 6995
875 7003
876 7011
877 7019
878 7027
879 7035
880 7043
881 7051
882 7059
883 7067
884 7075
885 7083
886 7091
887 7099
888 7107
889 7115
890 7123
891 7131
892 7139
893 7147
894 7155
895 7163
896 7171
897 7179
898 7187
899 7195
900 7203
901 7211
902 7219
903 7227
904 7235
905 7243
906 7251
907 7259
908 7267
909 7275
910 7283
911 7291
912 7299
913 7307
914 7315
915 7323
916 7331
917 7339
918 7347
919 7355
920 7363
921 7371
922 7379
923 7387
924 7395
925 7403
926 7411
927 7419
928 7427
929 7435
930 7443
931 7451
932 7459
933 7467
934 7475
935 7483
936 7491
937 7499
938 7507
939 7515
940 7523
941 7531
942 7539
943 7547
944 7555
945 7563
946 7571
947 7579
948 7587
949 7595
950 7603
951 7611
952 7619
953 7627
954 7635
955 7643
956 7651
957 7659
958 7667
959 7675
960 7683
961 7691
962 7699
963 7707
964 7715
965 7723
966 7731
967 7739
968 7747
969 7755
970 7763
971 7771
972 7779
973 7787
974 7795
975 7803
976 7811
977 7819
978 7827
979 7835
980 7843
981 7851
982 7859
983 7867
984 7875
985 7883
986 7891
987 7899
988 7907
989 7915
990 7923
991 7931
992 7939
993 7947
994 7955
995 7963
996 7971
997 7979
998 7987
999 7995
1000 8003
