0 0
1 4
2 2
3 4
4 2
5 4
6 2
7 4
8 2
9 4
10 2
11 4
12 2
13 4
14 2
15 4
16 2
17 4
18 2
19 4
20 2
21 4
22 2
23 4
24 2
25 4
26 2
27 4
28 2
29 4
30 2
31 4
32 2
33 4
34 2
35 4
36 2
37 4
38 2
39 4
40 2
41 4
42 2
43 4
44 2
45 4
46 2
47 4
48 2
49 4
50 2
51 4
52 2
53 4
54 2
55 4
56 2
57 4
58 2
59 4
60 2
61 4
62 2
63 4
64 2
65 4
66 2
67 4
68 2
69 4
70 2
71 4
72 2
73 4
74 2
75 4
76 2
77 4
78 2
79 4
80 2
81 4
82 2
83 4
84 2
85 4
86 2
87 4
88 2
89 4
90 2
91 4
92 2
93 4
94 2
95 4
96 2
97 4
98 2
99 4
100 2
101 4
102 2
103 4
104 2
105 4
106 2
107 4
108 2
109 4
110 2
111 4
112 2
113 4
114 2
115 4
116 2
117 4
118 2
119 4
120 2
121 4
122 2
123 4
124 2
125 4
126 2
127 4
128 2
129 4
130 2
131 4
132 2
133 4
134 2
135 4
136 2
137 4
138 2
139 4
140 2
141 4
142 2
143 4
144 2
145 4
146 2
147 4
148 2
149 4
150 2
151 4
152 2
153 4
154 2
155 4
156 2
157 4
158 2
159 4
160 2
161 4
162 2
163 4
164 2
165 4
166 2
167 4
168 2
169 4
170 2
171 4
172 2
173 4
174 2
175 4
176 2
177 4
178 2
179 4
180 2
181 4
182 2
183 4
184 2
185 4
186 2
187 4
188 2
189 4
190 2
191 4
192 2
193 4
194 2
195 4
196 2
197 4
198 2
199 4
200 2
201 4
202 2
203 4
204 2
205 4
206 2
207 4
208 2
209 4
210 2
211 4
212 2
213 4
214 2
215 4
216 2
217 4
218 2
219 4
220 2
221 4
222 2
223 4
224 2
225 4
226 2
227 4
228 2
229 4
230 2
231 4
232 2
233 4
234 2
235 4
236 2
237 4
238 2
239 4
240 2
241 4
242 2
243 4
244 2
245 4
246 2
247 4
248 2
249 4
250 2
251 4
252 2
253 4
254 2
255 4
256 2
257 4
258 2
259 4
260 2
261 4
262 2
263 4
264 2
265 4
266 2
267 4
268 2
269 4
270 2
271 4
272 2
273 4
274 2
275 4
276 2
277 4
278 2
279 4
280 2
281 4
282 2
283 4
284 2
285 4
286 2
287 4
288 2
289 4
290 2
291 4
292 2
293 4
294 2
295 4
296 2
297 4
298 2
299 4
300 2
301 4
302 2
303 4
304 2
305 4
306 2
307 4
308 2
309 4
310 2
311 4
312 2
313 4
314 2
315 4
316 2
317 4
318 2
319 4
320 2
321 4
322 2
323 4
324 2
325 4
326 2
327 4
328 2
329 4
330 2
331 4
332 2
333 4
334 2
335 4
336 2
337 4
338 2
339 4
340 2
341 4
342 2
343 4
344 2
345 4
346 2
347 4
348 2
349 4
350 2
351 4
352 2
353 4
354 2
355 4
356 2
357 4
358 2
359 4
360 2
361 4
362 2
363 4
364 2
365 4
366 2
367 4
368 2
369 4
370 2
371 4
372 2
373 4
374 2
375 4
376 2
377 4
378 2
379 4
380 2
381 4
382 2
383 4
384 2
385 4
386 2
387 4
388 2
389 4
390 2
391 4
392 2
393 4
394 2
395 4
396 2
397 4
398 2
399 4
400 2
401 4
402 2
403 4
404 2
405 4
406 2
407 4
408 2
409 4
410 2
411 4
412 2
413 4
414 2
415 4
416 2
417 4
418 2
419 4
420 2
421 4
422 2
423 4
424 2
425 4
426 2
427 4
428 2
429 4
430 2
431 4
432 2
433 4
434 2
435 4
436 2
437 4
438 2
439 4
440 2
441 4
442 2
443 4
444 2
445 4
446 2
447 4
448 2
449 4
450 2
451 4
452 2
453 4
454 2
455 4
456 2
457 4
458 2
459 4
460 2
461 4
462 2
463 4
464 2
465 4
466 2
467 4
468 2
469 4
470 2
471 4
472 2
473 4
474 2
475 4
476 2
477 4
478 2
479 4
480 2
481 4
482 2
483 4
484 2
485 4
486 2
487 4
488 2
489 4
490 2
491 4
492 2
493 4
494 2
495 4
496 2
497 4
498 2
499 4
500 2
501 4
502 2
503 4
504 2
505 4
506 2
507 4
508 2
509 4
510 2
511 4
512 2
513 4
514 2
515 4
516 2
517 4
518 2
519 4
520 2
521 4
522 2
523 4
524 2
525 4
526 2
527 4
528 2
529 4
530 2
531 4
532 2
533 4
534 2
535 4
536 2
537 4
538 2
539 4
540 2
541 4
542 2
543 4
544 2
545 4
546 2
547 4
548 2
549 4
550 2
551 4
552 2
553 4
554 2
555 4
556 2
557 4
558 2
559 4
560 2
561 4
562 2
563 4
564 2
565 4
566 2
567 4
568 2
569 4
570 2
571 4
572 2
573 4
574 2
575 4
576 2
577 4
578 2
579 4
580 2
581 4
582 2
583 4
584 2
585 4
586 2
587 4
588 2
589 4
590 2
591 4
592 2
593 4
594 2
595 4
596 2
597 4
598 2
599 4
600 2
601 4
602 2
603 4
604 2
605 4
606 2
607 4
608 2
609 4
610 2
611 4
612 2
613 4
614 2
615 4
616 2
617 4
618 2
619 4
620 2
621 4
622 2
623 4
624 2
625 4
626 2
627 4
628 2
629 4
630 2
631 4
632 2
633 4
634 2
635 4
636 2
637 4
638 2
639 4
640 2
641 4
642 2
643 4
644 2
645 4
646 2
647 4
648 2
649 4
650 2
651 4
652 2
653 4
654 2
655 4
656 2
657 4
658 2
659 4
660 2
661 4
662 2
663 4
664 2
665 4
666 2
667 4
668 2
669 4
670 2
671 4
672 2
673 4
674 2
675 4
676 2
677 4
678 2
679 4
680 2
681 4
682 2
683 4
684 2
685 4
686 2
687 4
688 2
689 4
690 2
691 4
692 2
693 4
694 2
695 4
696 2
697 4
698 2
699 4
700 2
701 4
702 2
703 4
704 2
705 4
706 2
707 4
708 2
709 4
710 2
711 4
712 2
713 4
714 2
715 4
716 2
717 4
718 2
719 4
720 2
721 4
722 2
723 4
724 2
725 4
726 2
727 4
728 2
729 4
730 2
731 4
732 2
733 4
734 2
735 4
736 2
737 4
738 2
739 4
740 2
741 4
742 2
743 4
744 2
745 4
746 2
747 4
748 2
749 4
750 2
751 4
752 2
753 4
754 2
755 4
756 2
757 4
758 2
759 4
760 2
761 4
762 2
763 4
764 2
765 4
766 2
767 4
768 2
769 4
770 2
771 4
772 2
773 4
774 2
775 4
776 2
777 4
778 2
779 4
780 2
781 4
782 2
783 4
784 2
785 4
786 2
787 4
788 2
789 4
790 2
791 4
792 2
793 4
794 2
795 4
796 2
797 4
798 2
799 4
800 2
801 4
802 2
803 4
804 2
805 4
806 2
807 4
808 2
809 4
810 2
811 4
812 2
813 4
814 2
815 4
816 2
817 4
818 2
819 4
820 2
821 4
822 2
823 4
824 2
825 4
826 2
827 4
828 2
829 4
830 2
831 4
832 2
833 4
834 2
835 4
836 2
837 4
838 2
839 4
840 2
841 4
842 2
843 4
844 2
845 4
846 2
847 4
848 2
849 4
850 2
851 4
852 2
853 4
854 2
855 4
856 2
857 4
858 2
859 4
860 2
861 4
862 2
863 4
864 2
865 4
866 2
867 4
868 2
869 4
870 2
871 4
872 2
873 4
874 2
875 4
876 2
877 4
878 2
879 4
880 2
881 4
882 2
883 4
884 2
885 4
886 2
887 4
888 2
889 4
890 2
891 4
892 2
893 4
894 2
895 4
896 2
897 4
898 2
899 4
900 2
901 4
902 2
903 4
904 2
905 4
906 2
907 4
908 2
909 4
910 2
911 4
912 2
913 4
914 2
915 4
916 2
917 4
918 2
919 4
920 2
921 4
922 2
923 4
924 2
925 4
926 2
927 4
928 2
929 4
930 2
931 4
932 2
933 4
934 2
935 4
936 2
937 4
938 2
939 4
940 2
941 4
942 2
943 4
944 2
945 4
946 2
947 4
948 2
949 4
950 2
951 4
952 2
953 4
954 2
955 4
956 2
957 4
958 2
959 4
960 2
961 4
962 2
963 4
964 2
965 4
966 2
967 4
968 2
969 4
970 2
971 4
972 2
973 4
974 2
975 4
976 2
977 4
978 2
979 4
980 2
981 4
982 2
983 4
984 2
985 4
986 2
987 4
988 2
989 4
990 2
991 4
992 2
993 4
994 2
995 4
996 2
997 4
998 2
999 4
1000 2
