0 0
1 23
2 35
3 47
4 59
5 71
6 83
7 95
8 107
9 119
10 131
11 143
12 155
13 167
14 179
15 191
16 203
17 215
18 227
19 239
20 251
21 263
22 275
23 287
24 299
25 311
26 323
27 335
28 347
29 359
30 371
31 383
32 395
33 407
34 419
35 431
36 443
37 455
38 467
39 479
40 491
41 503
42 515
43 527
44 539
45 551
46 563
47 575
48 587
49 599
50 611
51 623
52 635
53 647
54 659
55 671
56 683
57 695
58 707
59 719
60 731
61 743
62 755
63 767
64 779
65 791
66 803
67 815
68 827
69 839
70 851
71 863
72 875
73 887
74 899
75 911
76 923
77 935
78 947
79 959
80 971
81 983
82 995
83 1007
84 1019
85 1031
86 1043
87 1055
88 1067
89 1079
90 1091
91 1103
92 1115
93 1127
94 1139
95 1151
96 1163
97 1175
98 1187
99 1199
100 1211
101 1223
102 1235
103 1247
104 1259
105 1271
106 1283
107 1295
108 1307
109 1319
110 1331
111 1343
112 1355
113 1367
114 1379
115 1391
116 1403
117 1415
118 1427
119 1439
120 1451
121 1463
122 1475
123 1487
124 1499
125 1511
126 1523
127 1535
128 1547
129 1559
130 1571
131 1583
132 1595
133 1607
134 1619
135 1631
136 1643
137 1655
138 1667
139 1679
140 1691
141 1703
142 1715
143 1727
144 1739
145 1751
146 1763
147 1775
148 1787
149 1799
150 1811
151 1823
152 1835
153 1847
154 1859
155 1871
156 1883
157 1895
158 1907
159 1919
160 1931
161 1943
162 1955
163 1967
164 1979
165 1991
166 2003
167 2015
168 2027
169 2039
170 2051
171 2063
172 2075
173 2087
174 2099
175 2111
176 2123
177 2135
178 2147
179 2159
180 2171
181 2183
182 2195
183 2207
184 2219
185 2231
186 2243
187 2255
188 2267
189 2279
190 2291
191 2303
192 2315
193 2327
194 2339
195 2351
196 2363
197 2375
198 2387
199 2399
200 2411
201 2423
202 2435
203 2447
204 2459
205 2471
206 2483
207 2495
208 2507
209 2519
210 2531
211 2543
212 2555
213 2567
214 2579
215 2591
216 2603
217 2615
218 2627
219 2639
220 2651
221 2663
222 2675
223 2687
224 2699
225 2711
226 2723
227 2735
228 2747
229 2759
230 2771
231 2783
232 2795
233 2807
234 2819
235 2831
236 2843
237 2855
238 2867
239 2879
240 2891
241 2903
242 2915
243 2927
244 2939
245 2951
246 2963
247 2975
248 2987
249 2999
250 3011
251 3023
252 3035
253 3047
254 3059
255 3071
256 3083
257 3095
258 3107
259 3119
260 3131
261 3143
262 3155
263 3167
264 3179
265 3191
266 3203
267 3215
268 3227
269 3239
270 3251
271 3263
272 3275
273 3287
274 3299
275 3311
276 3323
277 3335
278 3347
279 3359
280 3371
281 3383
282 3395
283 3407
284 3419
285 3431
286 3443
287 3455
288 3467
289 3479
290 3491
291 3503
292 3515
293 3527
294 3539
295 3551
296 3563
297 3575
298 3587
299 3599
300 3611
301 3623
302 3635
303 3647
304 3659
305 3671
306 3683
307 3695
308 3707
309 3719
310 3731
311 3743
312 3755
313 3767
314 3779
315 3791
316 3803
317 3815
318 3827
319 3839
320 3851
321 3863
322 3875
323 3887
324 3899
325 3911
326 3923
327 3935
328 3947
329 3959
330 3971
331 3983
332 3995
333 4007
334 4019
335 4031
336 4043
337 4055
338 4067
339 4079
340 4091
341 4103
342 4115
343 4127
344 4139
345 4151
346 4163
347 4175
348 4187
349 4199
350 4211
351 4223
352 4235
353 4247
354 4259
355 4271
356 4283
357 4295
358 4307
359 4319
360 4331
361 4343
362 4355
363 4367
364 4379
365 4391
366 4403
367 4415
368 4427
369 4439
370 4451
371 4463
372 4475
373 4487
374 4499
375 4511
376 4523
377 4535
378 4547
379 4559
380 4571
381 4583
382 4595
383 4607
384 4619
385 4631
386 4643
387 4655
388 4667
389 4679
390 4691
391 4703
392 4715
393 4727
394 4739
395 4751
396 4763
397 4775
398 4787
399 4799
400 4811
401 4823
402 4835
403 4847
404 4859
405 4871
406 4883
407 4895
408 4907
409 4919
410 4931
411 4943
412 4955
413 4967
414 4979
415 4991
416 5003
417 5015
418 5027
419 5039
420 5051
421 5063
422 5075
423 5087
424 5099
425 5111
426 5123
427 5135
428 5147
429 5159
430 5171
431 5183
432 5195
433 5207
434 5219
435 5231
436 5243
437 5255
438 5267
439 5279
440 5291
441 5303
442 5315
443 5327
444 5339
445 5351
446 5363
447 5375
448 5387
449 5399
450 5411
451 5423
452 5435
453 5447
454 5459
455 5471
456 5483
457 5495
458 5507
459 5519
460 5531
461 5543
462 5555
463 5567
464 5579
465 5591
466 5603
467 5615
468 5627
469 5639
470 5651
471 5663
472 5675
473 5687
474 5699
475 5711
476 5723
477 5735
478 5747
479 5759
480 5771
481 5783
482 5795
483 5807
484 5819
485 5831
486 5843
487 5855
488 5867
489 5879
490 5891
491 5903
492 5915
493 5927
494 5939
495 5951
496 5963
497 5975
498 5987
499 5999
500 6011
501 6023
502 6035
503 6047
504 6059
505 6071
506 6083
507 6095
508 6107
509 6119
510 6131
511 6143
512 6155
513 6167
514 6179
515 6191
516 6203
517 6215
518 6227
519 6239
520 6251
521 6263
522 6275
523 6287
524 6299
525 6311
526 6323
527 6335
528 6347
529 6359
530 6371
531 6383
532 6395
533 6407
534 6419
535 6431
536 6443
537 6455
538 6467
539 6479
540 6491
541 6503
542 6515
543 6527
544 6539
545 6551
546 6563
547 6575
548 6587
549 6599
550 6611
551 6623
552 6635
553 6647
554 6659
555 6671
556 6683
557 6695
558 6707
559 6719
560 6731
561 6743
562 6755
563 6767
564 6779
565 6791
566 6803
567 6815
568 6827
569 6839
570 6851
571 6863
572 6875
573 6887
574 6899
575 6911
576 6923
577 6935
578 6947
579 6959
580 6971
581 6983
582 6995
583 7007
584 7019
585 7031
586 7043
587 7055
588 7067
589 7079
590 7091
591 7103
592 7115
593 7127
594 7139
595 7151
596 7163
597 7175
598 7187
599 7199
600 7211
601 7223
602 7235
603 7247
604 7259
605 7271
606 7283
607 7295
608 7307
609 7319
610 7331
611 7343
612 7355
613 7367
614 7379
615 7391
616 7403
617 7415
618 7427
619 7439
620 7451
621 7463
622 7475
623 7487
624 7499
625 7511
626 7523
627 7535
628 7547
629 7559
630 7571
631 7583
632 7595
633 7607
634 7619
635 7631
636 7643
637 7655
638 7667
639 7679
640 7691
641 7703
642 7715
643 7727
644 7739
645 7751
646 7763
647 7775
648 7787
649 7799
650 7811
651 7823
652 7835
653 7847
654 7859
655 7871
656 7883
657 7895
658 7907
659 7919
660 7931
661 7943
662 7955
663 7967
664 7979
665 7991
666 8003
667 8015
668 8027
669 8039
670 8051
671 8063
672 8075
673 8087
674 8099
675 8111
676 8123
677 8135
678 8147
679 8159
680 8171
681 8183
682 8195
683 8207
684 8219
685 8231
686 8243
687 8255
688 8267
689 8279
690 8291
691 8303
692 8315
693 8327
694 8339
695 8351
696 8363
697 8375
698 8387
699 8399
700 8411
701 8423
702 8435
703 8447
704 8459
705 8471
706 8483
707 8495
708 8507
709 8519
710 8531
711 8543
712 8555
713 8567
714 8579
715 8591
716 8603
717 8615
718 8627
719 8639
720 8651
721 8663
722 8675
723 8687
724 8699
725 8711
726 8723
727 8735
728 8747
729 8759
730 8771
731 8783
732 8795
733 8807
734 8819
735 8831
736 8843
737 8855
738 8867
739 8879
740 8891
741 8903
742 8915
743 8927
744 8939
745 8951
746 8963
747 8975
748 8987
749 8999
750 9011
751 9023
752 9035
753 9047
754 9059
755 9071
756 9083
757 9095
758 9107
759 9119
760 9131
761 9143
762 9155
763 9167
764 9179
765 9191
766 9203
767 9215
768 9227
769 9239
770 9251
771 9263
772 9275
773 9287
774 9299
775 9311
776 9323
777 9335
778 9347
779 9359
780 9371
781 9383
782 9395
783 9407
784 9419
785 9431
786 9443
787 9455
788 9467
789 9479
790 9491
791 9503
792 9515
793 9527
794 9539
795 9551
796 9563
797 9575
798 9587
799 9599
800 9611
801 9623
802 9635
803 9647
804 9659
805 9671
806 9683
807 9695
808 9707
809 9719
810 9731
811 9743
812 9755
813 9767
814 9779
815 9791
816 9803
817 9815
818 9827
819 9839
820 9851
821 9863
822 9875
823 9887
824 9899
825 9911
826 9923
827 9935
828 9947
829 9959
830 9971
831 9983
832 9995
833 10007
834 10019
835 10031
836 10043
837 10055
838 10067
839 10079
840 10091
841 10103
842 10115
843 10127
844 10139
845 10151
846 10163
847 10175
848 10187
849 10199
850 10211
851 10223
852 10235
853 10247
854 10259
855 10271
856 10283
857 10295
858 10307
859 10319
860 10331
861 10343
862 10355
863 10367
864 10379
865 10391
866 10403
867 10415
868 10427
869 10439
870 10451
871 10463
872 10475
873 10487
874 10499
875 10511
876 10523
877 10535
878 10547
879 10559
880 10571
881 10583
882 10595
883 10607
884 10619
885 10631
886 10643
887 10655
888 10667
889 10679
890 10691
891 10703
892 10715
893 10727
894 10739
895 10751
896 10763
897 10775
898 10787
899 10799
900 10811
901 10823
902 10835
903 10847
904 10859
905 10871
906 10883
907 10895
908 10907
909 10919
910 10931
911 10943
912 10955
913 10967
914 10979
915 10991
916 11003
917 11015
918 11027
919 11039
920 11051
921 11063
922 11075
923 11087
924 11099
925 11111
926 11123
927 11135
928 11147
929 11159
930 11171
931 11183
932 11195
933 11207
934 11219
935 11231
936 11243
937 11255
938 11267
939 11279
940 11291
941 11303
942 11315
943 11327
944 11339
945 11351
946 11363
947 11375
948 11387
949 11399
950 11411
951 11423
952 11435
953 11447
954 11459
955 11471
956 11483
957 11495
958 11507
959 11519
960 11531
961 11543
962 11555
963 11567
964 11579
965 11591
966 11603
967 11615
968 11627
969 11639
970 11651
971 11663
972 11675
973 11687
974 11699
975 11711
976 11723
977 11735
978 11747
979 11759
980 11771
981 11783
982 11795
983 11807
984 11819
985 11831
986 11843
987 11855
988 11867
989 11879
990 11891
991 11903
992 11915
993 11927
994 11939
995 11951
996 11963
997 11975
998 11987
999 11999
1000 12011
