0 2
1 5
2 9
3 14
4 20
5 27
6 35
7 44
8 54
9 65
10 77
11 90
12 104
13 119
14 135
15 152
16 170
17 189
18 209
19 230
20 252
21 275
22 299
23 324
24 350
25 377
26 405
27 434
28 464
29 495
30 527
31 560
32 594
33 629
34 665
35 702
36 740
37 779
38 819
39 860
40 902
41 945
42 989
43 1034
44 1080
45 1127
46 1175
47 1224
48 1274
49 1325
50 1377
51 1430
52 1484
53 1539
54 1595
55 1652
56 1710
57 1769
58 1829
59 1890
60 1952
61 2015
62 2079
63 2144
64 2210
65 2277
66 2345
67 2414
68 2484
69 2555
70 2627
71 2700
72 2774
73 2849
74 2925
75 3002
76 3080
77 3159
78 3239
79 3320
80 3402
81 3485
82 3569
83 3654
84 3740
85 3827
86 3915
87 4004
88 4094
89 4185
90 4277
91 4370
92 4464
93 4559
94 4655
95 4752
96 4850
97 4949
98 5049
99 5150
100 5252
101 5355
102 5459
103 5564
104 5670
105 5777
106 5885
107 5994
108 6104
109 6215
110 6327
111 6440
112 6554
113 6669
114 6785
115 6902
116 7020
117 7139
118 7259
119 7380
120 7502
121 7625
122 7749
123 7874
124 8000
125 8127
126 8255
127 8384
128 8514
129 8645
130 8777
131 8910
132 9044
133 9179
134 9315
135 9452
136 9590
137 9729
138 9869
139 10010
140 10152
141 10295
142 10439
143 10584
144 10730
145 10877
146 11025
147 11174
148 11324
149 11475
150 11627
151 11780
152 11934
153 12089
154 12245
155 12402
156 12560
157 12719
158 12879
159 13040
160 13202
161 13365
162 13529
163 13694
164 13860
165 14027
166 14195
167 14364
168 14534
169 14705
170 14877
171 15050
172 15224
173 15399
174 15575
175 15752
176 15930
177 16109
178 16289
179 16470
180 16652
181 16835
182 17019
183 17204
184 17390
185 17577
186 17765
187 17954
188 18144
189 18335
190 18527
191 18720
192 18914
193 19109
194 19305
195 19502
196 19700
197 19899
198 20099
199 20300
200 20502
201 20705
202 20909
203 21114
204 21320
205 21527
206 21735
207 21944
208 22154
209 22365
210 22577
211 22790
212 23004
213 23219
214 23435
215 23652
216 23870
217 24089
218 24309
219 24530
220 24752
221 24975
222 25199
223 25424
224 25650
225 25877
226 26105
227 26334
228 26564
229 26795
230 27027
231 27260
232 27494
233 27729
234 27965
235 28202
236 28440
237 28679
238 28919
239 29160
240 29402
241 29645
242 29889
243 30134
244 30380
245 30627
246 30875
247 31124
248 31374
249 31625
250 31877
251 32130
252 32384
253 32639
254 32895
255 33152
256 33410
257 33669
258 33929
259 34190
260 34452
261 34715
262 34979
263 35244
264 35510
265 35777
266 36045
267 36314
268 36584
269 36855
270 37127
271 37400
272 37674
273 37949
274 38225
275 38502
276 38780
277 39059
278 39339
279 39620
280 39902
281 40185
282 40469
283 40754
284 41040
285 41327
286 41615
287 41904
288 42194
289 42485
290 42777
291 43070
292 43364
293 43659
294 43955
295 44252
296 44550
297 44849
298 45149
299 45450
300 45752
301 46055
302 46359
303 46664
304 46970
305 47277
306 47585
307 47894
308 48204
309 48515
310 48827
311 49140
312 49454
313 49769
314 50085
315 50402
316 50720
317 51039
318 51359
319 51680
320 52002
321 52325
322 52649
323 52974
324 53300
325 53627
326 53955
327 54284
328 54614
329 54945
330 55277
331 55610
332 55944
333 56279
334 56615
335 56952
336 57290
337 57629
338 57969
339 58310
340 58652
341 58995
342 59339
343 59684
344 60030
345 60377
346 60725
347 61074
348 61424
349 61775
350 62127
351 62480
352 62834
353 63189
354 63545
355 63902
356 64260
357 64619
358 64979
359 65340
360 65702
361 66065
362 66429
363 66794
364 67160
365 67527
366 67895
367 68264
368 68634
369 69005
370 69377
371 69750
372 70124
373 70499
374 70875
375 71252
376 71630
377 72009
378 72389
379 72770
380 73152
381 73535
382 73919
383 74304
384 74690
385 75077
386 75465
387 75854
388 76244
389 76635
390 77027
391 77420
392 77814
393 78209
394 78605
395 79002
396 79400
397 79799
398 80199
399 80600
400 81002
401 81405
402 81809
403 82214
404 82620
405 83027
406 83435
407 83844
408 84254
409 84665
410 85077
411 85490
412 85904
413 86319
414 86735
415 87152
416 87570
417 87989
418 88409
419 88830
420 89252
421 89675
422 90099
423 90524
424 90950
425 91377
426 91805
427 92234
428 92664
429 93095
430 93527
431 93960
432 94394
433 94829
434 95265
435 95702
436 96140
437 96579
438 97019
439 97460
440 97902
441 98345
442 98789
443 99234
444 99680
445 100127
446 100575
447 101024
448 101474
449 101925
450 102377
451 102830
452 103284
453 103739
454 104195
455 104652
456 105110
457 105569
458 106029
459 106490
460 106952
461 107415
462 107879
463 108344
464 108810
465 109277
466 109745
467 110214
468 110684
469 111155
470 111627
471 112100
472 112574
473 113049
474 113525
475 114002
476 114480
477 114959
478 115439
479 115920
480 116402
481 116885
482 117369
483 117854
484 118340
485 118827
486 119315
487 119804
488 120294
489 120785
490 121277
491 121770
492 122264
493 122759
494 123255
495 123752
496 124250
497 124749
498 125249
499 125750
500 126252
501 126755
502 127259
503 127764
504 128270
505 128777
506 129285
507 129794
508 130304
509 130815
510 131327
511 131840
512 132354
513 132869
514 133385
515 133902
516 134420
517 134939
518 135459
519 135980
520 136502
521 137025
522 137549
523 138074
524 138600
525 139127
526 139655
527 140184
528 140714
529 141245
530 141777
531 142310
532 142844
533 143379
534 143915
535 144452
536 144990
537 145529
538 146069
539 146610
540 147152
541 147695
542 148239
543 148784
544 149330
545 149877
546 150425
547 150974
548 151524
549 152075
550 152627
551 153180
552 153734
553 154289
554 154845
555 155402
556 155960
557 156519
558 157079
559 157640
560 158202
561 158765
562 159329
563 159894
564 160460
565 161027
566 161595
567 162164
568 162734
569 163305
570 163877
571 164450
572 165024
573 165599
574 166175
575 166752
576 167330
577 167909
578 168489
579 169070
580 169652
581 170235
582 170819
583 171404
584 171990
585 172577
586 173165
587 173754
588 174344
589 174935
590 175527
591 176120
592 176714
593 177309
594 177905
595 178502
596 179100
597 179699
598 180299
599 180900
600 181502
601 182105
602 182709
603 183314
604 183920
605 184527
606 185135
607 185744
608 186354
609 186965
610 187577
611 188190
612 188804
613 189419
614 190035
615 190652
616 191270
617 191889
618 192509
619 193130
620 193752
621 194375
622 194999
623 195624
624 196250
625 196877
626 197505
627 198134
628 198764
629 199395
630 200027
631 200660
632 201294
633 201929
634 202565
635 203202
636 203840
637 204479
638 205119
639 205760
640 206402
641 207045
642 207689
643 208334
644 208980
645 209627
646 210275
647 210924
648 211574
649 212225
650 212877
651 213530
652 214184
653 214839
654 215495
655 216152
656 216810
657 217469
658 218129
659 218790
660 219452
661 220115
662 220779
663 221444
664 222110
665 222777
666 223445
667 224114
668 224784
669 225455
670 226127
671 226800
672 227474
673 228149
674 228825
675 229502
676 230180
677 230859
678 231539
679 232220
680 232902
681 233585
682 234269
683 234954
684 235640
685 236327
686 237015
687 237704
688 238394
689 239085
690 239777
691 240470
692 241164
693 241859
694 242555
695 243252
696 243950
697 244649
698 245349
699 246050
700 246752
701 247455
702 248159
703 248864
704 249570
705 250277
706 250985
707 251694
708 252404
709 253115
710 253827
711 254540
712 255254
713 255969
714 256685
715 257402
716 258120
717 258839
718 259559
719 260280
720 261002
721 261725
722 262449
723 263174
724 263900
725 264627
726 265355
727 266084
728 266814
729 267545
730 268277
731 269010
732 269744
733 270479
734 271215
735 271952
736 272690
737 273429
738 274169
739 274910
740 275652
741 276395
742 277139
743 277884
744 278630
745 279377
746 280125
747 280874
748 281624
749 282375
750 283127
751 283880
752 284634
753 285389
754 286145
755 286902
756 287660
757 288419
758 289179
759 289940
760 290702
761 291465
762 292229
763 292994
764 293760
765 294527
766 295295
767 296064
768 296834
769 297605
770 298377
771 299150
772 299924
773 300699
774 301475
775 302252
776 303030
777 303809
778 304589
779 305370
780 306152
781 306935
782 307719
783 308504
784 309290
785 310077
786 310865
787 311654
788 312444
789 313235
790 314027
791 314820
792 315614
793 316409
794 317205
795 318002
796 318800
797 319599
798 320399
799 321200
800 322002
801 322805
802 323609
803 324414
804 325220
805 326027
806 326835
807 327644
808 328454
809 329265
810 330077
811 330890
812 331704
813 332519
814 333335
815 334152
816 334970
817 335789
818 336609
819 337430
820 338252
821 339075
822 339899
823 340724
824 341550
825 342377
826 343205
827 344034
828 344864
829 345695
830 346527
831 347360
832 348194
833 349029
834 349865
835 350702
836 351540
837 352379
838 353219
839 354060
840 354902
841 355745
842 356589
843 357434
844 358280
845 359127
846 359975
847 360824
848 361674
849 362525
850 363377
851 364230
852 365084
853 365939
854 366795
855 367652
856 368510
857 369369
858 370229
859 371090
860 371952
861 372815
862 373679
863 374544
864 375410
865 376277
866 377145
867 378014
868 378884
869 379755
870 380627
871 381500
872 382374
873 383249
874 384125
875 385002
876 385880
877 386759
878 387639
879 388520
880 389402
881 390285
882 391169
883 392054
884 392940
885 393827
886 394715
887 395604
888 396494
889 397385
890 398277
891 399170
892 400064
893 400959
894 401855
895 402752
896 403650
897 404549
898 405449
899 406350
900 407252
901 408155
902 409059
903 409964
904 410870
905 411777
906 412685
907 413594
908 414504
909 415415
910 416327
911 417240
912 418154
913 419069
914 419985
915 420902
916 421820
917 422739
918 423659
919 424580
920 425502
921 426425
922 427349
923 428274
924 429200
925 430127
926 431055
927 431984
928 432914
929 433845
930 434777
931 435710
932 436644
933 437579
934 438515
935 439452
936 440390
937 441329
938 442269
939 443210
940 444152
941 445095
942 446039
943 446984
944 447930
945 448877
946 449825
947 450774
948 451724
949 452675
950 453627
951 454580
952 455534
953 456489
954 457445
955 458402
956 459360
957 460319
958 461279
959 462240
960 463202
961 464165
962 465129
963 466094
964 467060
965 468027
966 468995
967 469964
968 470934
969 471905
970 472877
971 473850
972 474824
973 475799
974 476775
975 477752
976 478730
977 479709
978 480689
979 481670
980 482652
981 483635
982 484619
983 485604
984 486590
985 487577
986 488565
987 489554
988 490544
989 491535
990 492527
991 493520
992 494514
993 495509
994 496505
995 497502
996 498500
997 499499
998 500499
999 501500
1000 502502
