0 2
1 3
2 5
3 6
4 8
5 9
6 11
7 12
8 14
9 15
10 17
11 18
12 20
13 21
14 23
15 24
16 26
17 27
18 29
19 30
20 32
21 33
22 35
23 36
24 38
25 39
26 41
27 42
28 44
29 45
30 47
31 48
32 50
33 51
34 53
35 54
36 56
37 57
38 59
39 60
40 62
41 63
42 65
43 66
44 68
45 69
46 71
47 72
48 74
49 75
50 77
51 78
52 80
53 81
54 83
55 84
56 86
57 87
58 89
59 90
60 92
61 93
62 95
63 96
64 98
65 99
66 101
67 102
68 104
69 105
70 107
71 108
72 110
73 111
74 113
75 114
76 116
77 117
78 119
79 120
80 122
81 123
82 125
83 126
84 128
85 129
86 131
87 132
88 134
89 135
90 137
91 138
92 140
93 141
94 143
95 144
96 146
97 147
98 149
99 150
100 152
101 153
102 155
103 156
104 158
105 159
106 161
107 162
108 164
109 165
110 167
111 168
112 170
113 171
114 173
115 174
116 176
117 177
118 179
119 180
120 182
121 183
122 185
123 186
124 188
125 189
126 191
127 192
128 194
129 195
130 197
131 198
132 200
133 201
134 203
135 204
136 206
137 207
138 209
139 210
140 212
141 213
142 215
143 216
144 218
145 219
146 221
147 222
148 224
149 225
150 227
151 228
152 230
153 231
154 233
155 234
156 236
157 237
158 239
159 240
160 242
161 243
162 245
163 246
164 248
165 249
166 251
167 252
168 254
169 255
170 257
171 258
172 260
173 261
174 263
175 264
176 266
177 267
178 269
179 270
180 272
181 273
182 275
183 276
184 278
185 279
186 281
187 282
188 284
189 285
190 287
191 288
192 290
193 291
194 293
195 294
196 296
197 297
198 299
199 300
200 302
201 303
202 305
203 306
204 308
205 309
206 311
207 312
208 314
209 315
210 317
211 318
212 320
213 321
214 323
215 324
216 326
217 327
218 329
219 330
220 332
221 333
222 335
223 336
224 338
225 339
226 341
227 342
228 344
229 345
230 347
231 348
232 350
233 351
234 353
235 354
236 356
237 357
238 359
239 360
240 362
241 363
242 365
243 366
244 368
245 369
246 371
247 372
248 374
249 375
250 377
251 378
252 380
253 381
254 383
255 384
256 386
257 387
258 389
259 390
260 392
261 393
262 395
263 396
264 398
265 399
266 401
267 402
268 404
269 405
270 407
271 408
272 410
273 411
274 413
275 414
276 416
277 417
278 419
279 420
280 422
281 423
282 425
283 426
284 428
285 429
286 431
287 432
288 434
289 435
290 437
291 438
292 440
293 441
294 443
295 444
296 446
297 447
298 449
299 450
300 452
301 453
302 455
303 456
304 458
305 459
306 461
307 462
308 464
309 465
310 467
311 468
312 470
313 471
314 473
315 474
316 476
317 477
318 479
319 480
320 482
321 483
322 485
323 486
324 488
325 489
326 491
327 492
328 494
329 495
330 497
331 498
332 500
333 501
334 503
335 504
336 506
337 507
338 509
339 510
340 512
341 513
342 515
343 516
344 518
345 519
346 521
347 522
348 524
349 525
350 527
351 528
352 530
353 531
354 533
355 534
356 536
357 537
358 539
359 540
360 542
361 543
362 545
363 546
364 548
365 549
366 551
367 552
368 554
369 555
370 557
371 558
372 560
373 561
374 563
375 564
376 566
377 567
378 569
379 570
380 572
381 573
382 575
383 576
384 578
385 579
386 581
387 582
388 584
389 585
390 587
391 588
392 590
393 591
394 593
395 594
396 596
397 597
398 599
399 600
400 602
401 603
402 605
403 606
404 608
405 609
406 611
407 612
408 614
409 615
410 617
411 618
412 620
413 621
414 623
415 624
416 626
417 627
418 629
419 630
420 632
421 633
422 635
423 636
424 638
425 639
426 641
427 642
428 644
429 645
430 647
431 648
432 650
433 651
434 653
435 654
436 656
437 657
438 659
439 660
440 662
441 663
442 665
443 666
444 668
445 669
446 671
447 672
448 674
449 675
450 677
451 678
452 680
453 681
454 683
455 684
456 686
457 687
458 689
459 690
460 692
461 693
462 695
463 696
464 698
465 699
466 701
467 702
468 704
469 705
470 707
471 708
472 710
473 711
474 713
475 714
476 716
477 717
478 719
479 720
480 722
481 723
482 725
483 726
484 728
485 729
486 731
487 732
488 734
489 735
490 737
491 738
492 740
493 741
494 743
495 744
496 746
497 747
498 749
499 750
500 752
501 753
502 755
503 756
504 758
505 759
506 761
507 762
508 764
509 765
510 767
511 768
512 770
513 771
514 773
515 774
516 776
517 777
518 779
519 780
520 782
521 783
522 785
523 786
524 788
525 789
526 791
527 792
528 794
529 795
530 797
531 798
532 800
533 801
534 803
535 804
536 806
537 807
538 809
539 810
540 812
541 813
542 815
543 816
544 818
545 819
546 821
547 822
548 824
549 825
550 827
551 828
552 830
553 831
554 833
555 834
556 836
557 837
558 839
559 840
560 842
561 843
562 845
563 846
564 848
565 849
566 851
567 852
568 854
569 855
570 857
571 858
572 860
573 861
574 863
575 864
576 866
577 867
578 869
579 870
580 872
581 873
582 875
583 876
584 878
585 879
586 881
587 882
588 884
589 885
590 887
591 888
592 890
593 891
594 893
595 894
596 896
597 897
598 899
599 900
600 902
601 903
602 905
603 906
604 908
605 909
606 911
607 912
608 914
609 915
610 917
611 918
612 920
613 921
614 923
615 924
616 926
617 927
618 929
619 930
620 932
621 933
622 935
623 936
624 938
625 939
626 941
627 942
628 944
629 945
630 947
631 948
632 950
633 951
634 953
635 954
636 956
637 957
638 959
639 960
640 962
641 963
642 965
643 966
644 968
645 969
646 971
647 972
648 974
649 975
650 977
651 978
652 980
653 981
654 983
655 984
656 986
657 987
658 989
659 990
660 992
661 993
662 995
663 996
664 998
665 999
666 1001
667 1002
668 1004
669 1005
670 1007
671 1008
672 1010
673 1011
674 1013
675 1014
676 1016
677 1017
678 1019
679 1020
680 1022
681 1023
682 1025
683 1026
684 1028
685 1029
686 1031
687 1032
688 1034
689 1035
690 1037
691 1038
692 1040
693 1041
694 1043
695 1044
696 1046
697 1047
698 1049
699 1050
700 1052
701 1053
702 1055
703 1056
704 1058
705 1059
706 1061
707 1062
708 1064
709 1065
710 1067
711 1068
712 1070
713 1071
714 1073
715 1074
716 1076
717 1077
718 1079
719 1080
720 1082
721 1083
722 1085
723 1086
724 1088
725 1089
726 1091
727 1092
728 1094
729 1095
730 1097
731 1098
732 1100
733 1101
734 1103
735 1104
736 1106
737 1107
738 1109
739 1110
740 1112
741 1113
742 1115
743 1116
744 1118
745 1119
746 1121
747 1122
748 1124
749 1125
750 1127
751 1128
752 1130
753 1131
754 1133
755 1134
756 1136
757 1137
758 1139
759 1140
760 1142
761 1143
762 1145
763 1146
764 1148
765 1149
766 1151
767 1152
768 1154
769 1155
770 1157
771 1158
772 1160
773 1161
774 1163
775 1164
776 1166
777 1167
778 1169
779 1170
780 1172
781 1173
782 1175
783 1176
784 1178
785 1179
786 1181
787 1182
788 1184
789 1185
790 1187
791 1188
792 1190
793 1191
794 1193
795 1194
796 1196
797 1197
798 1199
799 1200
800 1202
801 1203
802 1205
803 1206
804 1208
805 1209
806 1211
807 1212
808 1214
809 1215
810 1217
811 1218
812 1220
813 1221
814 1223
815 1224
816 1226
817 1227
818 1229
819 1230
820 1232
821 1233
822 1235
823 1236
824 1238
825 1239
826 1241
827 1242
828 1244
829 1245
830 1247
831 1248
832 1250
833 1251
834 1253
835 1254
836 1256
837 1257
838 1259
839 1260
840 1262
841 1263
842 1265
843 1266
844 1268
845 1269
846 1271
847 1272
848 1274
849 1275
850 1277
851 1278
852 1280
853 1281
854 1283
855 1284
856 1286
857 1287
858 1289
859 1290
860 1292
861 1293
862 1295
863 1296
864 1298
865 1299
866 1301
867 1302
868 1304
869 1305
870 1307
871 1308
872 1310
873 1311
874 1313
875 1314
876 1316
877 1317
878 1319
879 1320
880 1322
881 1323
882 1325
883 1326
884 1328
885 1329
886 1331
887 1332
888 1334
889 1335
890 1337
891 1338
892 1340
893 1341
894 1343
895 1344
896 1346
897 1347
898 1349
899 1350
900 1352
901 1353
902 1355
903 1356
904 1358
905 1359
906 1361
907 1362
908 1364
909 1365
910 1367
911 1368
912 1370
913 1371
914 1373
915 1374
916 1376
917 1377
918 1379
919 1380
920 1382
921 1383
922 1385
923 1386
924 1388
925 1389
926 1391
927 1392
928 1394
929 1395
930 1397
931 1398
932 1400
933 1401
934 1403
935 1404
936 1406
937 1407
938 1409
939 1410
940 1412
941 1413
942 1415
943 1416
944 1418
945 1419
946 1421
947 1422
948 1424
949 1425
950 1427
951 1428
952 1430
953 1431
954 1433
955 1434
956 1436
957 1437
958 1439
959 1440
960 1442
961 1443
962 1445
963 1446
964 1448
965 1449
966 1451
967 1452
968 1454
969 1455
970 1457
971 1458
972 1460
973 1461
974 1463
975 1464
976 1466
977 1467
978 1469
979 1470
980 1472
981 1473
982 1475
983 1476
984 1478
985 1479
986 1481
987 1482
988 1484
989 1485
990 1487
991 1488
992 1490
993 1491
994 1493
995 1494
996 1496
997 1497
998 1499
999 1500
1000 1502
